time,range_raw,copol_raw,time,range_raw,crosspol_raw,time,weather_inside_temperature,time,weather_outside_temperature,time,weather_inside_humidity,time,weather_outside_humidity,time,weather_wind_speed,time,weather_wind_direction,time,weather_barometric_pressure,time,weather_dew_point,time,weather_rain_rate,time,elevation_angle,time,azimuth_angle,time,copol_background,time,crosspol_background,time,telescope_temperature,time,detector_temperature,time,laser_temperature,time,date_yyyyMMdd,time,time_hhmmss,time,year,time,month,time,day,time,hour,time,minute,time,second,time,aod_age_secs,time,latitude,time,longitude,time,altitude,time,laser_energy,time,syncpulse,time,range_raw,copol_snr,time,range_raw,crosspol_snr,time,aeronet_aod,time,sda_aod_totals,time,sda_aod_fines,time,sda_aod_coarses,time,sda_ae_totals,time,sda_ae_fines,time,sda_dae_totals,time,sda_dae_fines,time,range_nrb,copol_nrb,time,range_nrb,crosspol_nrb,time,range_radiometer,radiometer_temperature,time,range_radiometer,radiometer_vaporDensity,time,range_radiometer,radiometer_liquid,time,range_radiometer,radiometer_relativeHumidity,time,number_of_clouds,number_of_cloud_outlines,clouds,time,number_of_clouds,pbls,time,range_vbp,extinction_coefficient,time,range_vbp,mass_concentration,time,range_vbp,VBP,time,range_nrb,depolarization_ratio,time,range_nrb,particle_type,time,number_of_particle_type,particle_type_mapping,time,lidar_ratio,time,aod
142.0,0.029979246,21.20281,142.0,0.029979246,17.283148,142.0,26.759256,142.0,26.055555,142.0,25.0,142.0,89.0,142.0,1.2517121,142.0,178.33333,142.0,967.8933,142.0,24.099781,142.0,0.0,142.0,0.0,142.0,0.0,142.0,0.19488934,142.0,0.195634,142.0,22.239998,142.0,22.595556,142.0,22.332222,142.0,20240521,142.0,000000,142.0,2024.0,142.0,5.0,142.0,21.0,142.0,0.0,142.0,0.0,142.0,0.0,142.0,-1.0,142.0,-999.0,142.0,-999.0,142.0,-999.0,142.0,4.0099998,142.0,2500.0,142.0,0.029979246,3982.4365,142.0,0.029979246,3196.538,142.0,,142.0,,142.0,,142.0,,142.0,,142.0,,142.0,,142.0,,142.0,0.11991698,0.15602838,142.0,0.11991698,0.006341408,,,,,,,,,,,,,142.0,0.0,0.0,1.1092321,142.0,0.0,1.468983,142.0,0.11991698,0.053413145,142.0,0.11991698,27.735018,142.0,0.11991698,0.0017804384,142.0,0.11991698,0.039011337,142.0,0.11991698,5.0,142.0,0.0,WaterCloud,142.0,30.0,142.0,
142.0,0.05995849,7.198022,142.0,0.05995849,0.8610888,,,,,,,,,,,,,,,,,,,,,,,,,,,,,,,,,,,,,,,,,,,,,,,,,,,,,,,,,,,,,142.0,0.05995849,1327.0466,142.0,0.05995849,124.313286,,,,,,,,,,,,,,,,,142.0,0.14989623,0.14471316,142.0,0.14989623,0.0060024452,,,,,,,,,,,,,142.0,0.0,1.0,1.4090246,142.0,1.0,,142.0,0.14989623,0.046828106,142.0,0.14989623,27.706045,142.0,0.14989623,0.0015609368,142.0,0.14989623,0.039801843,142.0,0.14989623,5.0,142.0,1.0,MixedCloud,,,,
142.0,0.08993774,6.393351,142.0,0.08993774,0.6390302,,,,,,,,,,,,,,,,,,,,,,,,,,,,,,,,,,,,,,,,,,,,,,,,,,,,,,,,,,,,,142.0,0.08993774,1174.6362,142.0,0.08993774,82.856224,,,,,,,,,,,,,,,,,142.0,0.17987548,0.1369927,142.0,0.17987548,0.0056613563,,,,,,,,,,,,,142.0,0.0,2.0,1.6488585,142.0,2.0,,142.0,0.17987548,0.042323872,142.0,0.17987548,27.686224,142.0,0.17987548,0.0014107958,142.0,0.17987548,0.039679985,142.0,0.17987548,5.0,142.0,2.0,Ice/dust/ash,,,,
142.0,0.11991698,5.7043433,142.0,0.11991698,0.52808267,,,,,,,,,,,,,,,,,,,,,,,,,,,,,,,,,,,,,,,,,,,,,,,,,,,,,,,,,,,,,142.0,0.11991698,1043.587,142.0,0.11991698,62.19492,,,,,,,,,,,,,,,,,142.0,0.20985472,0.12992758,142.0,0.20985472,0.005359228,,,,,,,,,,,,,142.0,1.0,0.0,,142.0,3.0,,142.0,0.20985472,0.038126633,142.0,0.20985472,27.667757,142.0,0.20985472,0.0012708878,142.0,0.20985472,0.039612547,142.0,0.20985472,5.0,142.0,3.0,Rain/Dust,,,,
142.0,0.14989623,5.086286,142.0,0.14989623,0.46038973,,,,,,,,,,,,,,,,,,,,,,,,,,,,,,,,,,,,,,,,,,,,,,,,,,,,,,,,,,,,,142.0,0.14989623,926.7994,142.0,0.14989623,49.440876,,,,,,,,,,,,,,,,,142.0,0.23983397,0.12533301,142.0,0.23983397,0.0051115365,,,,,,,,,,,,,142.0,1.0,1.0,,142.0,4.0,,142.0,0.23983397,0.035515986,142.0,0.23983397,27.656271,142.0,0.23983397,0.0011838662,142.0,0.23983397,0.039185345,142.0,0.23983397,5.0,142.0,4.0,Molecular,,,,
142.0,0.17987548,4.626967,142.0,0.17987548,0.415737,,,,,,,,,,,,,,,,,,,,,,,,,,,,,,,,,,,,,,,,,,,,,,,,,,,,,,,,,,,,,142.0,0.17987548,840.10516,142.0,0.17987548,41.107506,,,,,,,,,,,,,,,,,142.0,0.2698132,0.123277515,142.0,0.2698132,0.004967684,,,,,,,,,,,,,142.0,1.0,2.0,,142.0,5.0,,142.0,0.2698132,0.03454052,142.0,0.2698132,27.651978,142.0,0.2698132,0.0011513506,142.0,0.2698132,0.038729016,142.0,0.2698132,5.0,142.0,5.0,CleanAerosol,,,,
142.0,0.20985472,4.207407,142.0,0.20985472,0.3849918,,,,,,,,,,,,,,,,,,,,,,,,,,,,,,,,,,,,,,,,,,,,,,,,,,,,,,,,,,,,,142.0,0.20985472,760.6581,142.0,0.20985472,35.392693,,,,,,,,,,,,,,,,,142.0,0.29979247,0.12192827,142.0,0.29979247,0.00501505,,,,,,,,,,,,,142.0,2.0,0.0,,142.0,6.0,,142.0,0.29979247,0.03409378,142.0,0.29979247,27.650013,142.0,0.29979247,0.0011364593,142.0,0.29979247,0.039503742,142.0,0.29979247,5.0,142.0,6.0,PollutedAerosol,,,,
142.0,0.23983397,3.8780453,142.0,0.23983397,0.3621895,,,,,,,,,,,,,,,,,,,,,,,,,,,,,,,,,,,,,,,,,,,,,,,,,,,,,,,,,,,,,142.0,0.23983397,698.35956,142.0,0.23983397,31.07151,,,,,,,,,,,,,,,,,142.0,0.3297717,0.1192707,142.0,0.3297717,0.004583381,,,,,,,,,,,,,142.0,2.0,1.0,,142.0,7.0,,142.0,0.3297717,0.03273462,142.0,0.3297717,27.644032,142.0,0.3297717,0.001091154,142.0,0.3297717,0.037011094,142.0,0.3297717,5.0,142.0,7.0,Undetected,,,,
142.0,0.2698132,3.5749218,142.0,0.2698132,0.34362638,,,,,,,,,,,,,,,,,,,,,,,,,,,,,,,,,,,,,,,,,,,,,,,,,,,,,,,,,,,,,142.0,0.2698132,640.96216,142.0,0.2698132,27.742464,,,,,,,,,,,,,,,,,142.0,0.35975096,0.118139215,142.0,0.35975096,0.0043776124,,,,,,,,,,,,,142.0,2.0,2.0,,142.0,8.0,,142.0,0.35975096,0.03230314,142.0,0.35975096,27.642136,142.0,0.35975096,0.0010767714,142.0,0.35975096,0.035705384,142.0,0.35975096,5.0,,,,,,,
142.0,0.29979247,3.2995539,142.0,0.29979247,0.332426,,,,,,,,,,,,,,,,,,,,,,,,,,,,,,,,,,,,,,,,,,,,,,,,,,,,,,,,,,,,,142.0,0.29979247,588.29443,142.0,0.29979247,25.638134,,,,,,,,,,,,,,,,,142.0,0.3897302,0.11858557,142.0,0.3897302,0.004220137,,,,,,,,,,,,,142.0,3.0,0.0,,142.0,9.0,,142.0,0.3897302,0.032974828,142.0,0.3897302,27.645088,142.0,0.3897302,0.001099161,142.0,0.3897302,0.034362067,142.0,0.3897302,5.0,,,,,,,
142.0,0.3297717,2.9796965,142.0,0.3297717,0.3099063,,,,,,,,,,,,,,,,,,,,,,,,,,,,,,,,,,,,,,,,,,,,,,,,,,,,,,,,,,,,,142.0,0.3297717,527.72375,142.0,0.3297717,21.393425,,,,,,,,,,,,,,,,,142.0,0.41970944,0.12253017,142.0,0.41970944,0.004360004,,,,,,,,,,,,,142.0,3.0,1.0,,,,,142.0,0.41970944,0.035776153,142.0,0.41970944,27.657417,142.0,0.41970944,0.0011925385,142.0,0.41970944,0.034357406,142.0,0.41970944,5.0,,,,,,,
142.0,0.35975096,2.6828947,142.0,0.35975096,0.29406515,,,,,,,,,,,,,,,,,,,,,,,,,,,,,,,,,,,,,,,,,,,,,,,,,,,,,,,,,,,,,142.0,0.35975096,471.7348,142.0,0.35975096,18.393442,,,,,,,,,,,,,,,,,142.0,0.4496887,0.12679453,142.0,0.4496887,0.0046660355,,,,,,,,,,,,,142.0,3.0,2.0,,,,,142.0,0.4496887,0.038991205,142.0,0.4496887,27.671562,142.0,0.4496887,0.0012997069,142.0,0.4496887,0.035498586,142.0,0.4496887,5.0,,,,,,,
142.0,0.3897302,2.453726,142.0,0.3897302,0.28179383,,,,,,,,,,,,,,,,,,,,,,,,,,,,,,,,,,,,,,,,,,,,,,,,,,,,,,,,,,,,,142.0,0.3897302,428.10248,142.0,0.3897302,16.136602,,,,,,,,,,,,,,,,,142.0,0.47966793,0.12831753,142.0,0.47966793,0.004269193,,,,,,,,,,,,,142.0,4.0,0.0,,,,,142.0,0.47966793,0.040393695,142.0,0.47966793,27.677732,142.0,0.47966793,0.0013464564,142.0,0.47966793,0.03218836,142.0,0.47966793,5.0,,,,,,,
142.0,0.41970944,2.3006246,142.0,0.41970944,0.2756061,,,,,,,,,,,,,,,,,,,,,,,,,,,,,,,,,,,,,,,,,,,,,,,,,,,,,,,,,,,,,142.0,0.41970944,399.08847,142.0,0.41970944,14.931622,,,,,,,,,,,,,,,,,142.0,0.5096472,0.13223556,142.0,0.5096472,0.0043833707,,,,,,,,,,,,,142.0,4.0,1.0,,,,,142.0,0.5096472,0.043464895,142.0,0.5096472,27.691246,142.0,0.5096472,0.0014488299,142.0,0.5096472,0.0320464,142.0,0.5096472,5.0,,,,,,,
142.0,0.44968867,2.148059,142.0,0.44968867,0.27237839,,,,,,,,,,,,,,,,,,,,,,,,,,,,,,,,,,,,,,,,,,,,,,,,,,,,,,,,,,,,,142.0,0.44968867,370.2328,142.0,0.44968867,14.402568,,,,,,,,,,,,,,,,,142.0,0.5396264,0.1363355,142.0,0.5396264,0.0045806807,,,,,,,,,,,,,142.0,4.0,2.0,,,,,142.0,0.5396264,0.046643727,142.0,0.5396264,27.705233,142.0,0.5396264,0.0015547909,142.0,0.5396264,0.032475844,142.0,0.5396264,5.0,,,,,,,
142.0,0.47966793,1.9770936,142.0,0.47966793,0.25936338,,,,,,,,,,,,,,,,,,,,,,,,,,,,,,,,,,,,,,,,,,,,,,,,,,,,,,,,,,,,,142.0,0.47966793,337.8521,142.0,0.47966793,11.857376,,,,,,,,,,,,,,,,,142.0,0.56960565,0.13870083,142.0,0.56960565,0.0043474752,,,,,,,,,,,,,142.0,5.0,0.0,,,,,142.0,0.56960565,0.048622783,142.0,0.56960565,27.713938,142.0,0.56960565,0.0016207595,142.0,0.56960565,0.030390415,142.0,0.56960565,5.0,,,,,,,
142.0,0.5096472,1.8407408,142.0,0.5096472,0.2544846,,,,,,,,,,,,,,,,,,,,,,,,,,,,,,,,,,,,,,,,,,,,,,,,,,,,,,,,,,,,,142.0,0.5096472,311.9986,142.0,0.5096472,10.960103,,,,,,,,,,,,,,,,,142.0,0.59958494,0.14082687,142.0,0.59958494,0.0047094114,,,,,,,,,,,,,142.0,5.0,1.0,,,,,142.0,0.59958494,0.050542243,142.0,0.59958494,27.722387,142.0,0.59958494,0.0016847415,142.0,0.59958494,0.032366764,142.0,0.59958494,5.0,,,,,,,
142.0,0.5396264,1.7236056,142.0,0.5396264,0.25113788,,,,,,,,,,,,,,,,,,,,,,,,,,,,,,,,,,,,,,,,,,,,,,,,,,,,,,,,,,,,,142.0,0.5396264,289.74664,142.0,0.5396264,10.333736,,,,,,,,,,,,,,,,,142.0,0.62956417,0.14334434,142.0,0.62956417,0.004178646,,,,,,,,,,,,,142.0,5.0,2.0,,,,,142.0,0.62956417,0.052611664,142.0,0.62956417,27.731491,142.0,0.62956417,0.001753722,142.0,0.62956417,0.02833607,142.0,0.62956417,5.0,,,,,,,
142.0,0.56960565,1.6068274,142.0,0.56960565,0.2436561,,,,,,,,,,,,,,,,,,,,,,,,,,,,,,,,,,,,,,,,,,,,,,,,,,,,,,,,,,,,,142.0,0.56960565,267.6236,142.0,0.56960565,8.951371,,,,,,,,,,,,,,,,,142.0,0.6595434,0.14709547,142.0,0.6595434,0.004670683,,,,,,,,,,,,,142.0,6.0,0.0,,,,,142.0,0.6595434,0.055811968,142.0,0.6595434,27.745571,142.0,0.6595434,0.001860399,142.0,0.6595434,0.03075751,142.0,0.6595434,5.0,,,,,,,
142.0,0.59958494,1.4984679,142.0,0.59958494,0.2430314,,,,,,,,,,,,,,,,,,,,,,,,,,,,,,,,,,,,,,,,,,,,,,,,,,,,,,,,,,,,,142.0,0.59958494,247.02574,142.0,0.59958494,8.864946,,,,,,,,,,,,,,,,,142.0,0.6895227,0.15104544,142.0,0.6895227,0.0051836353,,,,,,,,,,,,,142.0,6.0,1.0,,,,,142.0,0.6895227,0.05894379,142.0,0.6895227,27.759352,142.0,0.6895227,0.0019647933,142.0,0.6895227,0.030958904,142.0,0.6895227,5.0,,,,,,,
142.0,0.62956417,1.4051167,142.0,0.62956417,0.23458277,,,,,,,,,,,,,,,,,,,,,,,,,,,,,,,,,,,,,,,,,,,,,,,,,,,,,,,,,,,,,142.0,0.62956417,229.44427,142.0,0.62956417,7.3232107,,,,,,,,,,,,,,,,,142.0,0.7195019,0.15355575,142.0,0.7195019,0.004674632,,,,,,,,,,,,,142.0,6.0,2.0,,,,,142.0,0.7195019,0.06127201,142.0,0.7195019,27.769596,142.0,0.7195019,0.0020424004,142.0,0.7195019,0.024774916,142.0,0.7195019,5.0,,,,,,,
142.0,0.6595434,1.3383609,142.0,0.6595434,0.23549011,,,,,,,,,,,,,,,,,,,,,,,,,,,,,,,,,,,,,,,,,,,,,,,,,,,,,,,,,,,,,142.0,0.6595434,216.88618,142.0,0.6595434,7.4002023,,,,,,,,,,,,,,,,,142.0,0.74948114,0.15761742,142.0,0.74948114,0.004865372,,,,,,,,,,,,,142.0,7.0,0.0,,,,,142.0,0.74948114,0.06449202,142.0,0.74948114,27.783764,142.0,0.74948114,0.0021497342,142.0,0.74948114,0.024908883,142.0,0.74948114,5.0,,,,,,,
142.0,0.6895226,1.2759631,142.0,0.6895226,0.23621896,,,,,,,,,,,,,,,,,,,,,,,,,,,,,,,,,,,,,,,,,,,,,,,,,,,,,,,,,,,,,142.0,0.6895226,204.96503,142.0,0.6895226,7.636768,,,,,,,,,,,,,,,,,142.0,0.7794604,0.15521947,142.0,0.7794604,0.0048919665,,,,,,,,,,,,,142.0,7.0,1.0,,,,,142.0,0.7794604,0.06375771,142.0,0.7794604,27.780535,142.0,0.7794604,0.002125257,142.0,0.7794604,0.022099504,142.0,0.7794604,5.0,,,,,,,
142.0,0.7195019,1.2096832,142.0,0.7195019,0.22976351,,,,,,,,,,,,,,,,,,,,,,,,,,,,,,,,,,,,,,,,,,,,,,,,,,,,,,,,,,,,,142.0,0.7195019,192.42062,142.0,0.7195019,6.364833,,,,,,,,,,,,,,,,,142.0,0.80943966,0.14705934,142.0,0.80943966,0.0051365886,,,,,,,,,,,,,142.0,7.0,2.0,,,,,142.0,0.80943966,0.05862103,142.0,0.80943966,27.75793,142.0,0.80943966,0.0019540344,142.0,0.80943966,0.024996692,142.0,0.80943966,5.0,,,,,,,
142.0,0.74948114,1.1568049,142.0,0.74948114,0.22855867,,,,,,,,,,,,,,,,,,,,,,,,,,,,,,,,,,,,,,,,,,,,,,,,,,,,,,,,,,,,,142.0,0.74948114,182.32835,142.0,0.74948114,6.1674976,,,,,,,,,,,,,,,,,142.0,0.8394189,0.14635542,142.0,0.8394189,0.0045553455,,,,,,,,,,,,,142.0,8.0,0.0,,,,,142.0,0.8394189,0.05882339,142.0,0.8394189,27.758823,142.0,0.8394189,0.00196078,142.0,0.8394189,0.008335572,142.0,0.8394189,4.0,,,,,,,
142.0,0.7794604,1.0796967,142.0,0.7794604,0.22671427,,,,,,,,,,,,,,,,,,,,,,,,,,,,,,,,,,,,,,,,,,,,,,,,,,,,,,,,,,,,,142.0,0.7794604,167.57487,142.0,0.7794604,5.8364196,,,,,,,,,,,,,,,,,142.0,0.8693981,0.1477361,142.0,0.8693981,0.0043197963,,,,,,,,,,,,,142.0,8.0,1.0,,,,,142.0,0.8693981,0.060371287,142.0,0.8693981,27.765633,142.0,0.8693981,0.002012376,142.0,0.8693981,1.0000001e-07,142.0,0.8693981,7.0,,,,,,,
142.0,0.80943966,0.98219544,142.0,0.80943966,0.22617878,,,,,,,,,,,,,,,,,,,,,,,,,,,,,,,,,,,,,,,,,,,,,,,,,,,,,,,,,,,,,142.0,0.80943966,149.06552,142.0,0.80943966,5.6669865,,,,,,,,,,,,,,,,,142.0,0.8993774,0.14727843,142.0,0.8993774,0.0040035266,,,,,,,,,,,,,142.0,8.0,2.0,,,,,142.0,0.8993774,0.0604523,142.0,0.8993774,27.765993,142.0,0.8993774,0.0020150766,142.0,0.8993774,1.0000001e-07,142.0,0.8993774,7.0,,,,,,,
142.0,0.8394189,0.92753243,142.0,0.8394189,0.22134462,,,,,,,,,,,,,,,,,,,,,,,,,,,,,,,,,,,,,,,,,,,,,,,,,,,,,,,,,,,,,142.0,0.8394189,138.78497,142.0,0.8394189,4.7949877,,,,,,,,,,,,,,,,,142.0,0.92935663,0.14901452,142.0,0.92935663,0.004400881,,,,,,,,,,,,,142.0,9.0,0.0,,,,,142.0,0.92935663,0.06293221,142.0,0.92935663,27.776901,142.0,0.92935663,0.0020977403,142.0,0.92935663,1.0000001e-07,142.0,0.92935663,7.0,,,,,,,
142.0,0.8693981,0.89086723,142.0,0.8693981,0.21886063,,,,,,,,,,,,,,,,,,,,,,,,,,,,,,,,,,,,,,,,,,,,,,,,,,,,,,,,,,,,,142.0,0.8693981,131.89154,142.0,0.8693981,4.3284626,,,,,,,,,,,,,,,,,142.0,0.95933586,0.14868599,142.0,0.95933586,0.0037478656,,,,,,,,,,,,,142.0,9.0,1.0,,,,,142.0,0.95933586,0.06291465,142.0,0.95933586,27.776825,142.0,0.95933586,0.002097155,142.0,0.95933586,0.00500503,142.0,0.95933586,4.0,,,,,,,
142.0,0.89937735,0.8429272,142.0,0.89937735,0.21603449,,,,,,,,,,,,,,,,,,,,,,,,,,,,,,,,,,,,,,,,,,,,,,,,,,,,,,,,,,,,,142.0,0.89937735,122.805626,142.0,0.89937735,3.8243115,,,,,,,,,,,,,,,,,142.0,0.98931515,0.1503576,142.0,0.98931515,0.0047814986,,,,,,,,,,,,,142.0,9.0,2.0,,,,,142.0,0.98931515,0.06479638,142.0,0.98931515,27.785105,142.0,0.98931515,0.0021598795,142.0,0.98931515,1.0000001e-07,142.0,0.98931515,7.0,,,,,,,
142.0,0.92935663,0.8121671,142.0,0.92935663,0.2166741,,,,,,,,,,,,,,,,,,,,,,,,,,,,,,,,,,,,,,,,,,,,,,,,,,,,,,,,,,,,,142.0,0.92935663,116.94718,142.0,0.92935663,3.9344287,,,,,,,,,,,,,,,,,142.0,1.0192944,0.15368947,142.0,1.0192944,0.0047215084,,,,,,,,,,,,,,,,,,,,142.0,1.0192944,0.06778428,142.0,1.0192944,27.798252,142.0,1.0192944,0.0022594759,142.0,1.0192944,1.0000001e-07,142.0,1.0192944,7.0,,,,,,,
142.0,0.95933586,0.777272,142.0,0.95933586,0.2129704,,,,,,,,,,,,,,,,,,,,,,,,,,,,,,,,,,,,,,,,,,,,,,,,,,,,,,,,,,,,,142.0,0.95933586,110.436905,142.0,0.95933586,3.247176,,,,,,,,,,,,,,,,,142.0,1.0492736,0.15312856,142.0,1.0492736,0.0036703295,,,,,,,,,,,,,,,,,,,,142.0,1.0492736,0.068138205,142.0,1.0492736,27.79981,142.0,1.0492736,0.0022712734,142.0,1.0492736,1.0000001e-07,142.0,1.0492736,7.0,,,,,,,
142.0,0.9893151,0.7490406,142.0,0.9893151,0.21585602,,,,,,,,,,,,,,,,,,,,,,,,,,,,,,,,,,,,,,,,,,,,,,,,,,,,,,,,,,,,,142.0,0.9893151,105.11355,142.0,0.9893151,3.8090925,,,,,,,,,,,,,,,,,142.0,1.0792528,0.15265886,142.0,1.0792528,0.004878464,,,,,,,,,,,,,,,,,,,,142.0,1.0792528,0.06848556,142.0,1.0792528,27.801336,142.0,1.0792528,0.002282852,142.0,1.0792528,1.0000001e-07,142.0,1.0792528,7.0,,,,,,,
142.0,1.0192944,0.7348357,142.0,1.0192944,0.21462144,,,,,,,,,,,,,,,,,,,,,,,,,,,,,,,,,,,,,,,,,,,,,,,,,,,,,,,,,,,,,142.0,1.0192944,102.35764,142.0,1.0192944,3.5869353,,,,,,,,,,,,,,,,,142.0,1.1092321,0.15149829,142.0,1.1092321,0.0046466724,,,,,,,,,,,,,,,,,,,,142.0,1.1092321,0.06873015,142.0,1.1092321,27.802414,142.0,1.1092321,0.0022910053,142.0,1.1092321,1.0000001e-07,142.0,1.1092321,7.0,,,,,,,
142.0,1.0492736,0.7063067,142.0,1.0492736,0.2103674,,,,,,,,,,,,,,,,,,,,,,,,,,,,,,,,,,,,,,,,,,,,,,,,,,,,,,,,,,,,,142.0,1.0492736,96.88917,142.0,1.0492736,2.725342,,,,,,,,,,,,,,,,,142.0,1.1392113,0.15414421,142.0,1.1392113,0.004131689,,,,,,,,,,,,,,,,,,,,142.0,1.1392113,0.07077349,142.0,1.1392113,27.811405,142.0,1.1392113,0.002359116,142.0,1.1392113,1.0000001e-07,142.0,1.1392113,7.0,,,,,,,
142.0,1.0792528,0.676558,142.0,1.0792528,0.21349101,,,,,,,,,,,,,,,,,,,,,,,,,,,,,,,,,,,,,,,,,,,,,,,,,,,,,,,,,,,,,142.0,1.0792528,91.24833,142.0,1.0792528,3.3231246,,,,,,,,,,,,,,,,,142.0,1.1691906,0.15781187,142.0,1.1691906,0.00464998,,,,,,,,,,,,,,,,,,,,142.0,1.1691906,0.07448221,142.0,1.1691906,27.82772,142.0,1.1691906,0.0024827402,142.0,1.1691906,1.0000001e-07,142.0,1.1691906,7.0,,,,,,,
142.0,1.1092321,0.6508701,142.0,1.1092321,0.21197382,,,,,,,,,,,,,,,,,,,,,,,,,,,,,,,,,,,,,,,,,,,,,,,,,,,,,,,,,,,,,142.0,1.1092321,86.469536,142.0,1.1092321,3.0752962,,,,,,,,,,,,,,,,,142.0,1.1991699,0.16504027,142.0,1.1991699,0.004589882,,,,,,,,,,,,,,,,,,,,142.0,1.1991699,0.08016815,142.0,1.1991699,27.852737,142.0,1.1991699,0.0026722716,142.0,1.1991699,1.0000001e-07,142.0,1.1991699,7.0,,,,,,,
142.0,1.1392113,0.63584715,142.0,1.1392113,0.2098468,,,,,,,,,,,,,,,,,,,,,,,,,,,,,,,,,,,,,,,,,,,,,,,,,,,,,,,,,,,,,142.0,1.1392113,83.53623,142.0,1.1392113,2.687811,,,,,,,,,,,,,,,,,142.0,1.2291491,0.18469153,142.0,1.2291491,0.0056118467,,,,,,,,,,,,,,,,,,,,142.0,1.2291491,0.09532791,142.0,1.2291491,27.919443,142.0,1.2291491,0.003177597,142.0,1.2291491,1.0000001e-07,142.0,1.2291491,7.0,,,,,,,
142.0,1.1691905,0.62397736,142.0,1.1691905,0.21050125,,,,,,,,,,,,,,,,,,,,,,,,,,,,,,,,,,,,,,,,,,,,,,,,,,,,,,,,,,,,,142.0,1.1691905,81.408424,142.0,1.1691905,2.7637122,,,,,,,,,,,,,,,,,142.0,1.2591283,0.21259359,142.0,1.2591283,0.0074261525,,,,,,,,,,,,,,,,,,,,142.0,1.2591283,0.11673767,142.0,1.2591283,28.013647,142.0,1.2591283,0.0038912562,142.0,1.2591283,1.0000001e-07,142.0,1.2591283,7.0,,,,,,,
142.0,1.1991699,0.62544996,142.0,1.1991699,0.20968318,,,,,,,,,,,,,,,,,,,,,,,,,,,,,,,,,,,,,,,,,,,,,,,,,,,,,,,,,,,,,142.0,1.1991699,81.704056,142.0,1.1991699,2.6309903,,,,,,,,,,,,,,,,,142.0,1.2891076,0.25124732,142.0,1.2891076,0.0071606818,,,,,,,,,,,,,,,,,,,,142.0,1.2891076,0.14882666,142.0,1.2891076,28.154839,142.0,1.2891076,0.004960889,142.0,1.2891076,1.0000001e-07,142.0,1.2891076,7.0,,,,,,,
142.0,1.2291491,0.6508701,142.0,1.2291491,0.21158709,,,,,,,,,,,,,,,,,,,,,,,,,,,,,,,,,,,,,,,,,,,,,,,,,,,,,,,,,,,,,142.0,1.2291491,86.72675,142.0,1.2291491,2.986638,,,,,,,,,,,,,,,,,142.0,1.3190868,0.31786475,142.0,1.3190868,0.00759815,,,,,,,,,,,,,,,,,,,,142.0,1.3190868,0.20179865,142.0,1.3190868,28.387915,142.0,1.3190868,0.006726622,142.0,1.3190868,1.0000001e-07,142.0,1.3190868,7.0,,,,,,,
142.0,1.2591283,0.69991076,142.0,1.2591283,0.21538004,,,,,,,,,,,,,,,,,,,,,,,,,,,,,,,,,,,,,,,,,,,,,,,,,,,,,,,,,,,,,142.0,1.2591283,95.92445,142.0,1.2591283,3.7269058,,,,,,,,,,,,,,,,,142.0,1.349066,0.6231163,142.0,1.349066,0.013679978,,,,,,,,,,,,,,,,,,,,142.0,1.349066,0.4342974,142.0,1.349066,29.41091,142.0,1.349066,0.014476581,142.0,1.349066,0.0073162937,142.0,1.349066,0.0,,,,,,,
142.0,1.2891076,0.76552135,142.0,1.2891076,0.21389261,,,,,,,,,,,,,,,,,,,,,,,,,,,,,,,,,,,,,,,,,,,,,,,,,,,,,,,,,,,,,142.0,1.2891076,108.21253,142.0,1.2891076,3.4180837,,,,,,,,,,,,,,,,,142.0,1.3790454,5.032009,142.0,1.3790454,0.096688956,,,,,,,,,,,,,,,,,,,,142.0,1.3790454,4.4771934,142.0,1.3790454,47.199654,142.0,1.3790454,0.1492398,142.0,1.3790454,0.018311974,142.0,1.3790454,0.0,,,,,,,
142.0,1.3190868,0.8848431,142.0,1.3190868,0.21424958,,,,,,,,,,,,,,,,,,,,,,,,,,,,,,,,,,,,,,,,,,,,,,,,,,,,,,,,,,,,,142.0,1.3190868,131.25429,142.0,1.3190868,3.483488,,,,,,,,,,,,,,,,,142.0,1.4090246,8.488147,142.0,1.4090246,0.26478556,,,,,,,,,,,,,,,,,,,,142.0,1.4090246,16.729069,142.0,1.4090246,101.107895,142.0,1.4090246,0.55763555,142.0,1.4090246,0.027368417,142.0,1.4090246,0.0,,,,,,,
142.0,1.349066,1.4911945,142.0,1.349066,0.22600028,,,,,,,,,,,,,,,,,,,,,,,,,,,,,,,,,,,,,,,,,,,,,,,,,,,,,,,,,,,,,142.0,1.349066,250.57726,142.0,1.349066,5.7469926,,,,,,,,,,,,,,,,,142.0,1.4390038,4.958499,142.0,1.4390038,0.117198534,,,,,,,,,,,,,,,,,,,,142.0,1.4390038,9.055839,142.0,1.4390038,67.345695,142.0,1.4390038,0.3018613,142.0,1.4390038,0.022310127,142.0,1.4390038,0.0,,,,,,,
142.0,1.3790452,10.262725,142.0,1.3790452,0.3909118,,,,,,,,,,,,,,,,,,,,,,,,,,,,,,,,,,,,,,,,,,,,,,,,,,,,,,,,,,,,,142.0,1.3790452,1874.8784,142.0,1.3790452,36.108734,,,,,,,,,,,,,,,,,142.0,1.468983,1.8649821,142.0,1.468983,0.041369528,,,,,,,,,,,,,,,,,,,,142.0,1.468983,-3.9338214,142.0,1.468983,10.191184,142.0,1.468983,-0.1311274,142.0,1.468983,0.009925315,142.0,1.468983,0.0,,,,,,,
142.0,1.4090246,16.482447,142.0,1.4090246,0.70502746,,,,,,,,,,,,,,,,,,,,,,,,,,,,,,,,,,,,,,,,,,,,,,,,,,,,,,,,,,,,,142.0,1.4090246,3031.2249,142.0,1.4090246,93.41116,,,,,,,,,,,,,,,,,142.0,1.4989623,1.1860102,142.0,1.4989623,0.020915445,,,,,,,,,,,,,,,,,,,,142.0,1.4989623,3.0667856,142.0,1.4989623,40.993855,142.0,1.4989623,0.10222618,142.0,1.4989623,0.0065605086,142.0,1.4989623,0.0,,,,,,,
142.0,1.4390038,9.363826,142.0,1.4390038,0.4141752,,,,,,,,,,,,,,,,,,,,,,,,,,,,,,,,,,,,,,,,,,,,,,,,,,,,,,,,,,,,,142.0,1.4390038,1739.1965,142.0,1.4390038,42.168327,,,,,,,,,,,,,,,,,142.0,1.5289415,1.7432007,142.0,1.5289415,0.036981698,,,,,,,,,,,,,,,,,,,,142.0,1.5289415,-0.4072562,142.0,1.5289415,25.70807,142.0,1.5289415,-0.013575213,142.0,1.5289415,0.010326868,142.0,1.5289415,0.0,,,,,,,
142.0,1.468983,3.472869,142.0,1.468983,0.27016214,,,,,,,,,,,,,,,,,,,,,,,,,,,,,,,,,,,,,,,,,,,,,,,,,,,,,,,,,,,,,142.0,1.468983,637.2917,142.0,1.468983,15.4540825,,,,,,,,,,,,,,,,,142.0,1.5589207,1.3395886,142.0,1.5589207,0.038015984,,,,,,,,,,,,,,,,,,,,142.0,1.5589207,2.0888696,142.0,1.5589207,36.691025,142.0,1.5589207,0.06962899,142.0,1.5589207,0.017360544,142.0,1.5589207,0.0,,,,,,,
142.0,1.4989623,2.2166595,142.0,1.4989623,0.23315483,,,,,,,,,,,,,,,,,,,,,,,,,,,,,,,,,,,,,,,,,,,,,,,,,,,,,,,,,,,,,142.0,1.4989623,409.49133,142.0,1.4989623,7.328524,,,,,,,,,,,,,,,,,142.0,1.5889001,0.44143736,142.0,1.5889001,0.017181633,,,,,,,,,,,,,,,,,,,,142.0,1.5889001,-1.1027862,142.0,1.5889001,22.647741,142.0,1.5889001,-0.036759544,142.0,1.5889001,0.010474819,142.0,1.5889001,0.0,,,,,,,
142.0,1.5289415,3.057177,142.0,1.5289415,0.25811392,,,,,,,,,,,,,,,,,,,,,,,,,,,,,,,,,,,,,,,,,,,,,,,,,,,,,,,,,,,,,142.0,1.5289415,574.4784,142.0,1.5289415,11.6637,,,,,,,,,,,,,,,,,142.0,1.6188793,0.20787154,142.0,1.6188793,0.007629076,,,,,,,,,,,,,,,,,,,,142.0,1.6188793,-7.812245,142.0,1.6188793,-6.8738794,142.0,1.6188793,-0.2604082,142.0,1.6188793,0.003502362,142.0,1.6188793,0.0,,,,,,,
142.0,1.5589207,2.3331847,142.0,1.5589207,0.25809905,,,,,,,,,,,,,,,,,,,,,,,,,,,,,,,,,,,,,,,,,,,,,,,,,,,,,,,,,,,,,142.0,1.5589207,418.4286,142.0,1.5589207,11.499313,,,,,,,,,,,,,,,,,142.0,1.6488585,0.07380488,142.0,1.6488585,0.0012187755,,,,,,,,,,,,,,,,,,,,142.0,1.6488585,-0.6104884,142.0,1.6488585,24.813852,142.0,1.6488585,-0.020349614,142.0,1.6488585,1.0000001e-07,142.0,1.6488585,7.0,,,,,,,
142.0,1.5889,0.8761267,142.0,1.5889,0.22388816,,,,,,,,,,,,,,,,,,,,,,,,,,,,,,,,,,,,,,,,,,,,,,,,,,,,,,,,,,,,,142.0,1.5889,131.4457,142.0,1.5889,5.1444054,,,,,,,,,,,,,,,,,142.0,1.6788378,0.023979602,142.0,1.6788378,-0.000385786,,,,,,,,,,,,,,,,,,,,142.0,1.6788378,-0.28609043,142.0,1.6788378,26.241203,142.0,1.6788378,-0.009536346,142.0,1.6788378,1.0000001e-07,142.0,1.6788378,7.0,,,,,,,
142.0,1.6188793,0.50440276,142.0,1.6188793,0.20867173,,,,,,,,,,,,,,,,,,,,,,,,,,,,,,,,,,,,,,,,,,,,,,,,,,,,,,,,,,,,,142.0,1.6188793,55.59751,142.0,1.6188793,2.3567266,,,,,,,,,,,,,,,,,142.0,1.708817,0.004605733,142.0,1.708817,0.002813248,,,,,,,,,,,,,,,,,,,,142.0,1.708817,-0.08118099,142.0,1.708817,27.142803,142.0,1.708817,-0.002706033,142.0,1.708817,1.0000001e-07,142.0,1.708817,7.0,,,,,,,
142.0,1.6488585,0.3017998,142.0,1.6488585,0.19925629,,,,,,,,,,,,,,,,,,,,,,,,,,,,,,,,,,,,,,,,,,,,,,,,,,,,,,,,,,,,,142.0,1.6488585,19.043026,142.0,1.6488585,0.6889576,,,,,,,,,,,,,,,,,142.0,1.7387962,0.00073168374,142.0,1.7387962,0.00041352288,,,,,,,,,,,,,,,,,,,,142.0,1.7387962,-0.042676575,142.0,1.7387962,27.31222,142.0,1.7387962,-0.0014225524,142.0,1.7387962,1.0000001e-07,142.0,1.7387962,7.0,,,,,,,
142.0,1.6788378,0.22989736,142.0,1.6788378,0.19671276,,,,,,,,,,,,,,,,,,,,,,,,,,,,,,,,,,,,,,,,,,,,,,,,,,,,,,,,,,,,,142.0,1.6788378,6.3533325,142.0,1.6788378,0.21475703,,,,,,,,,,,,,,,,,142.0,1.7687756,-0.0012266565,142.0,1.7687756,0.00016891734,,,,,,,,,,,,,,,,,,,,142.0,1.7687756,-0.0636255,142.0,1.7687756,27.220049,142.0,1.7687756,-0.0021208501,142.0,1.7687756,1.0000001e-07,142.0,1.7687756,7.0,,,,,,,
142.0,1.708817,0.20287074,142.0,1.708817,0.2011007,,,,,,,,,,,,,,,,,,,,,,,,,,,,,,,,,,,,,,,,,,,,,,,,,,,,,,,,,,,,,142.0,1.708817,1.4728428,142.0,1.708817,1.0672058,,,,,,,,,,,,,,,,,142.0,1.7987548,0.004162383,142.0,1.7987548,-0.0015928113,,,,,,,,,,,,,,,,,,,,142.0,1.7987548,-0.06267288,142.0,1.7987548,27.224241,142.0,1.7987548,-0.002089096,142.0,1.7987548,1.0000001e-07,142.0,1.7987548,7.0,,,,,,,
142.0,1.7387962,0.1975606,142.0,1.7387962,0.19781348,,,,,,,,,,,,,,,,,,,,,,,,,,,,,,,,,,,,,,,,,,,,,,,,,,,,,,,,,,,,,142.0,1.7387962,0.47234502,142.0,1.7387962,0.39727083,,,,,,,,,,,,,,,,,142.0,1.828734,0.0007372325,142.0,1.828734,6.7247616e-05,,,,,,,,,,,,,,,,,,,,142.0,1.828734,-0.07352735,142.0,1.828734,27.17648,142.0,1.828734,-0.0024509118,142.0,1.828734,1.0000001e-07,142.0,1.828734,7.0,,,,,,,
142.0,1.7687755,0.1951956,142.0,1.7687755,0.19741186,,,,,,,,,,,,,,,,,,,,,,,,,,,,,,,,,,,,,,,,,,,,,,,,,,,,,,,,,,,,,142.0,1.7687755,0.034382384,142.0,1.7687755,0.34168372,,,,,,,,,,,,,,,,,142.0,1.8587133,-0.0016844743,142.0,1.8587133,0.0030564072,,,,,,,,,,,,,,,,,,,,142.0,1.8587133,-0.032884557,142.0,1.8587133,27.355309,142.0,1.8587133,-0.0010961521,142.0,1.8587133,1.0000001e-07,142.0,1.8587133,7.0,,,,,,,
142.0,1.7987547,0.20178491,142.0,1.7987547,0.19513611,,,,,,,,,,,,,,,,,,,,,,,,,,,,,,,,,,,,,,,,,,,,,,,,,,,,,,,,,,,,,142.0,1.7987547,1.2422916,142.0,1.7987547,-0.028548352,,,,,,,,,,,,,,,,,142.0,1.8886925,0.00032832279,142.0,1.8886925,0.0001256839,,,,,,,,,,,,,,,,,,,,142.0,1.8886925,-0.034642145,142.0,1.8886925,27.347574,142.0,1.8886925,-0.0011547382,142.0,1.8886925,1.0000001e-07,142.0,1.8886925,7.0,,,,,,,
142.0,1.828734,0.19741186,142.0,1.828734,0.19717388,,,,,,,,,,,,,,,,,,,,,,,,,,,,,,,,,,,,,,,,,,,,,,,,,,,,,,,,,,,,,142.0,1.828734,0.41753235,142.0,1.828734,0.27506912,,,,,,,,,,,,,,,,,142.0,1.9186717,-0.0019988401,142.0,1.9186717,0.0019087901,,,,,,,,,,,,,,,,,,,,142.0,1.9186717,-0.02607129,142.0,1.9186717,27.385288,142.0,1.9186717,-0.00086904294,142.0,1.9186717,1.0000001e-07,142.0,1.9186717,7.0,,,,,,,
142.0,1.8587133,0.1946155,142.0,1.8587133,0.20065449,,,,,,,,,,,,,,,,,,,,,,,,,,,,,,,,,,,,,,,,,,,,,,,,,,,,,,,,,,,,,142.0,1.8587133,-0.033508673,142.0,1.8587133,0.95247626,,,,,,,,,,,,,,,,,142.0,1.948651,0.00055929495,142.0,1.948651,0.0031194764,,,,,,,,,,,,,,,,,,,,142.0,1.948651,-0.008646492,142.0,1.948651,27.461954,142.0,1.948651,-0.00028821628,142.0,1.948651,1.0000001e-07,142.0,1.948651,7.0,,,,,,,
142.0,1.8886925,0.19695076,142.0,1.8886925,0.19726314,,,,,,,,,,,,,,,,,,,,,,,,,,,,,,,,,,,,,,,,,,,,,,,,,,,,,,,,,,,,,142.0,1.8886925,0.35893598,142.0,1.8886925,0.27337077,,,,,,,,,,,,,,,,,142.0,1.9786303,-0.0018313862,142.0,1.9786303,-0.0013182225,,,,,,,,,,,,,,,,,,,,142.0,1.9786303,-0.030305134,142.0,1.9786303,27.36666,142.0,1.9786303,-0.0010101713,142.0,1.9786303,1.0000001e-07,142.0,1.9786303,7.0,,,,,,,
142.0,1.9186717,0.19446677,142.0,1.9186717,0.19904804,,,,,,,,,,,,,,,,,,,,,,,,,,,,,,,,,,,,,,,,,,,,,,,,,,,,,,,,,,,,,142.0,1.9186717,-0.082706764,142.0,1.9186717,0.6450752,,,,,,,,,,,,,,,,,142.0,2.0086095,-0.000955153,142.0,2.0086095,0.00033893497,,,,,,,,,,,,,,,,,,,,142.0,2.0086095,-0.056215927,142.0,2.0086095,27.252647,142.0,2.0086095,-0.0018738641,142.0,2.0086095,1.0000001e-07,142.0,2.0086095,7.0,,,,,,,
142.0,1.948651,0.19696563,142.0,1.948651,0.20031236,,,,,,,,,,,,,,,,,,,,,,,,,,,,,,,,,,,,,,,,,,,,,,,,,,,,,,,,,,,,,142.0,1.948651,0.35727218,142.0,1.948651,0.9153467,,,,,,,,,,,,,,,,,142.0,2.0385888,-0.0015761921,142.0,2.0385888,0.002704538,,,,,,,,,,,,,,,,,,,,142.0,2.0385888,-0.038042527,142.0,2.0385888,27.332613,142.0,2.0385888,-0.0012680842,142.0,2.0385888,1.0000001e-07,142.0,2.0385888,7.0,,,,,,,
142.0,1.9786302,0.19463037,142.0,1.9786302,0.1957608,,,,,,,,,,,,,,,,,,,,,,,,,,,,,,,,,,,,,,,,,,,,,,,,,,,,,,,,,,,,,142.0,1.9786302,-0.0901632,142.0,1.9786302,0.06290211,,,,,,,,,,,,,,,,,142.0,2.068568,0.0007394846,142.0,2.068568,-0.001563472,,,,,,,,,,,,,,,,,,,,142.0,2.068568,-0.0145305265,142.0,2.068568,27.436066,142.0,2.068568,-0.00048435092,142.0,2.068568,1.0000001e-07,142.0,2.068568,7.0,,,,,,,
142.0,2.0086095,0.19555259,142.0,2.0086095,0.19736725,,,,,,,,,,,,,,,,,,,,,,,,,,,,,,,,,,,,,,,,,,,,,,,,,,,,,,,,,,,,,142.0,2.0086095,0.098440304,142.0,2.0086095,0.28471684,,,,,,,,,,,,,,,,,142.0,2.0985472,0.0008116527,142.0,2.0985472,-0.0014915426,,,,,,,,,,,,,,,,,,,,142.0,2.0985472,-0.055504095,142.0,2.0985472,27.255781,142.0,2.0985472,-0.0018501364,142.0,2.0985472,1.0000001e-07,142.0,2.0985472,7.0,,,,,,,
142.0,2.0385888,0.19488323,142.0,2.0385888,0.19953889,,,,,,,,,,,,,,,,,,,,,,,,,,,,,,,,,,,,,,,,,,,,,,,,,,,,,,,,,,,,,142.0,2.0385888,-0.019885292,142.0,2.0385888,0.7420367,,,,,,,,,,,,,,,,,142.0,2.1285264,-0.0012212871,142.0,2.1285264,-0.0026284945,,,,,,,,,,,,,,,,,,,,142.0,2.1285264,-0.018275551,142.0,2.1285264,27.419586,142.0,2.1285264,-0.000609185,142.0,2.1285264,1.0000001e-07,142.0,2.1285264,7.0,,,,,,,
142.0,2.068568,0.1971144,142.0,2.068568,0.19550797,,,,,,,,,,,,,,,,,,,,,,,,,,,,,,,,,,,,,,,,,,,,,,,,,,,,,,,,,,,,,142.0,2.068568,0.45989513,142.0,2.068568,-0.038533755,,,,,,,,,,,,,,,,,142.0,2.1585057,-0.0010687915,142.0,2.1585057,-0.0025503587,,,,,,,,,,,,,,,,,,,,142.0,2.1585057,-0.04176805,142.0,2.1585057,27.316223,142.0,2.1585057,-0.0013922683,142.0,2.1585057,1.0000001e-07,142.0,2.1585057,7.0,,,,,,,
142.0,2.0985472,0.1970995,142.0,2.0985472,0.19562696,,,,,,,,,,,,,,,,,,,,,,,,,,,,,,,,,,,,,,,,,,,,,,,,,,,,,,,,,,,,,142.0,2.0985472,0.36996165,142.0,2.0985472,-0.00942763,,,,,,,,,,,,,,,,,142.0,2.188485,0.0007136239,142.0,2.188485,0.0034185073,,,,,,,,,,,,,,,,,,,,142.0,2.188485,-0.0104025295,142.0,2.188485,27.454227,142.0,2.188485,-0.00034675104,142.0,2.188485,1.0000001e-07,142.0,2.188485,7.0,,,,,,,
142.0,2.1285264,0.19534433,142.0,2.1285264,0.19466013,,,,,,,,,,,,,,,,,,,,,,,,,,,,,,,,,,,,,,,,,,,,,,,,,,,,,,,,,,,,,142.0,2.1285264,0.08697346,142.0,2.1285264,-0.16298483,,,,,,,,,,,,,,,,,142.0,2.2184641,0.00038609002,142.0,2.2184641,0.0013266453,,,,,,,,,,,,,,,,,,,,142.0,2.2184641,-0.059653297,142.0,2.2184641,27.237526,142.0,2.2184641,-0.001988443,142.0,2.2184641,1.0000001e-07,142.0,2.2184641,7.0,,,,,,,
142.0,2.1585057,0.19550794,142.0,2.1585057,0.194794,,,,,,,,,,,,,,,,,,,,,,,,,,,,,,,,,,,,,,,,,,,,,,,,,,,,,,,,,,,,,142.0,2.1585057,0.11099102,142.0,2.1585057,-0.16685161,,,,,,,,,,,,,,,,,142.0,2.2484434,-0.00035942357,142.0,2.2484434,-0.0041410867,,,,,,,,,,,,,,,,,,,,142.0,2.2484434,-0.06706818,142.0,2.2484434,27.204903,142.0,2.2484434,-0.0022356063,142.0,2.2484434,1.0000001e-07,142.0,2.2484434,7.0,,,,,,,
142.0,2.188485,0.19693589,142.0,2.188485,0.19970252,,,,,,,,,,,,,,,,,,,,,,,,,,,,,,,,,,,,,,,,,,,,,,,,,,,,,,,,,,,,,142.0,2.188485,0.4004082,142.0,2.188485,0.74530727,,,,,,,,,,,,,,,,,142.0,2.2784226,-0.0014899559,142.0,2.2784226,-0.00083745446,,,,,,,,,,,,,,,,,,,,142.0,2.2784226,-0.01006918,142.0,2.2784226,27.455696,142.0,2.2784226,-0.00033563928,142.0,2.2784226,1.0000001e-07,142.0,2.2784226,7.0,,,,,,,
142.0,2.2184641,0.1964153,142.0,2.2184641,0.19794735,,,,,,,,,,,,,,,,,,,,,,,,,,,,,,,,,,,,,,,,,,,,,,,,,,,,,,,,,,,,,142.0,2.2184641,0.25687492,142.0,2.2184641,0.39269757,,,,,,,,,,,,,,,,,142.0,2.308402,0.00075688097,142.0,2.308402,0.0018747853,,,,,,,,,,,,,,,,,,,,142.0,2.308402,-0.046639994,142.0,2.308402,27.294786,142.0,2.308402,-0.0015546663,142.0,2.308402,1.0000001e-07,142.0,2.308402,7.0,,,,,,,
142.0,2.2484434,0.19592445,142.0,2.2484434,0.1936338,,,,,,,,,,,,,,,,,,,,,,,,,,,,,,,,,,,,,,,,,,,,,,,,,,,,,,,,,,,,,142.0,2.2484434,0.20572847,142.0,2.2484434,-0.37951982,,,,,,,,,,,,,,,,,142.0,2.3383813,-0.00015098446,142.0,2.3383813,0.005362812,,,,,,,,,,,,,,,,,,,,142.0,2.3383813,-0.014826868,142.0,2.3383813,27.434761,142.0,2.3383813,-0.000494229,142.0,2.3383813,1.0000001e-07,142.0,2.3383813,7.0,,,,,,,
142.0,2.2784226,0.1951361,142.0,2.2784226,0.19616243,,,,,,,,,,,,,,,,,,,,,,,,,,,,,,,,,,,,,,,,,,,,,,,,,,,,,,,,,,,,,142.0,2.2784226,0.058641247,142.0,2.2784226,0.11855907,,,,,,,,,,,,,,,,,142.0,2.3683605,0.0013753063,142.0,2.3683605,-0.000626934,,,,,,,,,,,,,,,,,,,,142.0,2.3683605,-0.023170853,142.0,2.3683605,27.398048,142.0,2.3683605,-0.0007723619,142.0,2.3683605,1.0000001e-07,142.0,2.3683605,7.0,,,,,,,
142.0,2.3084018,0.19672766,142.0,2.3084018,0.19815558,,,,,,,,,,,,,,,,,,,,,,,,,,,,,,,,,,,,,,,,,,,,,,,,,,,,,,,,,,,,,142.0,2.3084018,0.371036,142.0,2.3084018,0.49878967,,,,,,,,,,,,,,,,,142.0,2.3983397,-0.0036275797,142.0,2.3983397,-0.0005695294,,,,,,,,,,,,,,,,,,,,142.0,2.3983397,-0.004256998,142.0,2.3983397,27.481268,142.0,2.3983397,-0.00014189993,142.0,2.3983397,1.0000001e-07,142.0,2.3983397,7.0,,,,,,,
142.0,2.338381,0.1961178,142.0,2.338381,0.20065448,,,,,,,,,,,,,,,,,,,,,,,,,,,,,,,,,,,,,,,,,,,,,,,,,,,,,,,,,,,,,142.0,2.338381,0.23527476,142.0,2.338381,0.9448862,,,,,,,,,,,,,,,,,142.0,2.428319,-0.00045080337,142.0,2.428319,0.0037985316,,,,,,,,,,,,,,,,,,,,142.0,2.428319,-0.0426434,142.0,2.428319,27.312368,142.0,2.428319,-0.0014214468,142.0,2.428319,1.0000001e-07,142.0,2.428319,7.0,,,,,,,
142.0,2.3683605,0.1971739,142.0,2.3683605,0.19634092,,,,,,,,,,,,,,,,,,,,,,,,,,,,,,,,,,,,,,,,,,,,,,,,,,,,,,,,,,,,,142.0,2.3683605,0.49073443,142.0,2.3683605,0.14380151,,,,,,,,,,,,,,,,,142.0,2.4582982,-0.0054247547,142.0,2.4582982,-0.003229804,,,,,,,,,,,,,,,,,,,,142.0,2.4582982,-0.05852421,142.0,2.4582982,27.242495,142.0,2.4582982,-0.001950807,142.0,2.4582982,1.0000001e-07,142.0,2.4582982,7.0,,,,,,,
142.0,2.3983397,0.19358918,142.0,2.3983397,0.19637066,,,,,,,,,,,,,,,,,,,,,,,,,,,,,,,,,,,,,,,,,,,,,,,,,,,,,,,,,,,,,142.0,2.3983397,-0.2415105,142.0,2.3983397,0.12763673,,,,,,,,,,,,,,,,,142.0,2.4882774,0.00018458528,142.0,2.4882774,0.000276435,,,,,,,,,,,,,,,,,,,,142.0,2.4882774,0.024309473,142.0,2.4882774,27.606962,142.0,2.4882774,0.0008103158,142.0,2.4882774,1.0000001e-07,142.0,2.4882774,7.0,,,,,,,
142.0,2.428319,0.19585006,142.0,2.428319,0.19936042,,,,,,,,,,,,,,,,,,,,,,,,,,,,,,,,,,,,,,,,,,,,,,,,,,,,,,,,,,,,,142.0,2.428319,0.21490239,142.0,2.428319,0.7012906,,,,,,,,,,,,,,,,,142.0,2.5182567,-0.0014641157,142.0,2.5182567,0.003532091,,,,,,,,,,,,,,,,,,,,142.0,2.5182567,-0.02683066,142.0,2.5182567,27.381947,142.0,2.5182567,-0.0008943552,142.0,2.5182567,1.0000001e-07,142.0,2.5182567,7.0,,,,,,,
142.0,2.4582982,0.19275622,142.0,2.4582982,0.19467498,,,,,,,,,,,,,,,,,,,,,,,,,,,,,,,,,,,,,,,,,,,,,,,,,,,,,,,,,,,,,142.0,2.4582982,-0.3980333,142.0,2.4582982,-0.15675849,,,,,,,,,,,,,,,,,142.0,2.548236,-0.0028619335,142.0,2.548236,0.0013824701,,,,,,,,,,,,,,,,,,,,142.0,2.548236,0.008817791,142.0,2.548236,27.538795,142.0,2.548236,0.0002939264,142.0,2.548236,1.0000001e-07,142.0,2.548236,7.0,,,,,,,
142.0,2.4882774,0.19629629,142.0,2.4882774,0.19693589,,,,,,,,,,,,,,,,,,,,,,,,,,,,,,,,,,,,,,,,,,,,,,,,,,,,,,,,,,,,,142.0,2.4882774,0.27784947,142.0,2.4882774,0.23780693,,,,,,,,,,,,,,,,,142.0,2.5782151,-0.0017328854,142.0,2.5782151,-0.00036416936,,,,,,,,,,,,,,,,,,,,142.0,2.5782151,-0.017209612,142.0,2.5782151,27.424276,142.0,2.5782151,-0.0005736536,142.0,2.5782151,1.0000001e-07,142.0,2.5782151,7.0,,,,,,,
142.0,2.5182567,0.19506174,142.0,2.5182567,0.19907779,,,,,,,,,,,,,,,,,,,,,,,,,,,,,,,,,,,,,,,,,,,,,,,,,,,,,,,,,,,,,142.0,2.5182567,0.042109087,142.0,2.5182567,0.61837566,,,,,,,,,,,,,,,,,142.0,2.6081944,-0.0018933681,142.0,2.6081944,-0.0035781844,,,,,,,,,,,,,,,,,,,,142.0,2.6081944,-0.041499376,142.0,2.6081944,27.317404,142.0,2.6081944,-0.0013833125,142.0,2.6081944,1.0000001e-07,142.0,2.6081944,7.0,,,,,,,
142.0,2.548236,0.19445188,142.0,2.548236,0.19764987,,,,,,,,,,,,,,,,,,,,,,,,,,,,,,,,,,,,,,,,,,,,,,,,,,,,,,,,,,,,,142.0,2.548236,-0.06757818,142.0,2.548236,0.35780016,,,,,,,,,,,,,,,,,142.0,2.6381736,0.0045369235,142.0,2.6381736,-0.0012914034,,,,,,,,,,,,,,,,,,,,142.0,2.6381736,-0.10066722,142.0,2.6381736,27.057064,142.0,2.6381736,-0.003355574,142.0,2.6381736,1.0000001e-07,142.0,2.6381736,7.0,,,,,,,
142.0,2.5782151,0.19504686,142.0,2.5782151,0.19641529,,,,,,,,,,,,,,,,,,,,,,,,,,,,,,,,,,,,,,,,,,,,,,,,,,,,,,,,,,,,,142.0,2.5782151,-0.013487403,142.0,2.5782151,0.1130431,,,,,,,,,,,,,,,,,142.0,2.6681528,-0.006696115,142.0,2.6681528,-0.00053828536,,,,,,,,,,,,,,,,,,,,142.0,2.6681528,0.014507309,142.0,2.6681528,27.563831,142.0,2.6681528,0.00048357694,142.0,2.6681528,1.0000001e-07,142.0,2.6681528,7.0,,,,,,,
142.0,2.6081944,0.19494271,142.0,2.6081944,0.19457087,,,,,,,,,,,,,,,,,,,,,,,,,,,,,,,,,,,,,,,,,,,,,,,,,,,,,,,,,,,,,142.0,2.6081944,-0.018444784,142.0,2.6081944,-0.2211765,,,,,,,,,,,,,,,,,142.0,2.698132,-0.0010749054,142.0,2.698132,5.9434173e-05,,,,,,,,,,,,,,,,,,,,142.0,2.698132,-0.037639014,142.0,2.698132,27.334389,142.0,2.698132,-0.0012546338,142.0,2.698132,1.0000001e-07,142.0,2.698132,7.0,,,,,,,
142.0,2.6381736,0.19849768,142.0,2.6381736,0.19582032,,,,,,,,,,,,,,,,,,,,,,,,,,,,,,,,,,,,,,,,,,,,,,,,,,,,,,,,,,,,,142.0,2.6381736,0.6514819,142.0,2.6381736,0.049505003,,,,,,,,,,,,,,,,,142.0,2.7281115,-0.0018911236,142.0,2.7281115,0.0034912543,,,,,,,,,,,,,,,,,,,,142.0,2.7281115,-0.020532219,142.0,2.7281115,27.409658,142.0,2.7281115,-0.0006844073,142.0,2.7281115,1.0000001e-07,142.0,2.7281115,7.0,,,,,,,
142.0,2.6681528,0.1922356,142.0,2.6681528,0.19628142,,,,,,,,,,,,,,,,,,,,,,,,,,,,,,,,,,,,,,,,,,,,,,,,,,,,,,,,,,,,,142.0,2.6681528,-0.47880146,142.0,2.6681528,0.14865412,,,,,,,,,,,,,,,,,142.0,2.7580907,-0.0012615868,142.0,2.7580907,0.008032728,,,,,,,,,,,,,,,,,,,,142.0,2.7580907,-0.0768865,142.0,2.7580907,27.161703,142.0,2.7580907,-0.0025628833,142.0,2.7580907,1.0000001e-07,142.0,2.7580907,7.0,,,,,,,
142.0,2.698132,0.19535923,142.0,2.698132,0.19660866,,,,,,,,,,,,,,,,,,,,,,,,,,,,,,,,,,,,,,,,,,,,,,,,,,,,,,,,,,,,,142.0,2.698132,0.08408732,142.0,2.698132,0.20140046,,,,,,,,,,,,,,,,,142.0,2.78807,0.003720187,142.0,2.78807,-0.0005370325,,,,,,,,,,,,,,,,,,,,142.0,2.78807,-0.05624332,142.0,2.78807,27.25253,142.0,2.78807,-0.0018747771,142.0,2.78807,1.0000001e-07,142.0,2.78807,7.0,,,,,,,
142.0,2.7281113,0.19498736,142.0,2.7281113,0.1984382,,,,,,,,,,,,,,,,,,,,,,,,,,,,,,,,,,,,,,,,,,,,,,,,,,,,,,,,,,,,,142.0,2.7281113,0.056226417,142.0,2.7281113,0.51724607,,,,,,,,,,,,,,,,,142.0,2.8180492,0.0070456243,142.0,2.8180492,-0.0018463352,,,,,,,,,,,,,,,,,,,,142.0,2.8180492,-0.06660683,142.0,2.8180492,27.206932,142.0,2.8180492,-0.0022202274,142.0,2.8180492,1.0000001e-07,142.0,2.8180492,7.0,,,,,,,
142.0,2.7580905,0.19529973,142.0,2.7580905,0.20078833,,,,,,,,,,,,,,,,,,,,,,,,,,,,,,,,,,,,,,,,,,,,,,,,,,,,,,,,,,,,,142.0,2.7580905,0.04124816,142.0,2.7580905,0.97712827,,,,,,,,,,,,,,,,,142.0,2.8480284,-0.0033109554,142.0,2.8480284,0.006695024,,,,,,,,,,,,,,,,,,,,142.0,2.8480284,-0.015580348,142.0,2.8480284,27.431446,142.0,2.8480284,-0.000519345,142.0,2.8480284,1.0000001e-07,142.0,2.8480284,7.0,,,,,,,
142.0,2.78807,0.19794734,142.0,2.78807,0.19644505,,,,,,,,,,,,,,,,,,,,,,,,,,,,,,,,,,,,,,,,,,,,,,,,,,,,,,,,,,,,,142.0,2.78807,0.59613496,142.0,2.78807,0.08799985,,,,,,,,,,,,,,,,,142.0,2.8780077,0.0053434246,142.0,2.8780077,-0.002920185,,,,,,,,,,,,,,,,,,,,142.0,2.8780077,0.023558117,142.0,2.8780077,27.603657,142.0,2.8780077,0.0007852707,142.0,2.8780077,1.0000001e-07,142.0,2.8780077,7.0,,,,,,,
142.0,2.8180492,0.19950914,142.0,2.8180492,0.19567156,,,,,,,,,,,,,,,,,,,,,,,,,,,,,,,,,,,,,,,,,,,,,,,,,,,,,,,,,,,,,142.0,2.8180492,0.858295,142.0,2.8180492,-0.0640116,,,,,,,,,,,,,,,,,142.0,2.9079869,-0.010842957,142.0,2.9079869,0.0037161808,,,,,,,,,,,,,,,,,,,,142.0,2.9079869,-0.010864967,142.0,2.9079869,27.452194,142.0,2.9079869,-0.00036216562,142.0,2.9079869,1.0000001e-07,142.0,2.9079869,7.0,,,,,,,
142.0,2.8480284,0.19431801,142.0,2.8480284,0.19977689,,,,,,,,,,,,,,,,,,,,,,,,,,,,,,,,,,,,,,,,,,,,,,,,,,,,,,,,,,,,,142.0,2.8480284,-0.046469674,142.0,2.8480284,0.75847346,,,,,,,,,,,,,,,,,142.0,2.937966,0.002432851,142.0,2.937966,-0.002412442,,,,,,,,,,,,,,,,,,,,142.0,2.937966,-0.05059146,142.0,2.937966,27.277397,142.0,2.937966,-0.0016863821,142.0,2.937966,1.0000001e-07,142.0,2.937966,7.0,,,,,,,
142.0,2.8780077,0.19854231,142.0,2.8780077,0.19519562,,,,,,,,,,,,,,,,,,,,,,,,,,,,,,,,,,,,,,,,,,,,,,,,,,,,,,,,,,,,,142.0,2.8780077,0.7163015,142.0,2.8780077,-0.11477718,,,,,,,,,,,,,,,,,142.0,2.9679453,-0.008630489,142.0,2.9679453,-0.0035803467,,,,,,,,,,,,,,,,,,,,142.0,2.9679453,-0.049630273,142.0,2.9679453,27.281626,142.0,2.9679453,-0.0016543424,142.0,2.9679453,1.0000001e-07,142.0,2.9679453,7.0,,,,,,,
142.0,2.9079869,0.1907333,142.0,2.9079869,0.19830434,,,,,,,,,,,,,,,,,,,,,,,,,,,,,,,,,,,,,,,,,,,,,,,,,,,,,,,,,,,,,142.0,2.9079869,-0.76406604,142.0,2.9079869,0.4823917,,,,,,,,,,,,,,,,,142.0,2.9979246,0.0011361913,142.0,2.9979246,0.009096462,,,,,,,,,,,,,,,,,,,,142.0,2.9979246,-0.06157312,142.0,2.9979246,27.229078,142.0,2.9979246,-0.002052437,142.0,2.9979246,1.0000001e-07,142.0,2.9979246,7.0,,,,,,,
142.0,2.937966,0.19696563,142.0,2.937966,0.19550794,,,,,,,,,,,,,,,,,,,,,,,,,,,,,,,,,,,,,,,,,,,,,,,,,,,,,,,,,,,,,142.0,2.937966,0.39052394,142.0,2.937966,-0.011722075,,,,,,,,,,,,,,,,,142.0,3.0279038,-0.004016875,142.0,3.0279038,-0.004886999,,,,,,,,,,,,,,,,,,,,142.0,3.0279038,-0.021832708,142.0,3.0279038,27.403938,142.0,3.0279038,-0.00072775694,142.0,3.0279038,1.0000001e-07,142.0,3.0279038,7.0,,,,,,,
142.0,2.9679453,0.19198275,142.0,2.9679453,0.1948981,,,,,,,,,,,,,,,,,,,,,,,,,,,,,,,,,,,,,,,,,,,,,,,,,,,,,,,,,,,,,142.0,2.9679453,-0.5815685,142.0,2.9679453,-0.105706185,,,,,,,,,,,,,,,,,142.0,3.057883,0.002219131,142.0,3.057883,0.0029401954,,,,,,,,,,,,,,,,,,,,142.0,3.057883,-0.014841058,142.0,3.057883,27.4347,142.0,3.057883,-0.00049470185,142.0,3.057883,1.0000001e-07,142.0,3.057883,7.0,,,,,,,
142.0,2.9979246,0.19638555,142.0,2.9979246,0.20055035,,,,,,,,,,,,,,,,,,,,,,,,,,,,,,,,,,,,,,,,,,,,,,,,,,,,,,,,,,,,,142.0,2.9979246,0.25120875,142.0,2.9979246,0.86767334,,,,,,,,,,,,,,,,,142.0,3.0878623,-0.009355399,142.0,3.0878623,0.0022166437,,,,,,,,,,,,,,,,,,,,142.0,3.0878623,-0.049628872,142.0,3.0878623,27.281633,142.0,3.0878623,-0.0016542958,142.0,3.0878623,1.0000001e-07,142.0,3.0878623,7.0,,,,,,,
142.0,3.0279038,0.1940354,142.0,3.0279038,0.19424364,,,,,,,,,,,,,,,,,,,,,,,,,,,,,,,,,,,,,,,,,,,,,,,,,,,,,,,,,,,,,142.0,3.0279038,-0.15000306,142.0,3.0279038,-0.2393101,,,,,,,,,,,,,,,,,142.0,3.1178415,6.2955856e-05,142.0,3.1178415,-0.006551668,,,,,,,,,,,,,,,,,,,,142.0,3.1178415,-0.012959431,142.0,3.1178415,27.44298,142.0,3.1178415,-0.00043198105,142.0,3.1178415,1.0000001e-07,142.0,3.1178415,7.0,,,,,,,
142.0,3.057883,0.19681689,142.0,3.057883,0.19775398,,,,,,,,,,,,,,,,,,,,,,,,,,,,,,,,,,,,,,,,,,,,,,,,,,,,,,,,,,,,,142.0,3.057883,0.31712538,142.0,3.057883,0.39675528,,,,,,,,,,,,,,,,,142.0,3.147821,0.0034921574,142.0,3.147821,-0.0052913185,,,,,,,,,,,,,,,,,,,,142.0,3.147821,-0.09700498,142.0,3.147821,27.073177,142.0,3.147821,-0.0032334991,142.0,3.147821,1.0000001e-07,142.0,3.147821,7.0,,,,,,,
142.0,3.0878623,0.19201249,142.0,3.0878623,0.19748624,,,,,,,,,,,,,,,,,,,,,,,,,,,,,,,,,,,,,,,,,,,,,,,,,,,,,,,,,,,,,142.0,3.0878623,-0.49563777,142.0,3.0878623,0.32861903,,,,,,,,,,,,,,,,,142.0,3.1778002,0.0047266884,142.0,3.1778002,-0.00056426856,,,,,,,,,,,,,,,,,,,,142.0,3.1778002,0.0071825925,142.0,3.1778002,27.531603,142.0,3.1778002,0.00023941975,142.0,3.1778002,1.0000001e-07,142.0,3.1778002,7.0,,,,,,,
142.0,3.1178415,0.19582032,142.0,3.1178415,0.19366354,,,,,,,,,,,,,,,,,,,,,,,,,,,,,,,,,,,,,,,,,,,,,,,,,,,,,,,,,,,,,142.0,3.1178415,0.1547206,142.0,3.1178415,-0.40043533,,,,,,,,,,,,,,,,,142.0,3.2077794,-0.006004698,142.0,3.2077794,0.0065388884,,,,,,,,,,,,,,,,,,,,142.0,3.2077794,0.01954863,142.0,3.2077794,27.586014,142.0,3.2077794,0.00065162097,142.0,3.2077794,1.0000001e-07,142.0,3.2077794,7.0,,,,,,,
142.0,3.1478207,0.19712926,142.0,3.1478207,0.1944519,,,,,,,,,,,,,,,,,,,,,,,,,,,,,,,,,,,,,,,,,,,,,,,,,,,,,,,,,,,,,142.0,3.1478207,0.38435987,142.0,3.1478207,-0.23833317,,,,,,,,,,,,,,,,,142.0,3.2377586,0.0016793186,142.0,3.2377586,-0.0057116877,,,,,,,,,,,,,,,,,,,,142.0,3.2377586,0.054732863,142.0,3.2377586,27.740824,142.0,3.2377586,0.0018244287,142.0,3.2377586,1.0000001e-07,142.0,3.2377586,7.0,,,,,,,
142.0,3.1778,0.1977391,142.0,3.1778,0.1961922,,,,,,,,,,,,,,,,,,,,,,,,,,,,,,,,,,,,,,,,,,,,,,,,,,,,,,,,,,,,,142.0,3.1778,0.5123843,142.0,3.1778,0.0958457,,,,,,,,,,,,,,,,,142.0,3.2677379,-0.00053756195,142.0,3.2677379,0.0028436864,,,,,,,,,,,,,,,,,,,,142.0,3.2677379,-0.055123143,142.0,3.2677379,27.25746,142.0,3.2677379,-0.001837438,142.0,3.2677379,1.0000001e-07,142.0,3.2677379,7.0,,,,,,,
142.0,3.2077794,0.1934107,142.0,3.2077794,0.19897367,,,,,,,,,,,,,,,,,,,,,,,,,,,,,,,,,,,,,,,,,,,,,,,,,,,,,,,,,,,,,142.0,3.2077794,-0.2727853,142.0,3.2077794,0.6592884,,,,,,,,,,,,,,,,,142.0,3.297717,-0.005902335,142.0,3.297717,-0.0016546393,,,,,,,,,,,,,,,,,,,,142.0,3.297717,0.008705703,142.0,3.297717,27.538305,142.0,3.297717,0.00029019013,142.0,3.297717,1.0000001e-07,142.0,3.297717,7.0,,,,,,,
142.0,3.2377586,0.19647479,142.0,3.2377586,0.19428828,,,,,,,,,,,,,,,,,,,,,,,,,,,,,,,,,,,,,,,,,,,,,,,,,,,,,,,,,,,,,142.0,3.2377586,0.31417024,142.0,3.2377586,-0.1910244,,,,,,,,,,,,,,,,,142.0,3.3276963,0.0032431392,142.0,3.3276963,-4.3324297e-05,,,,,,,,,,,,,,,,,,,,142.0,3.3276963,-0.059684712,142.0,3.3276963,27.237389,142.0,3.3276963,-0.0019894904,142.0,3.3276963,1.0000001e-07,142.0,3.3276963,7.0,,,,,,,
142.0,3.2677379,0.19558233,142.0,3.2677379,0.197635,,,,,,,,,,,,,,,,,,,,,,,,,,,,,,,,,,,,,,,,,,,,,,,,,,,,,,,,,,,,,142.0,3.2677379,0.12693848,142.0,3.2677379,0.37466258,,,,,,,,,,,,,,,,,142.0,3.3576756,0.0054203463,142.0,3.3576756,-0.0008000658,,,,,,,,,,,,,,,,,,,,142.0,3.3576756,-0.0779096,142.0,3.3576756,27.1572,142.0,3.3576756,-0.0025969865,142.0,3.3576756,1.0000001e-07,142.0,3.3576756,7.0,,,,,,,
142.0,3.297717,0.19360405,142.0,3.297717,0.19570132,,,,,,,,,,,,,,,,,,,,,,,,,,,,,,,,,,,,,,,,,,,,,,,,,,,,,,,,,,,,,142.0,3.297717,-0.2519051,142.0,3.297717,0.0024563936,,,,,,,,,,,,,,,,,142.0,3.3876548,0.00171995,142.0,3.3876548,0.00082852796,,,,,,,,,,,,,,,,,,,,142.0,3.3876548,0.006457672,142.0,3.3876548,27.528414,142.0,3.3876548,0.00021525573,142.0,3.3876548,1.0000001e-07,142.0,3.3876548,7.0,,,,,,,
142.0,3.3276963,0.19704,142.0,3.3276963,0.19637066,,,,,,,,,,,,,,,,,,,,,,,,,,,,,,,,,,,,,,,,,,,,,,,,,,,,,,,,,,,,,142.0,3.3276963,0.4025793,142.0,3.3276963,0.104553156,,,,,,,,,,,,,,,,,142.0,3.417634,0.0015084136,142.0,3.417634,0.0018693688,,,,,,,,,,,,,,,,,,,,142.0,3.417634,-0.059237726,142.0,3.417634,27.239353,142.0,3.417634,-0.001974591,142.0,3.417634,1.0000001e-07,142.0,3.417634,7.0,,,,,,,
142.0,3.3576756,0.19769448,142.0,3.3576756,0.19614755,,,,,,,,,,,,,,,,,,,,,,,,,,,,,,,,,,,,,,,,,,,,,,,,,,,,,,,,,,,,,142.0,3.3576756,0.51718277,142.0,3.3576756,0.08279114,,,,,,,,,,,,,,,,,142.0,3.4476132,0.0029110557,142.0,3.4476132,0.002480741,,,,,,,,,,,,,,,,,,,,142.0,3.4476132,0.0723612,142.0,3.4476132,27.818388,142.0,3.4476132,0.0024120403,142.0,3.4476132,1.0000001e-07,142.0,3.4476132,7.0,,,,,,,
142.0,3.3876548,0.19635579,142.0,3.3876548,0.19665328,,,,,,,,,,,,,,,,,,,,,,,,,,,,,,,,,,,,,,,,,,,,,,,,,,,,,,,,,,,,,142.0,3.3876548,0.28654593,142.0,3.3876548,0.14052783,,,,,,,,,,,,,,,,,142.0,3.4775925,1.4897669e-05,142.0,3.4775925,-0.00829437,,,,,,,,,,,,,,,,,,,,142.0,3.4775925,-0.120478116,142.0,3.4775925,26.969896,142.0,3.4775925,-0.0040159365,142.0,3.4775925,1.0000001e-07,142.0,3.4775925,7.0,,,,,,,
142.0,3.417634,0.19623679,142.0,3.417634,0.1970995,,,,,,,,,,,,,,,,,,,,,,,,,,,,,,,,,,,,,,,,,,,,,,,,,,,,,,,,,,,,,142.0,3.417634,0.26416457,142.0,3.417634,0.24316828,,,,,,,,,,,,,,,,,142.0,3.5075717,-0.003628165,142.0,3.5075717,0.010121539,,,,,,,,,,,,,,,,,,,,142.0,3.5075717,0.0030454902,142.0,3.5075717,27.5134,142.0,3.5075717,0.000101516336,142.0,3.5075717,1.0000001e-07,142.0,3.5075717,7.0,,,,,,,
142.0,3.4476132,0.19675739,142.0,3.4476132,0.1972185,,,,,,,,,,,,,,,,,,,,,,,,,,,,,,,,,,,,,,,,,,,,,,,,,,,,,,,,,,,,,142.0,3.4476132,0.34624314,142.0,3.4476132,0.30757853,,,,,,,,,,,,,,,,,142.0,3.5375512,0.0006375636,142.0,3.5375512,-0.016921077,,,,,,,,,,,,,,,,,,,,142.0,3.5375512,-0.0054483637,142.0,3.5375512,27.476028,142.0,3.5375512,-0.00018161217,142.0,3.5375512,1.0000001e-07,142.0,3.5375512,7.0,,,,,,,
142.0,3.4775925,0.19580545,142.0,3.4775925,0.19364867,,,,,,,,,,,,,,,,,,,,,,,,,,,,,,,,,,,,,,,,,,,,,,,,,,,,,,,,,,,,,142.0,3.4775925,0.17098774,142.0,3.4775925,-0.36667094,,,,,,,,,,,,,,,,,142.0,3.5675304,0.0017051867,142.0,3.5675304,-0.010123718,,,,,,,,,,,,,,,,,,,,142.0,3.5675304,0.016708547,142.0,3.5675304,27.573519,142.0,3.5675304,0.0005569516,142.0,3.5675304,1.0000001e-07,142.0,3.5675304,7.0,,,,,,,
142.0,3.5075717,0.19455601,142.0,3.5075717,0.19968764,,,,,,,,,,,,,,,,,,,,,,,,,,,,,,,,,,,,,,,,,,,,,,,,,,,,,,,,,,,,,142.0,3.5075717,-0.049885675,142.0,3.5075717,0.71496326,,,,,,,,,,,,,,,,,142.0,3.5975096,-0.005257442,142.0,3.5975096,0.0010569247,,,,,,,,,,,,,,,,,,,,142.0,3.5975096,-0.035462335,142.0,3.5975096,27.343966,142.0,3.5975096,-0.0011820778,142.0,3.5975096,1.0000001e-07,142.0,3.5975096,7.0,,,,,,,
142.0,3.537551,0.19590956,142.0,3.537551,0.19089693,,,,,,,,,,,,,,,,,,,,,,,,,,,,,,,,,,,,,,,,,,,,,,,,,,,,,,,,,,,,,142.0,3.537551,0.20914155,142.0,3.537551,-0.91839767,,,,,,,,,,,,,,,,,142.0,3.6274889,0.0042285207,142.0,3.6274889,-0.0059269834,,,,,,,,,,,,,,,,,,,,142.0,3.6274889,-0.12754256,142.0,3.6274889,26.93881,142.0,3.6274889,-0.004251418,142.0,3.6274889,1.0000001e-07,142.0,3.6274889,7.0,,,,,,,
142.0,3.5675302,0.1962219,142.0,3.5675302,0.19308345,,,,,,,,,,,,,,,,,,,,,,,,,,,,,,,,,,,,,,,,,,,,,,,,,,,,,,,,,,,,,142.0,3.5675302,0.24386708,142.0,3.5675302,-0.4910877,,,,,,,,,,,,,,,,,142.0,3.657468,0.0077122333,142.0,3.657468,-0.0031115273,,,,,,,,,,,,,,,,,,,,142.0,3.657468,-0.20411007,142.0,3.657468,26.601915,142.0,3.657468,-0.0068036686,142.0,3.657468,1.0000001e-07,142.0,3.657468,7.0,,,,,,,
142.0,3.5975094,0.19402054,142.0,3.5975094,0.19666816,,,,,,,,,,,,,,,,,,,,,,,,,,,,,,,,,,,,,,,,,,,,,,,,,,,,,,,,,,,,,142.0,3.5975094,-0.13603258,142.0,3.5975094,0.21889739,,,,,,,,,,,,,,,,,142.0,3.6874473,-0.0035648057,142.0,3.6874473,-0.009035136,,,,,,,,,,,,,,,,,,,,142.0,3.6874473,-0.19567238,142.0,3.6874473,26.639042,142.0,3.6874473,-0.006522413,142.0,3.6874473,1.0000001e-07,142.0,3.6874473,7.0,,,,,,,
142.0,3.6274889,0.19701025,142.0,3.6274889,0.19452626,,,,,,,,,,,,,,,,,,,,,,,,,,,,,,,,,,,,,,,,,,,,,,,,,,,,,,,,,,,,,142.0,3.6274889,0.39246637,142.0,3.6274889,-0.19285463,,,,,,,,,,,,,,,,,142.0,3.7174265,-0.0025322093,142.0,3.7174265,0.009175027,,,,,,,,,,,,,,,,,,,,142.0,3.7174265,-0.051292583,142.0,3.7174265,27.274313,142.0,3.7174265,-0.0017097528,142.0,3.7174265,1.0000001e-07,142.0,3.7174265,7.0,,,,,,,
142.0,3.657468,0.19788784,142.0,3.657468,0.19550796,,,,,,,,,,,,,,,,,,,,,,,,,,,,,,,,,,,,,,,,,,,,,,,,,,,,,,,,,,,,,142.0,3.657468,0.5389842,142.0,3.657468,-0.029943846,,,,,,,,,,,,,,,,,142.0,3.7474058,0.0008729922,142.0,3.7474058,-0.0068560345,,,,,,,,,,,,,,,,,,,,142.0,3.7474058,0.08139746,142.0,3.7474058,27.858149,142.0,3.7474058,0.0027132488,142.0,3.7474058,1.0000001e-07,142.0,3.7474058,7.0,,,,,,,
142.0,3.6874473,0.19460063,142.0,3.6874473,0.19378252,,,,,,,,,,,,,,,,,,,,,,,,,,,,,,,,,,,,,,,,,,,,,,,,,,,,,,,,,,,,,142.0,3.6874473,-0.06325157,142.0,3.6874473,-0.36268172,,,,,,,,,,,,,,,,,142.0,3.777385,0.015206873,142.0,3.777385,0.00049196684,,,,,,,,,,,,,,,,,,,,142.0,3.777385,-0.06922336,142.0,3.777385,27.195417,142.0,3.777385,-0.0023074457,142.0,3.777385,1.0000001e-07,142.0,3.777385,7.0,,,,,,,
142.0,3.7174265,0.19492786,142.0,3.7174265,0.19912243,,,,,,,,,,,,,,,,,,,,,,,,,,,,,,,,,,,,,,,,,,,,,,,,,,,,,,,,,,,,,142.0,3.7174265,-0.0002090931,142.0,3.7174265,0.6249937,,,,,,,,,,,,,,,,,142.0,3.8073642,-0.006832531,142.0,3.8073642,-0.0055341776,,,,,,,,,,,,,,,,,,,,142.0,3.8073642,0.0057516745,142.0,3.8073642,27.525307,142.0,3.8073642,0.00019172246,142.0,3.8073642,1.0000001e-07,142.0,3.8073642,7.0,,,,,,,
142.0,3.7474058,0.19601367,142.0,3.7474058,0.1943329,,,,,,,,,,,,,,,,,,,,,,,,,,,,,,,,,,,,,,,,,,,,,,,,,,,,,,,,,,,,,142.0,3.7474058,0.19182016,142.0,3.7474058,-0.25816393,,,,,,,,,,,,,,,,,142.0,3.8373435,-0.01076111,142.0,3.8373435,0.0024443897,,,,,,,,,,,,,,,,,,,,142.0,3.8373435,0.08751808,142.0,3.8373435,27.885078,142.0,3.8373435,0.0029172695,142.0,3.8373435,1.0000001e-07,142.0,3.8373435,7.0,,,,,,,
142.0,3.777385,0.1999405,142.0,3.777385,0.19643016,,,,,,,,,,,,,,,,,,,,,,,,,,,,,,,,,,,,,,,,,,,,,,,,,,,,,,,,,,,,,142.0,3.777385,0.98079467,142.0,3.777385,0.10414501,,,,,,,,,,,,,,,,,142.0,3.8673227,-0.007592722,142.0,3.8673227,-0.0026227152,,,,,,,,,,,,,,,,,,,,142.0,3.8673227,-0.055851646,142.0,3.8673227,27.254251,142.0,3.8673227,-0.0018617215,142.0,3.8673227,1.0000001e-07,142.0,3.8673227,7.0,,,,,,,
142.0,3.8073642,0.19375281,142.0,3.8073642,0.19470471,,,,,,,,,,,,,,,,,,,,,,,,,,,,,,,,,,,,,,,,,,,,,,,,,,,,,,,,,,,,,142.0,3.8073642,-0.20313981,142.0,3.8073642,-0.16402708,,,,,,,,,,,,,,,,,142.0,3.897302,0.0050924593,142.0,3.897302,0.0040865256,,,,,,,,,,,,,,,,,,,,142.0,3.897302,0.07084522,142.0,3.897302,27.81172,142.0,3.897302,0.002361507,142.0,3.897302,1.0000001e-07,142.0,3.897302,7.0,,,,,,,
142.0,3.8373435,0.19274133,142.0,3.8373435,0.19695075,,,,,,,,,,,,,,,,,,,,,,,,,,,,,,,,,,,,,,,,,,,,,,,,,,,,,,,,,,,,,142.0,3.8373435,-0.39904597,142.0,3.8373435,0.23610207,,,,,,,,,,,,,,,,,142.0,3.9272811,-0.00055667676,142.0,3.9272811,0.0004177853,,,,,,,,,,,,,,,,,,,,142.0,3.9272811,-0.12280795,142.0,3.9272811,26.959642,142.0,3.9272811,-0.0040935986,142.0,3.9272811,1.0000001e-07,142.0,3.9272811,7.0,,,,,,,
142.0,3.8673227,0.19352967,142.0,3.8673227,0.19564183,,,,,,,,,,,,,,,,,,,,,,,,,,,,,,,,,,,,,,,,,,,,,,,,,,,,,,,,,,,,,142.0,3.8673227,-0.2941845,142.0,3.8673227,0.0097465515,,,,,,,,,,,,,,,,,142.0,3.9572606,-0.0078112623,142.0,3.9572606,-0.0038530577,,,,,,,,,,,,,,,,,,,,142.0,3.9572606,-0.035904035,142.0,3.9572606,27.342022,142.0,3.9572606,-0.0011968008,142.0,3.9572606,1.0000001e-07,142.0,3.9572606,7.0,,,,,,,
142.0,3.897302,0.196921,142.0,3.897302,0.19730775,,,,,,,,,,,,,,,,,,,,,,,,,,,,,,,,,,,,,,,,,,,,,,,,,,,,,,,,,,,,,142.0,3.897302,0.3609267,142.0,3.897302,0.33182278,,,,,,,,,,,,,,,,,142.0,3.9872398,0.0001332048,142.0,3.9872398,-0.0006438119,,,,,,,,,,,,,,,,,,,,142.0,3.9872398,-0.04663182,142.0,3.9872398,27.294823,142.0,3.9872398,-0.0015543939,142.0,3.9872398,1.0000001e-07,142.0,3.9872398,7.0,,,,,,,
142.0,3.9272811,0.19555257,142.0,3.9272811,0.19640042,,,,,,,,,,,,,,,,,,,,,,,,,,,,,,,,,,,,,,,,,,,,,,,,,,,,,,,,,,,,,142.0,3.9272811,0.118815765,142.0,3.9272811,0.13738331,,,,,,,,,,,,,,,,,142.0,4.017219,0.0030676094,142.0,4.017219,-0.0006557725,,,,,,,,,,,,,,,,,,,,142.0,4.017219,-0.0005338159,142.0,4.017219,27.497654,142.0,4.017219,-1.7793953e-05,142.0,4.017219,1.0000001e-07,142.0,4.017219,7.0,,,,,,,
142.0,3.9572604,0.19352967,142.0,3.9572604,0.19529973,,,,,,,,,,,,,,,,,,,,,,,,,,,,,,,,,,,,,,,,,,,,,,,,,,,,,,,,,,,,,142.0,3.9572604,-0.23224068,142.0,3.9572604,-0.04522203,,,,,,,,,,,,,,,,,142.0,4.0471983,-0.0002572106,142.0,4.0471983,-0.0036029082,,,,,,,,,,,,,,,,,,,,142.0,4.0471983,0.06932308,142.0,4.0471983,27.805021,142.0,4.0471983,0.0023107694,142.0,4.0471983,1.0000001e-07,142.0,4.0471983,7.0,,,,,,,
142.0,3.9872396,0.19552281,142.0,3.9872396,0.19607317,,,,,,,,,,,,,,,,,,,,,,,,,,,,,,,,,,,,,,,,,,,,,,,,,,,,,,,,,,,,,142.0,3.9872396,0.1267671,142.0,3.9872396,0.11676702,,,,,,,,,,,,,,,,,142.0,4.0771775,-0.004439629,142.0,4.0771775,-0.0035307743,,,,,,,,,,,,,,,,,,,,142.0,4.0771775,-0.09005302,142.0,4.0771775,27.103767,142.0,4.0771775,-0.0030017672,142.0,4.0771775,1.0000001e-07,142.0,4.0771775,7.0,,,,,,,
142.0,4.017219,0.19644505,142.0,4.017219,0.19613267,,,,,,,,,,,,,,,,,,,,,,,,,,,,,,,,,,,,,,,,,,,,,,,,,,,,,,,,,,,,,142.0,4.017219,0.33368194,142.0,4.017219,0.065043196,,,,,,,,,,,,,,,,,142.0,4.1071568,-0.0052941903,142.0,4.1071568,0.004567057,,,,,,,,,,,,,,,,,,,,142.0,4.1071568,0.039292213,142.0,4.1071568,27.672888,142.0,4.1071568,0.0013097405,142.0,4.1071568,1.0000001e-07,142.0,4.1071568,7.0,,,,,,,
142.0,4.0471983,0.19547823,142.0,4.0471983,0.19535923,,,,,,,,,,,,,,,,,,,,,,,,,,,,,,,,,,,,,,,,,,,,,,,,,,,,,,,,,,,,,142.0,4.0471983,0.13073705,142.0,4.0471983,-0.043675564,,,,,,,,,,,,,,,,,142.0,4.137136,-0.006155124,142.0,4.137136,-0.009038533,,,,,,,,,,,,,,,,,,,,142.0,4.137136,0.06825879,142.0,4.137136,27.800339,142.0,4.137136,0.0022752932,142.0,4.137136,1.0000001e-07,142.0,4.137136,7.0,,,,,,,
142.0,4.0771775,0.19446677,142.0,4.0771775,0.19544846,,,,,,,,,,,,,,,,,,,,,,,,,,,,,,,,,,,,,,,,,,,,,,,,,,,,,,,,,,,,,142.0,4.0771775,-0.06583115,142.0,4.0771775,-0.024877483,,,,,,,,,,,,,,,,,142.0,4.167115,-0.0042541977,142.0,4.167115,0.0069499263,,,,,,,,,,,,,,,,,,,,142.0,4.167115,0.05714441,142.0,4.167115,27.751434,142.0,4.167115,0.0019048138,142.0,4.167115,1.0000001e-07,142.0,4.167115,7.0,,,,,,,
142.0,4.1071568,0.19436261,142.0,4.1071568,0.1973375,,,,,,,,,,,,,,,,,,,,,,,,,,,,,,,,,,,,,,,,,,,,,,,,,,,,,,,,,,,,,142.0,4.1071568,-0.08261217,142.0,4.1071568,0.30839,,,,,,,,,,,,,,,,,142.0,4.1970944,0.004084288,142.0,4.1970944,0.0070860037,,,,,,,,,,,,,,,,,,,,142.0,4.1970944,-0.08806452,142.0,4.1970944,27.112516,142.0,4.1970944,-0.0029354845,142.0,4.1970944,1.0000001e-07,142.0,4.1970944,7.0,,,,,,,
142.0,4.137136,0.19412464,142.0,4.137136,0.19405028,,,,,,,,,,,,,,,,,,,,,,,,,,,,,,,,,,,,,,,,,,,,,,,,,,,,,,,,,,,,,142.0,4.137136,-0.15565723,142.0,4.137136,-0.31196418,,,,,,,,,,,,,,,,,142.0,4.2270737,0.0011978303,142.0,4.2270737,-0.009204518,,,,,,,,,,,,,,,,,,,,142.0,4.2270737,0.02802573,142.0,4.2270737,27.623314,142.0,4.2270737,0.00093419116,142.0,4.2270737,1.0000001e-07,142.0,4.2270737,7.0,,,,,,,
142.0,4.167115,0.19455601,142.0,4.167115,0.19778374,,,,,,,,,,,,,,,,,,,,,,,,,,,,,,,,,,,,,,,,,,,,,,,,,,,,,,,,,,,,,142.0,4.167115,-0.031478897,142.0,4.167115,0.44016382,,,,,,,,,,,,,,,,,142.0,4.257053,-0.013066615,142.0,4.257053,0.014303901,,,,,,,,,,,,,,,,,,,,142.0,4.257053,-0.020707062,142.0,4.257053,27.408888,142.0,4.257053,-0.0006902353,142.0,4.257053,1.0000001e-07,142.0,4.257053,7.0,,,,,,,
142.0,4.1970944,0.19644505,142.0,4.1970944,0.19782835,,,,,,,,,,,,,,,,,,,,,,,,,,,,,,,,,,,,,,,,,,,,,,,,,,,,,,,,,,,,,142.0,4.1970944,0.22963269,142.0,4.1970944,0.407385,,,,,,,,,,,,,,,,,142.0,4.287032,0.014253823,142.0,4.287032,-0.0030712988,,,,,,,,,,,,,,,,,,,,142.0,4.287032,-0.12849627,142.0,4.287032,26.934616,142.0,4.287032,-0.0042832093,142.0,4.287032,1.0000001e-07,142.0,4.287032,7.0,,,,,,,
142.0,4.2270737,0.19590956,142.0,4.2270737,0.1940949,,,,,,,,,,,,,,,,,,,,,,,,,,,,,,,,,,,,,,,,,,,,,,,,,,,,,,,,,,,,,142.0,4.2270737,0.16048625,142.0,4.2270737,-0.29615727,,,,,,,,,,,,,,,,,142.0,4.3170114,0.001990272,142.0,4.3170114,0.008058918,,,,,,,,,,,,,,,,,,,,142.0,4.3170114,-0.043291245,142.0,4.3170114,27.309517,142.0,4.3170114,-0.0014430415,142.0,4.3170114,1.0000001e-07,142.0,4.3170114,7.0,,,,,,,
142.0,4.257053,0.19278598,142.0,4.257053,0.19924141,,,,,,,,,,,,,,,,,,,,,,,,,,,,,,,,,,,,,,,,,,,,,,,,,,,,,,,,,,,,,142.0,4.257053,-0.42352775,142.0,4.257053,0.67611396,,,,,,,,,,,,,,,,,142.0,4.3469906,0.009396253,142.0,4.3469906,-0.0073065097,,,,,,,,,,,,,,,,,,,,142.0,4.3469906,-0.052100923,142.0,4.3469906,27.270756,142.0,4.3469906,-0.0017366974,142.0,4.3469906,1.0000001e-07,142.0,4.3469906,7.0,,,,,,,
142.0,4.287032,0.19869106,142.0,4.287032,0.19559722,,,,,,,,,,,,,,,,,,,,,,,,,,,,,,,,,,,,,,,,,,,,,,,,,,,,,,,,,,,,,142.0,4.287032,0.71101254,142.0,4.287032,-0.01734617,,,,,,,,,,,,,,,,,142.0,4.37697,-0.00018874586,142.0,4.37697,-0.0059748064,,,,,,,,,,,,,,,,,,,,142.0,4.37697,0.11575969,142.0,4.37697,28.009342,142.0,4.37697,0.0038586566,142.0,4.37697,1.0000001e-07,142.0,4.37697,7.0,,,,,,,
142.0,4.3170114,0.19593932,142.0,4.3170114,0.19784322,,,,,,,,,,,,,,,,,,,,,,,,,,,,,,,,,,,,,,,,,,,,,,,,,,,,,,,,,,,,,142.0,4.3170114,0.19475634,142.0,4.3170114,0.46750674,,,,,,,,,,,,,,,,,142.0,4.406949,0.008613255,142.0,4.406949,0.01610808,,,,,,,,,,,,,,,,,,,,142.0,4.406949,-0.06359856,142.0,4.406949,27.220167,142.0,4.406949,-0.0021199516,142.0,4.406949,1.0000001e-07,142.0,4.406949,7.0,,,,,,,
142.0,4.3469906,0.19756061,142.0,4.3469906,0.194675,,,,,,,,,,,,,,,,,,,,,,,,,,,,,,,,,,,,,,,,,,,,,,,,,,,,,,,,,,,,,142.0,4.3469906,0.5375694,142.0,4.3469906,-0.17479883,,,,,,,,,,,,,,,,,142.0,4.4369283,0.004630954,142.0,4.4369283,-0.008817302,,,,,,,,,,,,,,,,,,,,142.0,4.4369283,-0.17359133,142.0,4.4369283,26.736198,142.0,4.4369283,-0.0057863784,142.0,4.4369283,1.0000001e-07,142.0,4.4369283,7.0,,,,,,,
142.0,4.37697,0.19544846,142.0,4.37697,0.1948981,,,,,,,,,,,,,,,,,,,,,,,,,,,,,,,,,,,,,,,,,,,,,,,,,,,,,,,,,,,,,142.0,4.37697,0.12487909,142.0,4.37697,-0.17374721,,,,,,,,,,,,,,,,,142.0,4.4669075,-0.00047396662,142.0,4.4669075,0.007667115,,,,,,,,,,,,,,,,,,,,142.0,4.4669075,0.013630708,142.0,4.4669075,27.559975,142.0,4.4669075,0.00045435678,142.0,4.4669075,1.0000001e-07,142.0,4.4669075,7.0,,,,,,,
142.0,4.406949,0.19724825,142.0,4.406949,0.19943477,,,,,,,,,,,,,,,,,,,,,,,,,,,,,,,,,,,,,,,,,,,,,,,,,,,,,,,,,,,,,142.0,4.406949,0.5139468,142.0,4.406949,0.6775858,,,,,,,,,,,,,,,,,142.0,4.4968867,0.0060725817,142.0,4.4968867,-0.015114571,,,,,,,,,,,,,,,,,,,,142.0,4.4968867,0.14402707,142.0,4.4968867,28.133718,142.0,4.4968867,0.0048009027,142.0,4.4968867,1.0000001e-07,142.0,4.4968867,7.0,,,,,,,
142.0,4.4369283,0.19648966,142.0,4.4369283,0.1943775,,,,,,,,,,,,,,,,,,,,,,,,,,,,,,,,,,,,,,,,,,,,,,,,,,,,,,,,,,,,,142.0,4.4369283,0.27600476,142.0,4.4369283,-0.2609231,,,,,,,,,,,,,,,,,142.0,4.526866,-0.014111108,142.0,4.526866,-0.0003347496,,,,,,,,,,,,,,,,,,,,142.0,4.526866,0.014761556,142.0,4.526866,27.564949,142.0,4.526866,0.0004920518,142.0,4.526866,1.0000001e-07,142.0,4.526866,7.0,,,,,,,
142.0,4.4669075,0.19538896,142.0,4.4669075,0.19766474,,,,,,,,,,,,,,,,,,,,,,,,,,,,,,,,,,,,,,,,,,,,,,,,,,,,,,,,,,,,,142.0,4.4669075,0.06559554,142.0,4.4669075,0.36066267,,,,,,,,,,,,,,,,,142.0,4.556845,0.001043505,142.0,4.556845,-0.0077520343,,,,,,,,,,,,,,,,,,,,142.0,4.556845,-0.05879636,142.0,4.556845,27.241295,142.0,4.556845,-0.0019598787,142.0,4.556845,1.0000001e-07,142.0,4.556845,7.0,,,,,,,
142.0,4.4968867,0.19668303,142.0,4.4968867,0.19315782,,,,,,,,,,,,,,,,,,,,,,,,,,,,,,,,,,,,,,,,,,,,,,,,,,,,,,,,,,,,,142.0,4.4968867,0.38272747,142.0,4.4968867,-0.5134041,,,,,,,,,,,,,,,,,142.0,4.586825,0.007993035,142.0,4.586825,0.008580986,,,,,,,,,,,,,,,,,,,,142.0,4.586825,-0.073675916,142.0,4.586825,27.175827,142.0,4.586825,-0.0024558639,142.0,4.586825,1.0000001e-07,142.0,4.586825,7.0,,,,,,,
142.0,4.526866,0.19274133,142.0,4.526866,0.19608805,,,,,,,,,,,,,,,,,,,,,,,,,,,,,,,,,,,,,,,,,,,,,,,,,,,,,,,,,,,,,142.0,4.526866,-0.40424836,142.0,4.526866,0.10334657,,,,,,,,,,,,,,,,,142.0,4.616804,-6.2187514e-06,142.0,4.616804,0.009492227,,,,,,,,,,,,,,,,,,,,142.0,4.616804,0.028975457,142.0,4.616804,27.627491,142.0,4.616804,0.00096584845,142.0,4.616804,1.0000001e-07,142.0,4.616804,7.0,,,,,,,
142.0,4.556845,0.1957162,142.0,4.556845,0.19457088,,,,,,,,,,,,,,,,,,,,,,,,,,,,,,,,,,,,,,,,,,,,,,,,,,,,,,,,,,,,,142.0,4.556845,0.13405651,142.0,4.556845,-0.19888183,,,,,,,,,,,,,,,,,142.0,4.6467834,-0.00038188157,142.0,4.6467834,-0.007615776,,,,,,,,,,,,,,,,,,,,142.0,4.6467834,-0.06489289,142.0,4.6467834,27.21447,142.0,4.6467834,-0.0021630963,142.0,4.6467834,1.0000001e-07,142.0,4.6467834,7.0,,,,,,,
142.0,4.5868244,0.19702514,142.0,4.5868244,0.19784325,,,,,,,,,,,,,,,,,,,,,,,,,,,,,,,,,,,,,,,,,,,,,,,,,,,,,,,,,,,,,142.0,4.5868244,0.38054883,142.0,4.5868244,0.3712084,,,,,,,,,,,,,,,,,142.0,4.6767626,-0.018885268,142.0,4.6767626,0.0025574246,,,,,,,,,,,,,,,,,,,,142.0,4.6767626,0.022861721,142.0,4.6767626,27.60059,142.0,4.6767626,0.00076205726,142.0,4.6767626,1.0000001e-07,142.0,4.6767626,7.0,,,,,,,
142.0,4.6168036,0.19541872,142.0,4.6168036,0.19794734,,,,,,,,,,,,,,,,,,,,,,,,,,,,,,,,,,,,,,,,,,,,,,,,,,,,,,,,,,,,,142.0,4.6168036,0.12312607,142.0,4.6168036,0.43056813,,,,,,,,,,,,,,,,,142.0,4.706742,-0.010002239,142.0,4.706742,-0.0061800173,,,,,,,,,,,,,,,,,,,,142.0,4.706742,0.022111863,142.0,4.706742,27.597294,142.0,4.706742,0.0007370619,142.0,4.706742,1.0000001e-07,142.0,4.706742,7.0,,,,,,,
142.0,4.646783,0.19532949,142.0,4.646783,0.19471961,,,,,,,,,,,,,,,,,,,,,,,,,,,,,,,,,,,,,,,,,,,,,,,,,,,,,,,,,,,,,142.0,4.646783,0.040357947,142.0,4.646783,-0.18346265,,,,,,,,,,,,,,,,,142.0,4.736721,-0.008978692,142.0,4.736721,0.007000895,,,,,,,,,,,,,,,,,,,,142.0,4.736721,0.1276785,142.0,4.736721,28.061785,142.0,4.736721,0.0042559495,142.0,4.736721,1.0000001e-07,142.0,4.736721,7.0,,,,,,,
142.0,4.676762,0.19193813,142.0,4.676762,0.19666816,,,,,,,,,,,,,,,,,,,,,,,,,,,,,,,,,,,,,,,,,,,,,,,,,,,,,,,,,,,,,142.0,4.676762,-0.53124166,142.0,4.676762,0.17979091,,,,,,,,,,,,,,,,,142.0,4.7667003,-0.0036519812,142.0,4.7667003,0.02483442,,,,,,,,,,,,,,,,,,,,142.0,4.7667003,0.12965189,142.0,4.7667003,28.070469,142.0,4.7667003,0.0043217298,142.0,4.7667003,1.0000001e-07,142.0,4.7667003,7.0,,,,,,,
142.0,4.706742,0.19373791,142.0,4.706742,0.19498736,,,,,,,,,,,,,,,,,,,,,,,,,,,,,,,,,,,,,,,,,,,,,,,,,,,,,,,,,,,,,142.0,4.706742,-0.2454334,142.0,4.706742,-0.09948621,,,,,,,,,,,,,,,,,142.0,4.7966795,0.001334535,142.0,4.7966795,0.006758405,,,,,,,,,,,,,,,,,,,,142.0,4.7966795,-0.06285689,142.0,4.7966795,27.223429,142.0,4.7966795,-0.0020952297,142.0,4.7966795,1.0000001e-07,142.0,4.7966795,7.0,,,,,,,
142.0,4.736721,0.19390151,142.0,4.736721,0.19739698,,,,,,,,,,,,,,,,,,,,,,,,,,,,,,,,,,,,,,,,,,,,,,,,,,,,,,,,,,,,,142.0,4.736721,-0.21968627,142.0,4.736721,0.29524446,,,,,,,,,,,,,,,,,142.0,4.8266587,-0.016770482,142.0,4.8266587,-0.0068627186,,,,,,,,,,,,,,,,,,,,142.0,4.8266587,-0.13451876,142.0,4.8266587,26.90812,142.0,4.8266587,-0.0044839587,142.0,4.8266587,1.0000001e-07,142.0,4.8266587,7.0,,,,,,,
142.0,4.7667003,0.19491297,142.0,4.7667003,0.2004611,,,,,,,,,,,,,,,,,,,,,,,,,,,,,,,,,,,,,,,,,,,,,,,,,,,,,,,,,,,,,142.0,4.7667003,0.00097045634,142.0,4.7667003,0.89855385,,,,,,,,,,,,,,,,,142.0,4.856638,-0.01270796,142.0,4.856638,-0.008356246,,,,,,,,,,,,,,,,,,,,142.0,4.856638,-0.018971866,142.0,4.856638,27.416527,142.0,4.856638,-0.00063239556,142.0,4.856638,1.0000001e-07,142.0,4.856638,7.0,,,,,,,
142.0,4.7966795,0.19567159,142.0,4.7966795,0.19732262,,,,,,,,,,,,,,,,,,,,,,,,,,,,,,,,,,,,,,,,,,,,,,,,,,,,,,,,,,,,,142.0,4.7966795,0.13331454,142.0,4.7966795,0.30526373,,,,,,,,,,,,,,,,,142.0,4.886617,-0.009493178,142.0,4.886617,-0.0066840644,,,,,,,,,,,,,,,,,,,,142.0,4.886617,-0.10168579,142.0,4.886617,27.052584,142.0,4.886617,-0.0033895266,142.0,4.886617,1.0000001e-07,142.0,4.886617,7.0,,,,,,,
142.0,4.8266587,0.19256285,142.0,4.8266587,0.1949576,,,,,,,,,,,,,,,,,,,,,,,,,,,,,,,,,,,,,,,,,,,,,,,,,,,,,,,,,,,,,142.0,4.8266587,-0.5047814,142.0,4.8266587,-0.15490186,,,,,,,,,,,,,,,,,142.0,4.9165964,-0.004404258,142.0,4.9165964,-0.0045528705,,,,,,,,,,,,,,,,,,,,142.0,4.9165964,-0.017705373,142.0,4.9165964,27.422096,142.0,4.9165964,-0.0005901791,142.0,4.9165964,1.0000001e-07,142.0,4.9165964,7.0,,,,,,,
142.0,4.856638,0.19333631,142.0,4.856638,0.19470473,,,,,,,,,,,,,,,,,,,,,,,,,,,,,,,,,,,,,,,,,,,,,,,,,,,,,,,,,,,,,142.0,4.856638,-0.31190684,142.0,4.856638,-0.19390564,,,,,,,,,,,,,,,,,142.0,4.9465756,-0.024795722,142.0,4.9465756,0.007324251,,,,,,,,,,,,,,,,,,,,142.0,4.9465756,0.0834581,142.0,4.9465756,27.867214,142.0,4.9465756,0.0027819367,142.0,4.9465756,1.0000001e-07,142.0,4.9465756,7.0,,,,,,,
142.0,4.886617,0.1938718,142.0,4.886617,0.194913,,,,,,,,,,,,,,,,,,,,,,,,,,,,,,,,,,,,,,,,,,,,,,,,,,,,,,,,,,,,,142.0,4.886617,-0.1944295,142.0,4.886617,-0.16473952,,,,,,,,,,,,,,,,,142.0,4.976555,-0.0067773634,142.0,4.976555,0.010768169,,,,,,,,,,,,,,,,,,,,142.0,4.976555,-0.1111449,142.0,4.976555,27.010963,142.0,4.976555,-0.0037048298,142.0,4.976555,1.0000001e-07,142.0,4.976555,7.0,,,,,,,
142.0,4.9165964,0.19463037,142.0,4.9165964,0.19532947,,,,,,,,,,,,,,,,,,,,,,,,,,,,,,,,,,,,,,,,,,,,,,,,,,,,,,,,,,,,,142.0,4.9165964,-0.06116937,142.0,4.9165964,-0.07061857,,,,,,,,,,,,,,,,,142.0,5.006534,-0.0032590656,142.0,5.006534,-0.0038335281,,,,,,,,,,,,,,,,,,,,142.0,5.006534,-0.14618436,142.0,5.006534,26.856789,142.0,5.006534,-0.004872812,142.0,5.006534,1.0000001e-07,142.0,5.006534,7.0,,,,,,,
142.0,4.9465756,0.19135803,142.0,4.9465756,0.19732264,,,,,,,,,,,,,,,,,,,,,,,,,,,,,,,,,,,,,,,,,,,,,,,,,,,,,,,,,,,,,142.0,4.9465756,-0.6577117,142.0,4.9465756,0.32246724,,,,,,,,,,,,,,,,,142.0,5.0365133,-0.0046955585,142.0,5.0365133,0.006060231,,,,,,,,,,,,,,,,,,,,142.0,5.0365133,-0.078712486,142.0,5.0365133,27.153666,142.0,5.0365133,-0.0026237492,142.0,5.0365133,1.0000001e-07,142.0,5.0365133,7.0,,,,,,,
142.0,4.976555,0.19437751,142.0,4.976555,0.19781348,,,,,,,,,,,,,,,,,,,,,,,,,,,,,,,,,,,,,,,,,,,,,,,,,,,,,,,,,,,,,142.0,4.976555,-0.12912779,142.0,4.976555,0.4157029,,,,,,,,,,,,,,,,,142.0,5.0664926,-0.011089936,142.0,5.0664926,0.008471702,,,,,,,,,,,,,,,,,,,,142.0,5.0664926,-0.0068498943,142.0,5.0664926,27.46986,142.0,5.0664926,-0.00022832987,142.0,5.0664926,1.0000001e-07,142.0,5.0664926,7.0,,,,,,,
142.0,5.006534,0.19491298,142.0,5.006534,0.1954931,,,,,,,,,,,,,,,,,,,,,,,,,,,,,,,,,,,,,,,,,,,,,,,,,,,,,,,,,,,,,142.0,5.006534,0.008508457,142.0,5.006534,-0.067177,,,,,,,,,,,,,,,,,142.0,5.096472,0.005615617,142.0,5.096472,0.0016754778,,,,,,,,,,,,,,,,,,,,142.0,5.096472,-0.026569389,142.0,5.096472,27.383095,142.0,5.096472,-0.00088564627,142.0,5.096472,1.0000001e-07,142.0,5.096472,7.0,,,,,,,
142.0,5.0365133,0.1946155,142.0,5.0365133,0.19706976,,,,,,,,,,,,,,,,,,,,,,,,,,,,,,,,,,,,,,,,,,,,,,,,,,,,,,,,,,,,,142.0,5.0365133,-0.036906525,142.0,5.0365133,0.28991267,,,,,,,,,,,,,,,,,142.0,5.126451,-0.020633882,142.0,5.126451,-0.011746648,,,,,,,,,,,,,,,,,,,,142.0,5.126451,0.21566932,142.0,5.126451,28.448944,142.0,5.126451,0.0071889767,142.0,5.126451,1.0000001e-07,142.0,5.126451,7.0,,,,,,,
142.0,5.0664926,0.1936933,142.0,5.0664926,0.197397,,,,,,,,,,,,,,,,,,,,,,,,,,,,,,,,,,,,,,,,,,,,,,,,,,,,,,,,,,,,,142.0,5.0664926,-0.15968946,142.0,5.0664926,0.33525598,,,,,,,,,,,,,,,,,142.0,5.1564302,0.0059368485,142.0,5.1564302,0.013736777,,,,,,,,,,,,,,,,,,,,142.0,5.1564302,-0.068264276,142.0,5.1564302,27.199636,142.0,5.1564302,-0.0022754758,142.0,5.1564302,1.0000001e-07,142.0,5.1564302,7.0,,,,,,,
142.0,5.096472,0.19620705,142.0,5.096472,0.19635579,,,,,,,,,,,,,,,,,,,,,,,,,,,,,,,,,,,,,,,,,,,,,,,,,,,,,,,,,,,,,142.0,5.096472,0.24345845,142.0,5.096472,0.10483826,,,,,,,,,,,,,,,,,142.0,5.1864095,0.020203255,142.0,5.1864095,0.00051770173,,,,,,,,,,,,,,,,,,,,142.0,5.1864095,-0.32422698,142.0,5.1864095,26.073402,142.0,5.1864095,-0.010807567,142.0,5.1864095,1.0000001e-07,142.0,5.1864095,7.0,,,,,,,
142.0,5.126451,0.19226536,142.0,5.126451,0.19430314,,,,,,,,,,,,,,,,,,,,,,,,,,,,,,,,,,,,,,,,,,,,,,,,,,,,,,,,,,,,,142.0,5.126451,-0.44463667,142.0,5.126451,-0.21620482,,,,,,,,,,,,,,,,,142.0,5.2163887,0.0021666037,142.0,5.2163887,-0.00040073486,,,,,,,,,,,,,,,,,,,,142.0,5.2163887,-0.086498365,142.0,5.2163887,27.119406,142.0,5.2163887,-0.0028832788,142.0,5.2163887,1.0000001e-07,142.0,5.2163887,7.0,,,,,,,
142.0,5.1564302,0.19632605,142.0,5.1564302,0.19811097,,,,,,,,,,,,,,,,,,,,,,,,,,,,,,,,,,,,,,,,,,,,,,,,,,,,,,,,,,,,,142.0,5.1564302,0.257042,142.0,5.1564302,0.47819757,,,,,,,,,,,,,,,,,142.0,5.246368,-0.0023512493,142.0,5.246368,0.028084047,,,,,,,,,,,,,,,,,,,,142.0,5.246368,-0.023323804,142.0,5.246368,27.397375,142.0,5.246368,-0.00077746005,142.0,5.246368,1.0000001e-07,142.0,5.246368,7.0,,,,,,,
142.0,5.1864095,0.19836383,142.0,5.1864095,0.1961178,,,,,,,,,,,,,,,,,,,,,,,,,,,,,,,,,,,,,,,,,,,,,,,,,,,,,,,,,,,,,142.0,5.1864095,0.64561415,142.0,5.1864095,0.12385774,,,,,,,,,,,,,,,,,142.0,5.276347,0.008021154,142.0,5.276347,0.012730043,,,,,,,,,,,,,,,,,,,,142.0,5.276347,-0.047851972,142.0,5.276347,27.289452,142.0,5.276347,-0.0015950656,142.0,5.276347,1.0000001e-07,142.0,5.276347,7.0,,,,,,,
142.0,5.2163887,0.19568646,142.0,5.2163887,0.19610292,,,,,,,,,,,,,,,,,,,,,,,,,,,,,,,,,,,,,,,,,,,,,,,,,,,,,,,,,,,,,142.0,5.2163887,0.11213546,142.0,5.2163887,0.07755346,,,,,,,,,,,,,,,,,142.0,5.3063264,-0.020716852,142.0,5.3063264,-0.012851166,,,,,,,,,,,,,,,,,,,,142.0,5.3063264,0.10215092,142.0,5.3063264,27.949463,142.0,5.3063264,0.0034050304,142.0,5.3063264,1.0000001e-07,142.0,5.3063264,7.0,,,,,,,
142.0,5.246368,0.1950171,142.0,5.246368,0.200119,,,,,,,,,,,,,,,,,,,,,,,,,,,,,,,,,,,,,,,,,,,,,,,,,,,,,,,,,,,,,142.0,5.246368,0.022641527,142.0,5.246368,0.8593806,,,,,,,,,,,,,,,,,142.0,5.3363056,0.0124501595,142.0,5.3363056,-0.015270998,,,,,,,,,,,,,,,,,,,,142.0,5.3363056,0.071323484,142.0,5.3363056,27.813822,142.0,5.3363056,0.0023774493,142.0,5.3363056,1.0000001e-07,142.0,5.3363056,7.0,,,,,,,
142.0,5.276347,0.19656403,142.0,5.276347,0.19782837,,,,,,,,,,,,,,,,,,,,,,,,,,,,,,,,,,,,,,,,,,,,,,,,,,,,,,,,,,,,,142.0,5.276347,0.35481983,142.0,5.276347,0.39503664,,,,,,,,,,,,,,,,,142.0,5.366285,0.0021695225,142.0,5.366285,0.007149971,,,,,,,,,,,,,,,,,,,,142.0,5.366285,-0.036219534,142.0,5.366285,27.340631,142.0,5.366285,-0.0012073177,142.0,5.366285,1.0000001e-07,142.0,5.366285,7.0,,,,,,,
142.0,5.3063264,0.19244386,142.0,5.3063264,0.19424364,,,,,,,,,,,,,,,,,,,,,,,,,,,,,,,,,,,,,,,,,,,,,,,,,,,,,,,,,,,,,142.0,5.3063264,-0.4857038,142.0,5.3063264,-0.23246953,,,,,,,,,,,,,,,,,142.0,5.396264,0.0029101113,142.0,5.396264,0.016018186,,,,,,,,,,,,,,,,,,,,142.0,5.396264,-0.10666672,142.0,5.396264,27.030666,142.0,5.396264,-0.0035555575,142.0,5.396264,1.0000001e-07,142.0,5.396264,7.0,,,,,,,
142.0,5.3363056,0.19714412,142.0,5.3363056,0.19384204,,,,,,,,,,,,,,,,,,,,,,,,,,,,,,,,,,,,,,,,,,,,,,,,,,,,,,,,,,,,,142.0,5.3363056,0.4466796,142.0,5.3363056,-0.36439764,,,,,,,,,,,,,,,,,142.0,5.426244,0.008565454,142.0,5.426244,0.015772097,,,,,,,,,,,,,,,,,,,,142.0,5.426244,-0.2666383,142.0,5.426244,26.326792,142.0,5.426244,-0.008887943,142.0,5.426244,1.0000001e-07,142.0,5.426244,7.0,,,,,,,
142.0,5.366285,0.19565672,142.0,5.366285,0.1971144,,,,,,,,,,,,,,,,,,,,,,,,,,,,,,,,,,,,,,,,,,,,,,,,,,,,,,,,,,,,,142.0,5.366285,0.17615867,142.0,5.366285,0.30008006,,,,,,,,,,,,,,,,,142.0,5.456223,0.0032354316,142.0,5.456223,-0.004710341,,,,,,,,,,,,,,,,,,,,142.0,5.456223,-0.12501095,142.0,5.456223,26.949951,142.0,5.456223,-0.0041670315,142.0,5.456223,1.0000001e-07,142.0,5.456223,7.0,,,,,,,
142.0,5.396264,0.19580543,142.0,5.396264,0.1982597,,,,,,,,,,,,,,,,,,,,,,,,,,,,,,,,,,,,,,,,,,,,,,,,,,,,,,,,,,,,,142.0,5.396264,0.18175764,142.0,5.396264,0.46339878,,,,,,,,,,,,,,,,,142.0,5.4862022,0.0003799403,142.0,5.4862022,-0.021267727,,,,,,,,,,,,,,,,,,,,142.0,5.4862022,-0.102233514,142.0,5.4862022,27.050173,142.0,5.4862022,-0.0034077836,142.0,5.4862022,1.0000001e-07,142.0,5.4862022,7.0,,,,,,,
142.0,5.4262433,0.19654915,142.0,5.4262433,0.19821507,,,,,,,,,,,,,,,,,,,,,,,,,,,,,,,,,,,,,,,,,,,,,,,,,,,,,,,,,,,,,142.0,5.4262433,0.2917084,142.0,5.4262433,0.4592809,,,,,,,,,,,,,,,,,142.0,5.5161815,0.011001017,142.0,5.5161815,-0.015358523,,,,,,,,,,,,,,,,,,,,142.0,5.5161815,-0.18203992,142.0,5.5161815,26.699028,142.0,5.5161815,-0.006067997,142.0,5.5161815,1.0000001e-07,142.0,5.5161815,7.0,,,,,,,
142.0,5.4562225,0.19586495,142.0,5.4562225,0.19546334,,,,,,,,,,,,,,,,,,,,,,,,,,,,,,,,,,,,,,,,,,,,,,,,,,,,,,,,,,,,,142.0,5.4562225,0.13967517,142.0,5.4562225,-0.033189163,,,,,,,,,,,,,,,,,142.0,5.5461607,-0.026952626,142.0,5.5461607,0.0073077446,,,,,,,,,,,,,,,,,,,,142.0,5.5461607,-0.019499771,142.0,5.5461607,27.414202,142.0,5.5461607,-0.0006499922,142.0,5.5461607,1.0000001e-07,142.0,5.5461607,7.0,,,,,,,
142.0,5.486202,0.19543359,142.0,5.486202,0.19327681,,,,,,,,,,,,,,,,,,,,,,,,,,,,,,,,,,,,,,,,,,,,,,,,,,,,,,,,,,,,,142.0,5.486202,0.09205779,142.0,5.486202,-0.45727858,,,,,,,,,,,,,,,,,142.0,5.57614,0.019815065,142.0,5.57614,-0.0005167529,,,,,,,,,,,,,,,,,,,,142.0,5.57614,-0.33710566,142.0,5.57614,26.016735,142.0,5.57614,-0.011236856,142.0,5.57614,1.0000001e-07,142.0,5.57614,7.0,,,,,,,
142.0,5.516181,0.19677228,142.0,5.516181,0.19403541,,,,,,,,,,,,,,,,,,,,,,,,,,,,,,,,,,,,,,,,,,,,,,,,,,,,,,,,,,,,,142.0,5.516181,0.36966673,142.0,5.516181,-0.3167881,,,,,,,,,,,,,,,,,142.0,5.606119,0.005923799,142.0,5.606119,-0.0048327018,,,,,,,,,,,,,,,,,,,,142.0,5.606119,-0.081248455,142.0,5.606119,27.142508,142.0,5.606119,-0.002708282,142.0,5.606119,1.0000001e-07,142.0,5.606119,7.0,,,,,,,
142.0,5.5461607,0.19189349,142.0,5.5461607,0.19699539,,,,,,,,,,,,,,,,,,,,,,,,,,,,,,,,,,,,,,,,,,,,,,,,,,,,,,,,,,,,,142.0,5.5461607,-0.5695817,142.0,5.5461607,0.27357802,,,,,,,,,,,,,,,,,142.0,5.6360984,-0.020296715,142.0,5.6360984,-0.031298514,,,,,,,,,,,,,,,,,,,,142.0,5.6360984,-0.08316467,142.0,5.6360984,27.134073,142.0,5.6360984,-0.0027721555,142.0,5.6360984,1.0000001e-07,142.0,5.6360984,7.0,,,,,,,
142.0,5.57614,0.19788784,142.0,5.57614,0.19590956,,,,,,,,,,,,,,,,,,,,,,,,,,,,,,,,,,,,,,,,,,,,,,,,,,,,,,,,,,,,,142.0,5.57614,0.50371146,142.0,5.57614,0.036884632,,,,,,,,,,,,,,,,,142.0,5.6660776,0.007396235,142.0,5.6660776,0.0015054308,,,,,,,,,,,,,,,,,,,,142.0,5.6660776,-0.055940848,142.0,5.6660776,27.25386,142.0,5.6660776,-0.0018646946,142.0,5.6660776,1.0000001e-07,142.0,5.6660776,7.0,,,,,,,
142.0,5.606119,0.1960583,142.0,5.606119,0.19535922,,,,,,,,,,,,,,,,,,,,,,,,,,,,,,,,,,,,,,,,,,,,,,,,,,,,,,,,,,,,,142.0,5.606119,0.18042366,142.0,5.606119,-0.022536995,,,,,,,,,,,,,,,,,142.0,5.696057,-0.00013611715,142.0,5.696057,0.027913759,,,,,,,,,,,,,,,,,,,,142.0,5.696057,0.070111245,142.0,5.696057,27.808489,142.0,5.696057,0.0023370413,142.0,5.696057,1.0000001e-07,142.0,5.696057,7.0,,,,,,,
142.0,5.6360984,0.19278596,142.0,5.6360984,0.19205712,,,,,,,,,,,,,,,,,,,,,,,,,,,,,,,,,,,,,,,,,,,,,,,,,,,,,,,,,,,,,142.0,5.6360984,-0.38126892,142.0,5.6360984,-0.64438206,,,,,,,,,,,,,,,,,142.0,5.726036,-0.00063604367,142.0,5.726036,-0.011374065,,,,,,,,,,,,,,,,,,,,142.0,5.726036,0.06812511,142.0,5.726036,27.799751,142.0,5.726036,0.002270837,142.0,5.726036,1.0000001e-07,142.0,5.726036,7.0,,,,,,,
142.0,5.6660776,0.19620706,142.0,5.6660776,0.19620705,,,,,,,,,,,,,,,,,,,,,,,,,,,,,,,,,,,,,,,,,,,,,,,,,,,,,,,,,,,,,142.0,5.6660776,0.2833672,142.0,5.6660776,0.14036687,,,,,,,,,,,,,,,,,142.0,5.7560153,0.019693293,142.0,5.7560153,-9.9715675e-05,,,,,,,,,,,,,,,,,,,,142.0,5.7560153,-0.013548873,142.0,5.7560153,27.440386,142.0,5.7560153,-0.0004516288,142.0,5.7560153,1.0000001e-07,142.0,5.7560153,7.0,,,,,,,
142.0,5.696057,0.19532947,142.0,5.696057,0.19946451,,,,,,,,,,,,,,,,,,,,,,,,,,,,,,,,,,,,,,,,,,,,,,,,,,,,,,,,,,,,,142.0,5.696057,0.08381408,142.0,5.696057,0.720785,,,,,,,,,,,,,,,,,142.0,5.7859945,2.8315311e-05,142.0,5.7859945,-0.016200759,,,,,,,,,,,,,,,,,,,,142.0,5.7859945,-0.21333545,142.0,5.7859945,26.561325,142.0,5.7859945,-0.007111182,142.0,5.7859945,1.0000001e-07,142.0,5.7859945,7.0,,,,,,,
142.0,5.726036,0.19524023,142.0,5.726036,0.19464524,,,,,,,,,,,,,,,,,,,,,,,,,,,,,,,,,,,,,,,,,,,,,,,,,,,,,,,,,,,,,142.0,5.726036,0.06948989,142.0,5.726036,-0.17944854,,,,,,,,,,,,,,,,,142.0,5.8159738,-0.012252807,142.0,5.8159738,-0.0011940077,,,,,,,,,,,,,,,,,,,,142.0,5.8159738,0.053192608,142.0,5.8159738,27.734047,142.0,5.8159738,0.0017730868,142.0,5.8159738,1.0000001e-07,142.0,5.8159738,7.0,,,,,,,
142.0,5.7560153,0.19775398,142.0,5.7560153,0.19593932,,,,,,,,,,,,,,,,,,,,,,,,,,,,,,,,,,,,,,,,,,,,,,,,,,,,,,,,,,,,,142.0,5.7560153,0.554413,142.0,5.7560153,0.040452823,,,,,,,,,,,,,,,,,142.0,5.845953,-0.010890711,142.0,5.845953,0.035921697,,,,,,,,,,,,,,,,,,,,142.0,5.845953,-0.10725792,142.0,5.845953,27.028065,142.0,5.845953,-0.0035752638,142.0,5.845953,1.0000001e-07,142.0,5.845953,7.0,,,,,,,
142.0,5.7859945,0.19535922,142.0,5.7859945,0.19409491,,,,,,,,,,,,,,,,,,,,,,,,,,,,,,,,,,,,,,,,,,,,,,,,,,,,,,,,,,,,,142.0,5.7859945,0.046373557,142.0,5.7859945,-0.2698496,,,,,,,,,,,,,,,,,142.0,5.875932,-0.003022006,142.0,5.875932,0.014488991,,,,,,,,,,,,,,,,,,,,142.0,5.875932,0.13415068,142.0,5.875932,28.090263,142.0,5.875932,0.00447169,142.0,5.875932,1.0000001e-07,142.0,5.875932,7.0,,,,,,,
142.0,5.8159738,0.19382717,142.0,5.8159738,0.19579059,,,,,,,,,,,,,,,,,,,,,,,,,,,,,,,,,,,,,,,,,,,,,,,,,,,,,,,,,,,,,142.0,5.8159738,-0.22289382,142.0,5.8159738,0.07193376,,,,,,,,,,,,,,,,,142.0,5.9059114,-0.028073417,142.0,5.9059114,0.01093703,,,,,,,,,,,,,,,,,,,,142.0,5.9059114,-0.1037664,142.0,5.9059114,27.043427,142.0,5.9059114,-0.0034588794,142.0,5.9059114,1.0000001e-07,142.0,5.9059114,7.0,,,,,,,
142.0,5.845953,0.19406515,142.0,5.845953,0.20016363,,,,,,,,,,,,,,,,,,,,,,,,,,,,,,,,,,,,,,,,,,,,,,,,,,,,,,,,,,,,,142.0,5.845953,-0.16319384,142.0,5.845953,0.8747947,,,,,,,,,,,,,,,,,142.0,5.9358907,0.0071954112,142.0,5.9358907,0.0071678814,,,,,,,,,,,,,,,,,,,,142.0,5.9358907,0.08609826,142.0,5.9358907,27.878832,142.0,5.9358907,0.0028699422,142.0,5.9358907,1.0000001e-07,142.0,5.9358907,7.0,,,,,,,
142.0,5.875932,0.19492786,142.0,5.875932,0.19764987,,,,,,,,,,,,,,,,,,,,,,,,,,,,,,,,,,,,,,,,,,,,,,,,,,,,,,,,,,,,,142.0,5.875932,0.025061091,142.0,5.875932,0.33142555,,,,,,,,,,,,,,,,,142.0,5.96587,-0.0045774854,142.0,5.96587,0.010922419,,,,,,,,,,,,,,,,,,,,142.0,5.96587,-0.29127008,142.0,5.96587,26.218412,142.0,5.96587,-0.009709002,142.0,5.96587,1.0000001e-07,142.0,5.96587,7.0,,,,,,,
142.0,5.9059114,0.19207197,142.0,5.9059114,0.19724825,,,,,,,,,,,,,,,,,,,,,,,,,,,,,,,,,,,,,,,,,,,,,,,,,,,,,,,,,,,,,142.0,5.9059114,-0.50084096,142.0,5.9059114,0.2344371,,,,,,,,,,,,,,,,,142.0,5.995849,0.021790354,142.0,5.995849,-0.018514937,,,,,,,,,,,,,,,,,,,,142.0,5.995849,0.0,142.0,5.995849,27.5,142.0,5.995849,0.0,142.0,5.995849,1.0000001e-07,142.0,5.995849,7.0,,,,,,,
142.0,5.9358907,0.19607319,142.0,5.9358907,0.196802,,,,,,,,,,,,,,,,,,,,,,,,,,,,,,,,,,,,,,,,,,,,,,,,,,,,,,,,,,,,,142.0,5.9358907,0.29818806,142.0,5.9358907,0.22627003,,,,,,,,,,,,,,,,,142.0,6.0258284,-0.0113686,142.0,6.0258284,0.027138356,,,,,,,,,,,,,,,,,,,,,,,,,,,,,142.0,6.0258284,1.0000001e-07,142.0,6.0258284,7.0,,,,,,,
142.0,5.96587,0.19476424,142.0,5.96587,0.19723338,,,,,,,,,,,,,,,,,,,,,,,,,,,,,,,,,,,,,,,,,,,,,,,,,,,,,,,,,,,,,142.0,5.96587,-0.028658953,142.0,5.96587,0.31475845,,,,,,,,,,,,,,,,,142.0,6.0558076,0.0026743892,142.0,6.0558076,-0.0063903723,,,,,,,,,,,,,,,,,,,,,,,,,,,,,142.0,6.0558076,1.0000001e-07,142.0,6.0558076,7.0,,,,,,,
142.0,5.995849,0.19770935,142.0,5.995849,0.19393128,,,,,,,,,,,,,,,,,,,,,,,,,,,,,,,,,,,,,,,,,,,,,,,,,,,,,,,,,,,,,142.0,5.995849,0.5104888,142.0,5.995849,-0.3647941,,,,,,,,,,,,,,,,,142.0,6.085787,-0.006357318,142.0,6.085787,0.011335116,,,,,,,,,,,,,,,,,,,,,,,,,,,,,142.0,6.085787,1.0000001e-07,142.0,6.085787,7.0,,,,,,,
142.0,6.0258284,0.19412464,142.0,6.0258284,0.19892904,,,,,,,,,,,,,,,,,,,,,,,,,,,,,,,,,,,,,,,,,,,,,,,,,,,,,,,,,,,,,142.0,6.0258284,-0.17210129,142.0,6.0258284,0.59342206,,,,,,,,,,,,,,,,,142.0,6.115766,-0.027432004,142.0,6.115766,0.010660637,,,,,,,,,,,,,,,,,,,,,,,,,,,,,142.0,6.115766,1.0000001e-07,142.0,6.115766,7.0,,,,,,,
142.0,6.0558076,0.19555259,142.0,6.0558076,0.1952551,,,,,,,,,,,,,,,,,,,,,,,,,,,,,,,,,,,,,,,,,,,,,,,,,,,,,,,,,,,,,142.0,6.0558076,0.12371504,142.0,6.0558076,-0.08547326,,,,,,,,,,,,,,,,,142.0,6.1457453,0.0054849866,142.0,6.1457453,0.0024813227,,,,,,,,,,,,,,,,,,,,,,,,,,,,,142.0,6.1457453,1.0000001e-07,142.0,6.1457453,7.0,,,,,,,
142.0,6.085787,0.19463038,142.0,6.085787,0.1972185,,,,,,,,,,,,,,,,,,,,,,,,,,,,,,,,,,,,,,,,,,,,,,,,,,,,,,,,,,,,,142.0,6.085787,-0.026473442,142.0,6.085787,0.29595685,,,,,,,,,,,,,,,,,142.0,6.1757245,-0.018031547,142.0,6.1757245,0.018226147,,,,,,,,,,,,,,,,,,,,,,,,,,,,,142.0,6.1757245,1.0000001e-07,142.0,6.1757245,7.0,,,,,,,
142.0,6.115766,0.19238433,142.0,6.115766,0.19718875,,,,,,,,,,,,,,,,,,,,,,,,,,,,,,,,,,,,,,,,,,,,,,,,,,,,,,,,,,,,,142.0,6.115766,-0.5200875,142.0,6.115766,0.3437916,,,,,,,,,,,,,,,,,142.0,6.2057037,-0.0029502856,142.0,6.2057037,0.0021881235,,,,,,,,,,,,,,,,,,,,,,,,,,,,,142.0,6.2057037,1.0000001e-07,142.0,6.2057037,7.0,,,,,,,
142.0,6.1457453,0.19587982,142.0,6.1457453,0.19625168,,,,,,,,,,,,,,,,,,,,,,,,,,,,,,,,,,,,,,,,,,,,,,,,,,,,,,,,,,,,,142.0,6.1457453,0.18187788,142.0,6.1457453,0.09535922,,,,,,,,,,,,,,,,,142.0,6.235683,-0.0105308555,142.0,6.235683,0.012782489,,,,,,,,,,,,,,,,,,,,,,,,,,,,,142.0,6.235683,1.0000001e-07,142.0,6.235683,7.0,,,,,,,
142.0,6.1757245,0.19339581,142.0,6.1757245,0.19794735,,,,,,,,,,,,,,,,,,,,,,,,,,,,,,,,,,,,,,,,,,,,,,,,,,,,,,,,,,,,,142.0,6.1757245,-0.31210905,142.0,6.1757245,0.43464488,,,,,,,,,,,,,,,,,142.0,6.2656627,0.0072475597,142.0,6.2656627,0.009659448,,,,,,,,,,,,,,,,,,,,,,,,,,,,,142.0,6.2656627,1.0000001e-07,142.0,6.2656627,7.0,,,,,,,
142.0,6.2057037,0.19494274,142.0,6.2057037,0.19628143,,,,,,,,,,,,,,,,,,,,,,,,,,,,,,,,,,,,,,,,,,,,,,,,,,,,,,,,,,,,,142.0,6.2057037,0.059173517,142.0,6.2057037,0.16753879,,,,,,,,,,,,,,,,,142.0,6.295642,-0.006894656,142.0,6.295642,-0.025855957,,,,,,,,,,,,,,,,,,,,,,,,,,,,,142.0,6.295642,1.0000001e-07,142.0,6.295642,7.0,,,,,,,
142.0,6.235683,0.19412465,142.0,6.235683,0.19732262,,,,,,,,,,,,,,,,,,,,,,,,,,,,,,,,,,,,,,,,,,,,,,,,,,,,,,,,,,,,,142.0,6.235683,-0.11217454,142.0,6.235683,0.30298647,,,,,,,,,,,,,,,,,142.0,6.325621,0.00038807592,142.0,6.325621,0.008568636,,,,,,,,,,,,,,,,,,,,,,,,,,,,,142.0,6.325621,1.0000001e-07,142.0,6.325621,7.0,,,,,,,
142.0,6.265662,0.19607317,142.0,6.265662,0.19690615,,,,,,,,,,,,,,,,,,,,,,,,,,,,,,,,,,,,,,,,,,,,,,,,,,,,,,,,,,,,,142.0,6.265662,0.22783892,142.0,6.265662,0.2020305,,,,,,,,,,,,,,,,,142.0,6.3556004,-0.005353648,142.0,6.3556004,0.017330216,,,,,,,,,,,,,,,,,,,,,,,,,,,,,142.0,6.3556004,1.0000001e-07,142.0,6.3556004,7.0,,,,,,,
142.0,6.2956414,0.19460063,142.0,6.2956414,0.1934553,,,,,,,,,,,,,,,,,,,,,,,,,,,,,,,,,,,,,,,,,,,,,,,,,,,,,,,,,,,,,142.0,6.2956414,-0.07858431,142.0,6.2956414,-0.3848088,,,,,,,,,,,,,,,,,142.0,6.3855796,-0.004663902,142.0,6.3855796,0.027214952,,,,,,,,,,,,,,,,,,,,,,,,,,,,,142.0,6.3855796,1.0000001e-07,142.0,6.3855796,7.0,,,,,,,
142.0,6.3256207,0.1952997,142.0,6.3256207,0.19677226,,,,,,,,,,,,,,,,,,,,,,,,,,,,,,,,,,,,,,,,,,,,,,,,,,,,,,,,,,,,,142.0,6.3256207,0.056148782,142.0,6.3256207,0.16282307,,,,,,,,,,,,,,,,,142.0,6.415559,0.0025534248,142.0,6.415559,0.010184911,,,,,,,,,,,,,,,,,,,,,,,,,,,,,142.0,6.415559,1.0000001e-07,142.0,6.415559,7.0,,,,,,,
142.0,6.3556,0.19468987,142.0,6.3556,0.197635,,,,,,,,,,,,,,,,,,,,,,,,,,,,,,,,,,,,,,,,,,,,,,,,,,,,,,,,,,,,,142.0,6.3556,-0.023195999,142.0,6.3556,0.37800962,,,,,,,,,,,,,,,,,142.0,6.445538,0.009132755,142.0,6.445538,-0.02247561,,,,,,,,,,,,,,,,,,,,,,,,,,,,,142.0,6.445538,1.0000001e-07,142.0,6.445538,7.0,,,,,,,
142.0,6.385579,0.1948386,142.0,6.385579,0.1985572,,,,,,,,,,,,,,,,,,,,,,,,,,,,,,,,,,,,,,,,,,,,,,,,,,,,,,,,,,,,,142.0,6.385579,-0.026230944,142.0,6.385579,0.5490254,,,,,,,,,,,,,,,,,142.0,6.4755173,-0.012176501,142.0,6.4755173,-0.0031639875,,,,,,,,,,,,,,,,,,,,,,,,,,,,,142.0,6.4755173,1.0000001e-07,142.0,6.4755173,7.0,,,,,,,
142.0,6.415559,0.19550797,142.0,6.415559,0.19695075,,,,,,,,,,,,,,,,,,,,,,,,,,,,,,,,,,,,,,,,,,,,,,,,,,,,,,,,,,,,,142.0,6.415559,0.15264256,142.0,6.415559,0.2829213,,,,,,,,,,,,,,,,,142.0,6.5054965,-0.012889685,142.0,6.5054965,-0.0136881275,,,,,,,,,,,,,,,,,,,,,,,,,,,,,142.0,6.5054965,1.0000001e-07,142.0,6.5054965,7.0,,,,,,,
142.0,6.445538,0.19622193,142.0,6.445538,0.19387178,,,,,,,,,,,,,,,,,,,,,,,,,,,,,,,,,,,,,,,,,,,,,,,,,,,,,,,,,,,,,142.0,6.445538,0.2125142,142.0,6.445538,-0.33439746,,,,,,,,,,,,,,,,,142.0,6.5354757,0.009408361,142.0,6.5354757,0.04554068,,,,,,,,,,,,,,,,,,,,,,,,,,,,,142.0,6.5354757,1.0000001e-07,142.0,6.5354757,7.0,,,,,,,
142.0,6.4755173,0.19412464,142.0,6.4755173,0.19567157,,,,,,,,,,,,,,,,,,,,,,,,,,,,,,,,,,,,,,,,,,,,,,,,,,,,,,,,,,,,,142.0,6.4755173,-0.1291851,142.0,6.4755173,-0.02967449,,,,,,,,,,,,,,,,,142.0,6.565455,-0.0035419937,142.0,6.565455,0.011450413,,,,,,,,,,,,,,,,,,,,,,,,,,,,,142.0,6.565455,1.0000001e-07,142.0,6.565455,7.0,,,,,,,
142.0,6.5054965,0.19400567,142.0,6.5054965,0.19454114,,,,,,,,,,,,,,,,,,,,,,,,,,,,,,,,,,,,,,,,,,,,,,,,,,,,,,,,,,,,,142.0,6.5054965,-0.14056028,142.0,6.5054965,-0.23319681,,,,,,,,,,,,,,,,,142.0,6.595434,-0.0034977074,142.0,6.595434,0.022688627,,,,,,,,,,,,,,,,,,,,,,,,,,,,,142.0,6.595434,1.0000001e-07,142.0,6.595434,7.0,,,,,,,
142.0,6.5354757,0.19616242,142.0,6.5354757,0.20016362,,,,,,,,,,,,,,,,,,,,,,,,,,,,,,,,,,,,,,,,,,,,,,,,,,,,,,,,,,,,,142.0,6.5354757,0.24127714,142.0,6.5354757,0.84782267,,,,,,,,,,,,,,,,,142.0,6.6254134,0.01364634,142.0,6.6254134,-0.012765249,,,,,,,,,,,,,,,,,,,,,,,,,,,,,142.0,6.6254134,1.0000001e-07,142.0,6.6254134,7.0,,,,,,,
142.0,6.565455,0.1948981,142.0,6.565455,0.19699539,,,,,,,,,,,,,,,,,,,,,,,,,,,,,,,,,,,,,,,,,,,,,,,,,,,,,,,,,,,,,142.0,6.565455,-0.009717862,142.0,6.565455,0.26291934,,,,,,,,,,,,,,,,,142.0,6.6553926,0.004445933,142.0,6.6553926,0.026368937,,,,,,,,,,,,,,,,,,,,,,,,,,,,,142.0,6.6553926,1.0000001e-07,142.0,6.6553926,7.0,,,,,,,
142.0,6.595434,0.19488324,142.0,6.595434,0.19794734,,,,,,,,,,,,,,,,,,,,,,,,,,,,,,,,,,,,,,,,,,,,,,,,,,,,,,,,,,,,,142.0,6.595434,0.0144628845,142.0,6.595434,0.42047793,,,,,,,,,,,,,,,,,142.0,6.685372,-0.0068446593,142.0,6.685372,0.01000576,,,,,,,,,,,,,,,,,,,,,,,,,,,,,142.0,6.685372,1.0000001e-07,142.0,6.685372,7.0,,,,,,,
142.0,6.6254134,0.19651942,142.0,6.6254134,0.19476426,,,,,,,,,,,,,,,,,,,,,,,,,,,,,,,,,,,,,,,,,,,,,,,,,,,,,,,,,,,,,142.0,6.6254134,0.32931164,142.0,6.6254134,-0.1589654,,,,,,,,,,,,,,,,,142.0,6.715351,-0.00684658,142.0,6.715351,0.010203122,,,,,,,,,,,,,,,,,,,,,,,,,,,,,142.0,6.715351,1.0000001e-07,142.0,6.715351,7.0,,,,,,,
142.0,6.6553926,0.19562693,142.0,6.6553926,0.19834894,,,,,,,,,,,,,,,,,,,,,,,,,,,,,,,,,,,,,,,,,,,,,,,,,,,,,,,,,,,,,142.0,6.6553926,0.0980968,142.0,6.6553926,0.56507117,,,,,,,,,,,,,,,,,142.0,6.7453303,-0.02731702,142.0,6.7453303,-0.013776228,,,,,,,,,,,,,,,,,,,,,,,,,,,,,142.0,6.7453303,1.0000001e-07,142.0,6.7453303,7.0,,,,,,,
142.0,6.685372,0.19463037,142.0,6.685372,0.19692102,,,,,,,,,,,,,,,,,,,,,,,,,,,,,,,,,,,,,,,,,,,,,,,,,,,,,,,,,,,,,142.0,6.685372,-0.043317266,142.0,6.685372,0.3086057,,,,,,,,,,,,,,,,,142.0,6.7753096,-0.0019583073,142.0,6.7753096,-0.025973476,,,,,,,,,,,,,,,,,,,,,,,,,,,,,142.0,6.7753096,1.0000001e-07,142.0,6.7753096,7.0,,,,,,,
142.0,6.715351,0.194675,142.0,6.715351,0.19690613,,,,,,,,,,,,,,,,,,,,,,,,,,,,,,,,,,,,,,,,,,,,,,,,,,,,,,,,,,,,,142.0,6.715351,-0.051709626,142.0,6.715351,0.24138516,,,,,,,,,,,,,,,,,142.0,6.805289,-0.004095297,142.0,6.805289,-0.012957675,,,,,,,,,,,,,,,,,,,,,,,,,,,,,142.0,6.805289,1.0000001e-07,142.0,6.805289,7.0,,,,,,,
142.0,6.7453303,0.19283058,142.0,6.7453303,0.19477913,,,,,,,,,,,,,,,,,,,,,,,,,,,,,,,,,,,,,,,,,,,,,,,,,,,,,,,,,,,,,142.0,6.7453303,-0.33409822,142.0,6.7453303,-0.17827505,,,,,,,,,,,,,,,,,142.0,6.835268,-0.028329024,142.0,6.835268,0.010905979,,,,,,,,,,,,,,,,,,,,,,,,,,,,,142.0,6.835268,1.0000001e-07,142.0,6.835268,7.0,,,,,,,
142.0,6.7753096,0.19501711,142.0,6.7753096,0.1936338,,,,,,,,,,,,,,,,,,,,,,,,,,,,,,,,,,,,,,,,,,,,,,,,,,,,,,,,,,,,,142.0,6.7753096,0.04678207,142.0,6.7753096,-0.32310984,,,,,,,,,,,,,,,,,142.0,6.8652472,-0.020967996,142.0,6.8652472,-0.025066927,,,,,,,,,,,,,,,,,,,,,,,,,,,,,142.0,6.8652472,1.0000001e-07,142.0,6.8652472,7.0,,,,,,,
142.0,6.805289,0.19485348,142.0,6.805289,0.19489811,,,,,,,,,,,,,,,,,,,,,,,,,,,,,,,,,,,,,,,,,,,,,,,,,,,,,,,,,,,,,142.0,6.805289,0.009949141,142.0,6.805289,-0.09680888,,,,,,,,,,,,,,,,,142.0,6.8952265,-0.01893175,142.0,6.8952265,0.003125413,,,,,,,,,,,,,,,,,,,,,,,,,,,,,142.0,6.8952265,1.0000001e-07,142.0,6.8952265,7.0,,,,,,,
142.0,6.835268,0.19280082,142.0,6.835268,0.19683176,,,,,,,,,,,,,,,,,,,,,,,,,,,,,,,,,,,,,,,,,,,,,,,,,,,,,,,,,,,,,142.0,6.835268,-0.4052555,142.0,6.835268,0.22596754,,,,,,,,,,,,,,,,,142.0,6.9252057,0.026200345,142.0,6.9252057,-0.008041622,,,,,,,,,,,,,,,,,,,,,,,,,,,,,142.0,6.9252057,1.0000001e-07,142.0,6.9252057,7.0,,,,,,,
142.0,6.8652472,0.19345531,142.0,6.8652472,0.19378254,,,,,,,,,,,,,,,,,,,,,,,,,,,,,,,,,,,,,,,,,,,,,,,,,,,,,,,,,,,,,142.0,6.8652472,-0.27814534,142.0,6.8652472,-0.35042882,,,,,,,,,,,,,,,,,142.0,6.955185,-0.005466111,142.0,6.955185,0.030590435,,,,,,,,,,,,,,,,,,,,,,,,,,,,,142.0,6.955185,1.0000001e-07,142.0,6.955185,7.0,,,,,,,
142.0,6.8952265,0.1936338,142.0,6.8952265,0.1962963,,,,,,,,,,,,,,,,,,,,,,,,,,,,,,,,,,,,,,,,,,,,,,,,,,,,,,,,,,,,,142.0,6.8952265,-0.23088926,142.0,6.8952265,0.18594606,,,,,,,,,,,,,,,,,142.0,6.985164,-0.014606655,142.0,6.985164,0.026569609,,,,,,,,,,,,,,,,,,,,,,,,,,,,,142.0,6.985164,1.0000001e-07,142.0,6.985164,7.0,,,,,,,
142.0,6.9252057,0.19742674,142.0,6.9252057,0.1952551,,,,,,,,,,,,,,,,,,,,,,,,,,,,,,,,,,,,,,,,,,,,,,,,,,,,,,,,,,,,,142.0,6.9252057,0.52952427,142.0,6.9252057,-0.09341695,,,,,,,,,,,,,,,,,142.0,7.0151434,-0.050732598,142.0,7.0151434,0.007996453,,,,,,,,,,,,,,,,,,,,,,,,,,,,,142.0,7.0151434,1.0000001e-07,142.0,7.0151434,7.0,,,,,,,
142.0,6.955185,0.1947345,142.0,6.955185,0.19845308,,,,,,,,,,,,,,,,,,,,,,,,,,,,,,,,,,,,,,,,,,,,,,,,,,,,,,,,,,,,,142.0,6.955185,-0.046517804,142.0,6.955185,0.5396993,,,,,,,,,,,,,,,,,142.0,7.0451226,0.0050175283,142.0,7.0451226,0.031671364,,,,,,,,,,,,,,,,,,,,,,,,,,,,,142.0,7.0451226,1.0000001e-07,142.0,7.0451226,7.0,,,,,,,
142.0,6.985164,0.19408004,142.0,6.985164,0.19805147,,,,,,,,,,,,,,,,,,,,,,,,,,,,,,,,,,,,,,,,,,,,,,,,,,,,,,,,,,,,,142.0,6.985164,-0.17474905,142.0,6.985164,0.4355053,,,,,,,,,,,,,,,,,142.0,7.0751023,0.0032025129,142.0,7.0751023,-0.0027636257,,,,,,,,,,,,,,,,,,,,,,,,,,,,,142.0,7.0751023,1.0000001e-07,142.0,7.0751023,7.0,,,,,,,
142.0,7.0151434,0.19110517,142.0,7.0151434,0.1966384,,,,,,,,,,,,,,,,,,,,,,,,,,,,,,,,,,,,,,,,,,,,,,,,,,,,,,,,,,,,,142.0,7.0151434,-0.7192775,142.0,7.0151434,0.15760638,,,,,,,,,,,,,,,,,142.0,7.1050816,-0.0071879677,142.0,7.1050816,0.01169111,,,,,,,,,,,,,,,,,,,,,,,,,,,,,142.0,7.1050816,1.0000001e-07,142.0,7.1050816,7.0,,,,,,,
142.0,7.0451226,0.19558233,142.0,7.0451226,0.19845307,,,,,,,,,,,,,,,,,,,,,,,,,,,,,,,,,,,,,,,,,,,,,,,,,,,,,,,,,,,,,142.0,7.0451226,0.18524559,142.0,7.0451226,0.5344376,,,,,,,,,,,,,,,,,142.0,7.135061,-0.008399223,142.0,7.135061,-0.029201366,,,,,,,,,,,,,,,,,,,,,,,,,,,,,142.0,7.135061,1.0000001e-07,142.0,7.135061,7.0,,,,,,,
142.0,7.075102,0.19549309,142.0,7.075102,0.19570133,,,,,,,,,,,,,,,,,,,,,,,,,,,,,,,,,,,,,,,,,,,,,,,,,,,,,,,,,,,,,142.0,7.075102,0.12805015,142.0,7.075102,0.028643237,,,,,,,,,,,,,,,,,142.0,7.16504,-0.026478307,142.0,7.16504,-0.016917706,,,,,,,,,,,,,,,,,,,,,,,,,,,,,142.0,7.16504,1.0000001e-07,142.0,7.16504,7.0,,,,,,,
142.0,7.105081,0.19461551,142.0,7.105081,0.19683178,,,,,,,,,,,,,,,,,,,,,,,,,,,,,,,,,,,,,,,,,,,,,,,,,,,,,,,,,,,,,142.0,7.105081,-0.04726129,142.0,7.105081,0.23213127,,,,,,,,,,,,,,,,,142.0,7.1950192,0.010780749,142.0,7.1950192,-0.013260348,,,,,,,,,,,,,,,,,,,,,,,,,,,,,142.0,7.1950192,1.0000001e-07,142.0,7.1950192,7.0,,,,,,,
142.0,7.1350603,0.1946155,142.0,7.1350603,0.1936933,,,,,,,,,,,,,,,,,,,,,,,,,,,,,,,,,,,,,,,,,,,,,,,,,,,,,,,,,,,,,142.0,7.1350603,-0.02235155,142.0,7.1350603,-0.36511487,,,,,,,,,,,,,,,,,142.0,7.2249985,-0.0132182315,142.0,7.2249985,-0.006199483,,,,,,,,,,,,,,,,,,,,,,,,,,,,,142.0,7.2249985,1.0000001e-07,142.0,7.2249985,7.0,,,,,,,
142.0,7.1650395,0.19314294,142.0,7.1650395,0.19463038,,,,,,,,,,,,,,,,,,,,,,,,,,,,,,,,,,,,,,,,,,,,,,,,,,,,,,,,,,,,,142.0,7.1650395,-0.37643322,142.0,7.1650395,-0.18327658,,,,,,,,,,,,,,,,,142.0,7.2549777,-0.017231014,142.0,7.2549777,0.0202514,,,,,,,,,,,,,,,,,,,,,,,,,,,,,142.0,7.2549777,1.0000001e-07,142.0,7.2549777,7.0,,,,,,,
142.0,7.195019,0.19598395,142.0,7.195019,0.19486837,,,,,,,,,,,,,,,,,,,,,,,,,,,,,,,,,,,,,,,,,,,,,,,,,,,,,,,,,,,,,142.0,7.195019,0.22452495,142.0,7.195019,-0.1556912,,,,,,,,,,,,,,,,,142.0,7.284957,-0.002749102,142.0,7.284957,-0.0026284298,,,,,,,,,,,,,,,,,,,,,,,,,,,,,142.0,7.284957,1.0000001e-07,142.0,7.284957,7.0,,,,,,,
142.0,7.224998,0.19425851,142.0,7.224998,0.19549307,,,,,,,,,,,,,,,,,,,,,,,,,,,,,,,,,,,,,,,,,,,,,,,,,,,,,,,,,,,,,142.0,7.224998,-0.12921946,142.0,7.224998,-0.02399401,,,,,,,,,,,,,,,,,142.0,7.314936,-0.0130601935,142.0,7.314936,-0.021655163,,,,,,,,,,,,,,,,,,,,,,,,,,,,,142.0,7.314936,1.0000001e-07,142.0,7.314936,7.0,,,,,,,
142.0,7.2549777,0.19385691,142.0,7.2549777,0.19744162,,,,,,,,,,,,,,,,,,,,,,,,,,,,,,,,,,,,,,,,,,,,,,,,,,,,,,,,,,,,,142.0,7.2549777,-0.19471945,142.0,7.2549777,0.35555893,,,,,,,,,,,,,,,,,142.0,7.3449154,-0.04969518,142.0,7.3449154,0.023780432,,,,,,,,,,,,,,,,,,,,,,,,,,,,,142.0,7.3449154,1.0000001e-07,142.0,7.3449154,7.0,,,,,,,
142.0,7.284957,0.19495761,142.0,7.284957,0.19573106,,,,,,,,,,,,,,,,,,,,,,,,,,,,,,,,,,,,,,,,,,,,,,,,,,,,,,,,,,,,,142.0,7.284957,0.042186193,142.0,7.284957,0.03810893,,,,,,,,,,,,,,,,,142.0,7.3748946,0.013254537,142.0,7.3748946,0.021750607,,,,,,,,,,,,,,,,,,,,,,,,,,,,,142.0,7.3748946,1.0000001e-07,142.0,7.3748946,7.0,,,,,,,
142.0,7.314936,0.19419903,142.0,7.314936,0.1943329,,,,,,,,,,,,,,,,,,,,,,,,,,,,,,,,,,,,,,,,,,,,,,,,,,,,,,,,,,,,,142.0,7.314936,-0.08529288,142.0,7.314936,-0.21958715,,,,,,,,,,,,,,,,,142.0,7.404874,-0.011455117,142.0,7.404874,0.028764145,,,,,,,,,,,,,,,,,,,,,,,,,,,,,142.0,7.404874,1.0000001e-07,142.0,7.404874,7.0,,,,,,,
142.0,7.3449154,0.19156626,142.0,7.3449154,0.19773911,,,,,,,,,,,,,,,,,,,,,,,,,,,,,,,,,,,,,,,,,,,,,,,,,,,,,,,,,,,,,142.0,7.3449154,-0.6941756,142.0,7.3449154,0.3931242,,,,,,,,,,,,,,,,,142.0,7.434853,0.004430493,142.0,7.434853,0.0049159713,,,,,,,,,,,,,,,,,,,,,,,,,,,,,142.0,7.434853,1.0000001e-07,142.0,7.434853,7.0,,,,,,,
142.0,7.3748946,0.1962219,142.0,7.3748946,0.19753088,,,,,,,,,,,,,,,,,,,,,,,,,,,,,,,,,,,,,,,,,,,,,,,,,,,,,,,,,,,,,142.0,7.3748946,0.3110437,142.0,7.3748946,0.35628814,,,,,,,,,,,,,,,,,142.0,7.4648323,0.00957801,142.0,7.4648323,0.025489425,,,,,,,,,,,,,,,,,,,,,,,,,,,,,142.0,7.4648323,1.0000001e-07,142.0,7.4648323,7.0,,,,,,,
142.0,7.404874,0.1943775,142.0,7.404874,0.19802172,,,,,,,,,,,,,,,,,,,,,,,,,,,,,,,,,,,,,,,,,,,,,,,,,,,,,,,,,,,,,142.0,7.404874,-0.056892302,142.0,7.404874,0.47141853,,,,,,,,,,,,,,,,,142.0,7.4948115,0.054220825,142.0,7.4948115,-0.026749913,,,,,,,,,,,,,,,,,,,,,,,,,,,,,142.0,7.4948115,1.0000001e-07,142.0,7.4948115,7.0,,,,,,,
142.0,7.434853,0.1954782,142.0,7.434853,0.19628142,,,,,,,,,,,,,,,,,,,,,,,,,,,,,,,,,,,,,,,,,,,,,,,,,,,,,,,,,,,,,142.0,7.434853,0.10725451,142.0,7.434853,0.10821462,,,,,,,,,,,,,,,,,142.0,7.524791,-0.011304249,142.0,7.524791,0.012971958,,,,,,,,,,,,,,,,,,,,,,,,,,,,,142.0,7.524791,1.0000001e-07,142.0,7.524791,7.0,,,,,,,
142.0,7.4648323,0.19589469,142.0,7.4648323,0.19775398,,,,,,,,,,,,,,,,,,,,,,,,,,,,,,,,,,,,,,,,,,,,,,,,,,,,,,,,,,,,,142.0,7.4648323,0.16966039,142.0,7.4648323,0.4165082,,,,,,,,,,,,,,,,,142.0,7.55477,-0.03994655,142.0,7.55477,0.0046769646,,,,,,,,,,,,,,,,,,,,,,,,,,,,,142.0,7.55477,1.0000001e-07,142.0,7.55477,7.0,,,,,,,
142.0,7.4948115,0.19903316,142.0,7.4948115,0.19397591,,,,,,,,,,,,,,,,,,,,,,,,,,,,,,,,,,,,,,,,,,,,,,,,,,,,,,,,,,,,,142.0,7.4948115,0.8034118,142.0,7.4948115,-0.32371348,,,,,,,,,,,,,,,,,142.0,7.584749,-0.027914163,142.0,7.584749,0.0011954667,,,,,,,,,,,,,,,,,,,,,,,,,,,,,142.0,7.584749,1.0000001e-07,142.0,7.584749,7.0,,,,,,,
142.0,7.524791,0.19437751,142.0,7.524791,0.19683176,,,,,,,,,,,,,,,,,,,,,,,,,,,,,,,,,,,,,,,,,,,,,,,,,,,,,,,,,,,,,142.0,7.524791,-0.07149311,142.0,7.524791,0.17175315,,,,,,,,,,,,,,,,,142.0,7.6147285,0.037505828,142.0,7.6147285,-0.022627024,,,,,,,,,,,,,,,,,,,,,,,,,,,,,142.0,7.6147285,1.0000001e-07,142.0,7.6147285,7.0,,,,,,,
142.0,7.55477,0.19238435,142.0,7.55477,0.19625166,,,,,,,,,,,,,,,,,,,,,,,,,,,,,,,,,,,,,,,,,,,,,,,,,,,,,,,,,,,,,142.0,7.55477,-0.47977483,142.0,7.55477,0.15440683,,,,,,,,,,,,,,,,,142.0,7.6447077,-0.006082808,142.0,7.6447077,-0.009771124,,,,,,,,,,,,,,,,,,,,,,,,,,,,,142.0,7.6447077,1.0000001e-07,142.0,7.6447077,7.0,,,,,,,
142.0,7.584749,0.19327682,142.0,7.584749,0.19598395,,,,,,,,,,,,,,,,,,,,,,,,,,,,,,,,,,,,,,,,,,,,,,,,,,,,,,,,,,,,,142.0,7.584749,-0.2999708,142.0,7.584749,0.06793164,,,,,,,,,,,,,,,,,142.0,7.674687,0.021713618,142.0,7.674687,-0.025086071,,,,,,,,,,,,,,,,,,,,,,,,,,,,,142.0,7.674687,1.0000001e-07,142.0,7.674687,7.0,,,,,,,
142.0,7.6147285,0.19775398,142.0,7.6147285,0.19428828,,,,,,,,,,,,,,,,,,,,,,,,,,,,,,,,,,,,,,,,,,,,,,,,,,,,,,,,,,,,,142.0,7.6147285,0.54819125,142.0,7.6147285,-0.24062866,,,,,,,,,,,,,,,,,142.0,7.704666,0.009083516,142.0,7.704666,0.004725443,,,,,,,,,,,,,,,,,,,,,,,,,,,,,142.0,7.704666,1.0000001e-07,142.0,7.704666,7.0,,,,,,,
142.0,7.6447077,0.19470474,142.0,7.6447077,0.19521049,,,,,,,,,,,,,,,,,,,,,,,,,,,,,,,,,,,,,,,,,,,,,,,,,,,,,,,,,,,,,142.0,7.6447077,0.004420307,142.0,7.6447077,-0.06952326,,,,,,,,,,,,,,,,,142.0,7.7346454,-0.03835334,142.0,7.7346454,-0.008050429,,,,,,,,,,,,,,,,,,,,,,,,,,,,,142.0,7.7346454,1.0000001e-07,142.0,7.7346454,7.0,,,,,,,
142.0,7.674687,0.1966384,142.0,7.674687,0.19425851,,,,,,,,,,,,,,,,,,,,,,,,,,,,,,,,,,,,,,,,,,,,,,,,,,,,,,,,,,,,,142.0,7.674687,0.3271225,142.0,7.674687,-0.27111894,,,,,,,,,,,,,,,,,142.0,7.7646246,-0.035080355,142.0,7.7646246,-0.00035546307,,,,,,,,,,,,,,,,,,,,,,,,,,,,,142.0,7.7646246,1.0000001e-07,142.0,7.7646246,7.0,,,,,,,
142.0,7.704666,0.19587982,142.0,7.704666,0.19614755,,,,,,,,,,,,,,,,,,,,,,,,,,,,,,,,,,,,,,,,,,,,,,,,,,,,,,,,,,,,,142.0,7.704666,0.18792088,142.0,7.704666,0.10350483,,,,,,,,,,,,,,,,,142.0,7.794604,0.0026923234,142.0,7.794604,0.029892428,,,,,,,,,,,,,,,,,,,,,,,,,,,,,142.0,7.794604,1.0000001e-07,142.0,7.794604,7.0,,,,,,,
142.0,7.7346454,0.19254798,142.0,7.7346454,0.19537409,,,,,,,,,,,,,,,,,,,,,,,,,,,,,,,,,,,,,,,,,,,,,,,,,,,,,,,,,,,,,142.0,7.7346454,-0.42453128,142.0,7.7346454,-0.064576454,,,,,,,,,,,,,,,,,142.0,7.824583,-0.033369076,142.0,7.824583,-0.037318453,,,,,,,,,,,,,,,,,,,,,,,,,,,,,142.0,7.824583,1.0000001e-07,142.0,7.824583,7.0,,,,,,,
142.0,7.7646246,0.1928752,142.0,7.7646246,0.1958798,,,,,,,,,,,,,,,,,,,,,,,,,,,,,,,,,,,,,,,,,,,,,,,,,,,,,,,,,,,,,142.0,7.7646246,-0.37973768,142.0,7.7646246,0.10727497,,,,,,,,,,,,,,,,,142.0,7.8545623,-0.011468603,142.0,7.8545623,0.009929724,,,,,,,,,,,,,,,,,,,,,,,,,,,,,142.0,7.8545623,1.0000001e-07,142.0,7.8545623,7.0,,,,,,,
142.0,7.794604,0.19540384,142.0,7.794604,0.19785811,,,,,,,,,,,,,,,,,,,,,,,,,,,,,,,,,,,,,,,,,,,,,,,,,,,,,,,,,,,,,142.0,7.794604,0.103952035,142.0,7.794604,0.3820978,,,,,,,,,,,,,,,,,142.0,7.8845415,0.012342595,142.0,7.8845415,0.0075208386,,,,,,,,,,,,,,,,,,,,,,,,,,,,,142.0,7.8845415,1.0000001e-07,142.0,7.8845415,7.0,,,,,,,
142.0,7.824583,0.19299419,142.0,7.824583,0.19344042,,,,,,,,,,,,,,,,,,,,,,,,,,,,,,,,,,,,,,,,,,,,,,,,,,,,,,,,,,,,,142.0,7.824583,-0.33243838,142.0,7.824583,-0.3842879,,,,,,,,,,,,,,,,,142.0,7.914521,0.044078734,142.0,7.914521,-0.014129604,,,,,,,,,,,,,,,,,,,,,,,,,,,,,142.0,7.914521,1.0000001e-07,142.0,7.914521,7.0,,,,,,,
142.0,7.8545623,0.194437,142.0,7.8545623,0.19650453,,,,,,,,,,,,,,,,,,,,,,,,,,,,,,,,,,,,,,,,,,,,,,,,,,,,,,,,,,,,,142.0,7.8545623,-0.09743478,142.0,7.8545623,0.16444191,,,,,,,,,,,,,,,,,142.0,7.9445004,0.022731533,142.0,7.9445004,0.033718333,,,,,,,,,,,,,,,,,,,,,,,,,,,,,142.0,7.9445004,1.0000001e-07,142.0,7.9445004,7.0,,,,,,,
142.0,7.8845415,0.19593929,142.0,7.8845415,0.19638555,,,,,,,,,,,,,,,,,,,,,,,,,,,,,,,,,,,,,,,,,,,,,,,,,,,,,,,,,,,,,142.0,7.8845415,0.21073726,142.0,7.8845415,0.15915717,,,,,,,,,,,,,,,,,142.0,7.9744797,0.006175054,142.0,7.9744797,-0.0747078,,,,,,,,,,,,,,,,,,,,,,,,,,,,,142.0,7.9744797,1.0000001e-07,142.0,7.9744797,7.0,,,,,,,
142.0,7.9145207,0.19794734,142.0,7.9145207,0.1949576,,,,,,,,,,,,,,,,,,,,,,,,,,,,,,,,,,,,,,,,,,,,,,,,,,,,,,,,,,,,,142.0,7.9145207,0.5751678,142.0,7.9145207,-0.11995922,,,,,,,,,,,,,,,,,142.0,8.004458,0.04429326,142.0,8.004458,-0.022837088,,,,,,,,,,,,,,,,,,,,,,,,,,,,,142.0,8.004458,1.0000001e-07,142.0,8.004458,7.0,,,,,,,
142.0,7.9445,0.19659379,142.0,7.9445,0.19794732,,,,,,,,,,,,,,,,,,,,,,,,,,,,,,,,,,,,,,,,,,,,,,,,,,,,,,,,,,,,,142.0,7.9445,0.31484765,142.0,7.9445,0.42074516,,,,,,,,,,,,,,,,,142.0,8.034438,0.0029185785,142.0,8.034438,0.015868671,,,,,,,,,,,,,,,,,,,,,,,,,,,,,142.0,8.034438,1.0000001e-07,142.0,8.034438,7.0,,,,,,,
142.0,7.974479,0.19552284,142.0,7.974479,0.19123904,,,,,,,,,,,,,,,,,,,,,,,,,,,,,,,,,,,,,,,,,,,,,,,,,,,,,,,,,,,,,142.0,7.974479,0.119683,142.0,7.974479,-0.8480205,,,,,,,,,,,,,,,,,142.0,8.064417,-0.0037470066,142.0,8.064417,0.039366912,,,,,,,,,,,,,,,,,,,,,,,,,,,,,142.0,8.064417,1.0000001e-07,142.0,8.064417,7.0,,,,,,,
142.0,8.004458,0.19790271,142.0,8.004458,0.19449653,,,,,,,,,,,,,,,,,,,,,,,,,,,,,,,,,,,,,,,,,,,,,,,,,,,,,,,,,,,,,142.0,8.004458,0.5835018,142.0,8.004458,-0.19647355,,,,,,,,,,,,,,,,,142.0,8.094397,-0.0029059,142.0,8.094397,0.015226543,,,,,,,,,,,,,,,,,,,,,,,,,,,,,142.0,8.094397,1.0000001e-07,142.0,8.094397,7.0,,,,,,,
142.0,8.034438,0.19538897,142.0,8.034438,0.19678715,,,,,,,,,,,,,,,,,,,,,,,,,,,,,,,,,,,,,,,,,,,,,,,,,,,,,,,,,,,,,142.0,8.034438,0.0629779,142.0,8.034438,0.2186005,,,,,,,,,,,,,,,,,142.0,8.124375,-0.010193135,142.0,8.124375,-0.00012942238,,,,,,,,,,,,,,,,,,,,,,,,,,,,,142.0,8.124375,1.0000001e-07,142.0,8.124375,7.0,,,,,,,
142.0,8.064417,0.19489811,142.0,8.064417,0.19833405,,,,,,,,,,,,,,,,,,,,,,,,,,,,,,,,,,,,,,,,,,,,,,,,,,,,,,,,,,,,,142.0,8.064417,0.006246454,142.0,8.064417,0.5237844,,,,,,,,,,,,,,,,,142.0,8.154355,-0.0098354835,142.0,8.154355,-0.025700442,,,,,,,,,,,,,,,,,,,,,,,,,,,,,142.0,8.154355,1.0000001e-07,142.0,8.154355,7.0,,,,,,,
142.0,8.094397,0.19504686,142.0,8.094397,0.19681689,,,,,,,,,,,,,,,,,,,,,,,,,,,,,,,,,,,,,,,,,,,,,,,,,,,,,,,,,,,,,142.0,8.094397,0.016612716,142.0,8.094397,0.26005363,,,,,,,,,,,,,,,,,142.0,8.184334,0.055196803,142.0,8.184334,0.0082582785,,,,,,,,,,,,,,,,,,,,,,,,,,,,,142.0,8.184334,1.0000001e-07,142.0,8.184334,7.0,,,,,,,
142.0,8.124375,0.19452626,142.0,8.124375,0.19582033,,,,,,,,,,,,,,,,,,,,,,,,,,,,,,,,,,,,,,,,,,,,,,,,,,,,,,,,,,,,,142.0,8.124375,-0.074337274,142.0,8.124375,0.050031345,,,,,,,,,,,,,,,,,142.0,8.2143135,-0.016116587,142.0,8.2143135,0.01563305,,,,,,,,,,,,,,,,,,,,,,,,,,,,,142.0,8.2143135,1.0000001e-07,142.0,8.2143135,7.0,,,,,,,
142.0,8.154355,0.19455598,142.0,8.154355,0.19428825,,,,,,,,,,,,,,,,,,,,,,,,,,,,,,,,,,,,,,,,,,,,,,,,,,,,,,,,,,,,,142.0,8.154355,-0.10158055,142.0,8.154355,-0.25848612,,,,,,,,,,,,,,,,,142.0,8.244292,-0.03184973,142.0,8.244292,-0.016120307,,,,,,,,,,,,,,,,,,,,,,,,,,,,,142.0,8.244292,1.0000001e-07,142.0,8.244292,7.0,,,,,,,
142.0,8.184334,0.19837873,142.0,8.184334,0.19637066,,,,,,,,,,,,,,,,,,,,,,,,,,,,,,,,,,,,,,,,,,,,,,,,,,,,,,,,,,,,,142.0,8.184334,0.6578656,142.0,8.184334,0.16658564,,,,,,,,,,,,,,,,,142.0,8.274272,-0.011684166,142.0,8.274272,0.0013708861,,,,,,,,,,,,,,,,,,,,,,,,,,,,,142.0,8.274272,1.0000001e-07,142.0,8.274272,7.0,,,,,,,
142.0,8.2143135,0.19419903,142.0,8.2143135,0.19672765,,,,,,,,,,,,,,,,,,,,,,,,,,,,,,,,,,,,,,,,,,,,,,,,,,,,,,,,,,,,,142.0,8.2143135,-0.15939856,142.0,8.2143135,0.20041712,,,,,,,,,,,,,,,,,142.0,8.304251,-0.0056677493,142.0,8.304251,-0.034902632,,,,,,,,,,,,,,,,,,,,,,,,,,,,,142.0,8.304251,1.0000001e-07,142.0,8.304251,7.0,,,,,,,
142.0,8.244292,0.19326192,142.0,8.244292,0.19488324,,,,,,,,,,,,,,,,,,,,,,,,,,,,,,,,,,,,,,,,,,,,,,,,,,,,,,,,,,,,,142.0,8.244292,-0.28204188,142.0,8.244292,-0.1628967,,,,,,,,,,,,,,,,,142.0,8.33423,0.008077307,142.0,8.33423,0.023715459,,,,,,,,,,,,,,,,,,,,,,,,,,,,,142.0,8.33423,1.0000001e-07,142.0,8.33423,7.0,,,,,,,
142.0,8.274272,0.19442214,142.0,8.274272,0.19596906,,,,,,,,,,,,,,,,,,,,,,,,,,,,,,,,,,,,,,,,,,,,,,,,,,,,,,,,,,,,,142.0,8.274272,-0.08079101,142.0,8.274272,0.09682091,,,,,,,,,,,,,,,,,142.0,8.36421,-0.054163273,142.0,8.36421,-0.015623968,,,,,,,,,,,,,,,,,,,,,,,,,,,,,142.0,8.36421,1.0000001e-07,142.0,8.36421,7.0,,,,,,,
142.0,8.304251,0.19482371,142.0,8.304251,0.19384204,,,,,,,,,,,,,,,,,,,,,,,,,,,,,,,,,,,,,,,,,,,,,,,,,,,,,,,,,,,,,142.0,8.304251,-0.048667263,142.0,8.304251,-0.36961713,,,,,,,,,,,,,,,,,142.0,8.394189,-0.023672342,142.0,8.394189,0.046033368,,,,,,,,,,,,,,,,,,,,,,,,,,,,,142.0,8.394189,1.0000001e-07,142.0,8.394189,7.0,,,,,,,
142.0,8.33423,0.19562694,142.0,8.33423,0.19724824,,,,,,,,,,,,,,,,,,,,,,,,,,,,,,,,,,,,,,,,,,,,,,,,,,,,,,,,,,,,,142.0,8.33423,0.12462775,142.0,8.33423,0.30062342,,,,,,,,,,,,,,,,,142.0,8.424169,-0.044383794,142.0,8.424169,0.039719656,,,,,,,,,,,,,,,,,,,,,,,,,,,,,142.0,8.424169,1.0000001e-07,142.0,8.424169,7.0,,,,,,,
142.0,8.364209,0.19202738,142.0,8.364209,0.19491298,,,,,,,,,,,,,,,,,,,,,,,,,,,,,,,,,,,,,,,,,,,,,,,,,,,,,,,,,,,,,142.0,8.364209,-0.5820402,142.0,8.364209,-0.107303485,,,,,,,,,,,,,,,,,142.0,8.454147,0.03326081,142.0,8.454147,0.012905005,,,,,,,,,,,,,,,,,,,,,,,,,,,,,142.0,8.454147,1.0000001e-07,142.0,8.454147,7.0,,,,,,,
142.0,8.394189,0.19381228,142.0,8.394189,0.19840845,,,,,,,,,,,,,,,,,,,,,,,,,,,,,,,,,,,,,,,,,,,,,,,,,,,,,,,,,,,,,142.0,8.394189,-0.21495205,142.0,8.394189,0.55626297,,,,,,,,,,,,,,,,,142.0,8.484127,-0.045003854,142.0,8.484127,-0.033974715,,,,,,,,,,,,,,,,,,,,,,,,,,,,,142.0,8.484127,1.0000001e-07,142.0,8.484127,7.0,,,,,,,
142.0,8.424168,0.19266696,142.0,8.424168,0.19812584,,,,,,,,,,,,,,,,,,,,,,,,,,,,,,,,,,,,,,,,,,,,,,,,,,,,,,,,,,,,,142.0,8.424168,-0.44131714,142.0,8.424168,0.4471567,,,,,,,,,,,,,,,,,142.0,8.514106,-0.028735923,142.0,8.514106,0.04576014,,,,,,,,,,,,,,,,,,,,,,,,,,,,,142.0,8.514106,1.0000001e-07,142.0,8.514106,7.0,,,,,,,
142.0,8.454147,0.19701026,142.0,8.454147,0.19660866,,,,,,,,,,,,,,,,,,,,,,,,,,,,,,,,,,,,,,,,,,,,,,,,,,,,,,,,,,,,,142.0,8.454147,0.42225346,142.0,8.454147,0.16861859,,,,,,,,,,,,,,,,,142.0,8.5440855,0.0011670557,142.0,8.5440855,-0.016629115,,,,,,,,,,,,,,,,,,,,,,,,,,,,,142.0,8.5440855,1.0000001e-07,142.0,8.5440855,7.0,,,,,,,
142.0,8.484126,0.19268185,142.0,8.484126,0.19408002,,,,,,,,,,,,,,,,,,,,,,,,,,,,,,,,,,,,,,,,,,,,,,,,,,,,,,,,,,,,,142.0,8.484126,-0.43278387,142.0,8.484126,-0.2895561,,,,,,,,,,,,,,,,,142.0,8.574064,0.006170839,142.0,8.574064,-0.0051575294,,,,,,,,,,,,,,,,,,,,,,,,,,,,,142.0,8.574064,1.0000001e-07,142.0,8.574064,7.0,,,,,,,
142.0,8.514106,0.19357431,142.0,8.514106,0.19833408,,,,,,,,,,,,,,,,,,,,,,,,,,,,,,,,,,,,,,,,,,,,,,,,,,,,,,,,,,,,,142.0,8.514106,-0.28413567,142.0,8.514106,0.48605645,,,,,,,,,,,,,,,,,142.0,8.604044,0.024467815,142.0,8.604044,0.007239791,,,,,,,,,,,,,,,,,,,,,,,,,,,,,142.0,8.604044,1.0000001e-07,142.0,8.604044,7.0,,,,,,,
142.0,8.5440855,0.19516584,142.0,8.5440855,0.19494273,,,,,,,,,,,,,,,,,,,,,,,,,,,,,,,,,,,,,,,,,,,,,,,,,,,,,,,,,,,,,142.0,8.5440855,0.04716354,142.0,8.5440855,-0.12673627,,,,,,,,,,,,,,,,,142.0,8.634023,0.047739904,142.0,8.634023,-0.025117498,,,,,,,,,,,,,,,,,,,,,,,,,,,,,142.0,8.634023,1.0000001e-07,142.0,8.634023,7.0,,,,,,,
142.0,8.574064,0.19544846,142.0,8.574064,0.19552281,,,,,,,,,,,,,,,,,,,,,,,,,,,,,,,,,,,,,,,,,,,,,,,,,,,,,,,,,,,,,142.0,8.574064,0.12391468,142.0,8.574064,-0.056082472,,,,,,,,,,,,,,,,,142.0,8.664002,-0.0076499986,142.0,8.664002,-0.0047622058,,,,,,,,,,,,,,,,,,,,,,,,,,,,,142.0,8.664002,1.0000001e-07,142.0,8.664002,7.0,,,,,,,
142.0,8.604044,0.1964599,142.0,8.604044,0.19631118,,,,,,,,,,,,,,,,,,,,,,,,,,,,,,,,,,,,,,,,,,,,,,,,,,,,,,,,,,,,,142.0,8.604044,0.2648295,142.0,8.604044,0.15886673,,,,,,,,,,,,,,,,,142.0,8.693981,-0.002029641,142.0,8.693981,-0.009248363,,,,,,,,,,,,,,,,,,,,,,,,,,,,,142.0,8.693981,1.0000001e-07,142.0,8.693981,7.0,,,,,,,
142.0,8.634023,0.1976796,142.0,8.634023,0.19452626,,,,,,,,,,,,,,,,,,,,,,,,,,,,,,,,,,,,,,,,,,,,,,,,,,,,,,,,,,,,,142.0,8.634023,0.5021871,142.0,8.634023,-0.15995811,,,,,,,,,,,,,,,,,142.0,8.723961,0.013630617,142.0,8.723961,0.025106354,,,,,,,,,,,,,,,,,,,,,,,,,,,,,142.0,8.723961,1.0000001e-07,142.0,8.723961,7.0,,,,,,,
142.0,8.664002,0.19460064,142.0,8.664002,0.19559722,,,,,,,,,,,,,,,,,,,,,,,,,,,,,,,,,,,,,,,,,,,,,,,,,,,,,,,,,,,,,142.0,8.664002,-0.077111,142.0,8.664002,0.0025126205,,,,,,,,,,,,,,,,,142.0,8.75394,0.030218674,142.0,8.75394,0.011023449,,,,,,,,,,,,,,,,,,,,,,,,,,,,,142.0,8.75394,1.0000001e-07,142.0,8.75394,7.0,,,,,,,
142.0,8.693981,0.19509147,142.0,8.693981,0.1953741,,,,,,,,,,,,,,,,,,,,,,,,,,,,,,,,,,,,,,,,,,,,,,,,,,,,,,,,,,,,,142.0,8.693981,0.073599756,142.0,8.693981,-0.04891694,,,,,,,,,,,,,,,,,142.0,8.783919,-0.056939516,142.0,8.783919,-0.004815015,,,,,,,,,,,,,,,,,,,,,,,,,,,,,142.0,8.783919,1.0000001e-07,142.0,8.783919,7.0,,,,,,,
142.0,8.723961,0.19580545,142.0,8.723961,0.19714412,,,,,,,,,,,,,,,,,,,,,,,,,,,,,,,,,,,,,,,,,,,,,,,,,,,,,,,,,,,,,142.0,8.723961,0.15274069,142.0,8.723961,0.263475,,,,,,,,,,,,,,,,,142.0,8.813898,0.05549598,142.0,8.813898,0.08310363,,,,,,,,,,,,,,,,,,,,,,,,,,,,,142.0,8.813898,1.0000001e-07,142.0,8.813898,7.0,,,,,,,
142.0,8.75394,0.19666816,142.0,8.75394,0.19638555,,,,,,,,,,,,,,,,,,,,,,,,,,,,,,,,,,,,,,,,,,,,,,,,,,,,,,,,,,,,,142.0,8.75394,0.3284179,142.0,8.75394,0.09251037,,,,,,,,,,,,,,,,,142.0,8.843878,0.040303953,142.0,8.843878,-0.00012323674,,,,,,,,,,,,,,,,,,,,,,,,,,,,,142.0,8.843878,1.0000001e-07,142.0,8.843878,7.0,,,,,,,
142.0,8.783919,0.19217612,142.0,8.783919,0.19561207,,,,,,,,,,,,,,,,,,,,,,,,,,,,,,,,,,,,,,,,,,,,,,,,,,,,,,,,,,,,,142.0,8.783919,-0.4936979,142.0,8.783919,-0.013438758,,,,,,,,,,,,,,,,,142.0,8.873857,-0.008807837,142.0,8.873857,-0.0008331955,,,,,,,,,,,,,,,,,,,,,,,,,,,,,142.0,8.873857,1.0000001e-07,142.0,8.873857,7.0,,,,,,,
142.0,8.813898,0.1979176,142.0,8.813898,0.20007437,,,,,,,,,,,,,,,,,,,,,,,,,,,,,,,,,,,,,,,,,,,,,,,,,,,,,,,,,,,,,142.0,8.813898,0.5910737,142.0,8.813898,0.8390181,,,,,,,,,,,,,,,,,142.0,8.903836,0.056787238,142.0,8.903836,-0.06405165,,,,,,,,,,,,,,,,,,,,,,,,,,,,,142.0,8.903836,1.0000001e-07,142.0,8.903836,7.0,,,,,,,
142.0,8.843878,0.19712926,142.0,8.843878,0.19587983,,,,,,,,,,,,,,,,,,,,,,,,,,,,,,,,,,,,,,,,,,,,,,,,,,,,,,,,,,,,,142.0,8.843878,0.42846927,142.0,8.843878,-0.019388769,,,,,,,,,,,,,,,,,142.0,8.933815,0.010683441,142.0,8.933815,0.045383528,,,,,,,,,,,,,,,,,,,,,,,,,,,,,142.0,8.933815,1.0000001e-07,142.0,8.933815,7.0,,,,,,,
142.0,8.873857,0.19464524,142.0,8.873857,0.19583519,,,,,,,,,,,,,,,,,,,,,,,,,,,,,,,,,,,,,,,,,,,,,,,,,,,,,,,,,,,,,142.0,8.873857,-0.059038,142.0,8.873857,0.047608502,,,,,,,,,,,,,,,,,142.0,8.963795,-0.04164475,142.0,8.963795,0.002712436,,,,,,,,,,,,,,,,,,,,,,,,,,,,,142.0,8.963795,1.0000001e-07,142.0,8.963795,7.0,,,,,,,
142.0,8.903836,0.19794734,142.0,8.903836,0.1925777,,,,,,,,,,,,,,,,,,,,,,,,,,,,,,,,,,,,,,,,,,,,,,,,,,,,,,,,,,,,,142.0,8.903836,0.57108754,142.0,8.903836,-0.5496198,,,,,,,,,,,,,,,,,142.0,8.993773,-0.027691891,142.0,8.993773,0.003960743,,,,,,,,,,,,,,,,,,,,,,,,,,,,,142.0,8.993773,1.0000001e-07,142.0,8.993773,7.0,,,,,,,
142.0,8.933815,0.19564182,142.0,8.933815,0.19806634,,,,,,,,,,,,,,,,,,,,,,,,,,,,,,,,,,,,,,,,,,,,,,,,,,,,,,,,,,,,,142.0,8.933815,0.16886197,142.0,8.933815,0.49174362,,,,,,,,,,,,,,,,,142.0,9.023753,0.06570036,142.0,9.023753,0.03275112,,,,,,,,,,,,,,,,,,,,,,,,,,,,,142.0,9.023753,1.0000001e-07,142.0,9.023753,7.0,,,,,,,
142.0,8.963795,0.19308345,142.0,8.963795,0.19592443,,,,,,,,,,,,,,,,,,,,,,,,,,,,,,,,,,,,,,,,,,,,,,,,,,,,,,,,,,,,,142.0,8.963795,-0.35614368,142.0,8.963795,0.0032245186,,,,,,,,,,,,,,,,,142.0,9.053732,0.010695361,142.0,9.053732,0.037485503,,,,,,,,,,,,,,,,,,,,,,,,,,,,,142.0,9.053732,1.0000001e-07,142.0,9.053732,7.0,,,,,,,
142.0,8.993773,0.19372304,142.0,8.993773,0.19604343,,,,,,,,,,,,,,,,,,,,,,,,,,,,,,,,,,,,,,,,,,,,,,,,,,,,,,,,,,,,,142.0,8.993773,-0.20035093,142.0,8.993773,0.075407594,,,,,,,,,,,,,,,,,142.0,9.083712,-0.0075693396,142.0,9.083712,0.01652659,,,,,,,,,,,,,,,,,,,,,,,,,,,,,142.0,9.083712,1.0000001e-07,142.0,9.083712,7.0,,,,,,,
142.0,9.023753,0.19827458,142.0,9.023753,0.19741188,,,,,,,,,,,,,,,,,,,,,,,,,,,,,,,,,,,,,,,,,,,,,,,,,,,,,,,,,,,,,142.0,9.023753,0.66866124,142.0,9.023753,0.27533785,,,,,,,,,,,,,,,,,142.0,9.11369,0.007741118,142.0,9.11369,0.07139227,,,,,,,,,,,,,,,,,,,,,,,,,,,,,142.0,9.11369,1.0000001e-07,142.0,9.11369,7.0,,,,,,,
142.0,9.053732,0.1955972,142.0,9.053732,0.19763498,,,,,,,,,,,,,,,,,,,,,,,,,,,,,,,,,,,,,,,,,,,,,,,,,,,,,,,,,,,,,142.0,9.053732,0.17807044,142.0,9.053732,0.36160028,,,,,,,,,,,,,,,,,142.0,9.14367,-0.06774613,142.0,9.14367,0.035087246,,,,,,,,,,,,,,,,,,,,,,,,,,,,,142.0,9.14367,1.0000001e-07,142.0,9.14367,7.0,,,,,,,
142.0,9.083712,0.19470474,142.0,9.083712,0.1965789,,,,,,,,,,,,,,,,,,,,,,,,,,,,,,,,,,,,,,,,,,,,,,,,,,,,,,,,,,,,,142.0,9.083712,-0.065621324,142.0,9.083712,0.19923732,,,,,,,,,,,,,,,,,142.0,9.17365,0.04649329,142.0,9.17365,-0.02297582,,,,,,,,,,,,,,,,,,,,,,,,,,,,,142.0,9.17365,1.0000001e-07,142.0,9.17365,7.0,,,,,,,
142.0,9.11369,0.1955377,142.0,9.11369,0.19925627,,,,,,,,,,,,,,,,,,,,,,,,,,,,,,,,,,,,,,,,,,,,,,,,,,,,,,,,,,,,,142.0,9.11369,0.12291784,142.0,9.11369,0.6353554,,,,,,,,,,,,,,,,,142.0,9.203629,0.011471458,142.0,9.203629,-0.017674178,,,,,,,,,,,,,,,,,,,,,,,,,,,,,142.0,9.203629,1.0000001e-07,142.0,9.203629,7.0,,,,,,,
142.0,9.14367,0.19187862,142.0,9.14367,0.19750112,,,,,,,,,,,,,,,,,,,,,,,,,,,,,,,,,,,,,,,,,,,,,,,,,,,,,,,,,,,,,142.0,9.14367,-0.59971577,142.0,9.14367,0.34009516,,,,,,,,,,,,,,,,,142.0,9.233608,0.013699353,142.0,9.233608,0.0026690087,,,,,,,,,,,,,,,,,,,,,,,,,,,,,142.0,9.233608,1.0000001e-07,142.0,9.233608,7.0,,,,,,,
142.0,9.173649,0.19726314,142.0,9.173649,0.19474937,,,,,,,,,,,,,,,,,,,,,,,,,,,,,,,,,,,,,,,,,,,,,,,,,,,,,,,,,,,,,142.0,9.173649,0.5036851,142.0,9.173649,-0.11499177,,,,,,,,,,,,,,,,,142.0,9.263587,-0.015419279,142.0,9.263587,0.0215617,,,,,,,,,,,,,,,,,,,,,,,,,,,,,142.0,9.263587,1.0000001e-07,142.0,9.263587,7.0,,,,,,,
142.0,9.203629,0.19567159,142.0,9.203629,0.19500223,,,,,,,,,,,,,,,,,,,,,,,,,,,,,,,,,,,,,,,,,,,,,,,,,,,,,,,,,,,,,142.0,9.203629,0.15824242,142.0,9.203629,-0.101618014,,,,,,,,,,,,,,,,,142.0,9.293567,-0.023478713,142.0,9.293567,-0.00527962,,,,,,,,,,,,,,,,,,,,,,,,,,,,,142.0,9.293567,1.0000001e-07,142.0,9.293567,7.0,,,,,,,
142.0,9.233607,0.19571619,142.0,9.233607,0.19592443,,,,,,,,,,,,,,,,,,,,,,,,,,,,,,,,,,,,,,,,,,,,,,,,,,,,,,,,,,,,,142.0,9.233607,0.15914808,142.0,9.233607,0.121679746,,,,,,,,,,,,,,,,,142.0,9.323545,-0.008553335,142.0,9.323545,-0.018525872,,,,,,,,,,,,,,,,,,,,,,,,,,,,,142.0,9.323545,1.0000001e-07,142.0,9.323545,7.0,,,,,,,
142.0,9.263587,0.19440727,142.0,9.263587,0.19680203,,,,,,,,,,,,,,,,,,,,,,,,,,,,,,,,,,,,,,,,,,,,,,,,,,,,,,,,,,,,,142.0,9.263587,-0.106581904,142.0,9.263587,0.23694107,,,,,,,,,,,,,,,,,142.0,9.353525,0.03789245,142.0,9.353525,-0.06898696,,,,,,,,,,,,,,,,,,,,,,,,,,,,,142.0,9.353525,1.0000001e-07,142.0,9.353525,7.0,,,,,,,
142.0,9.293566,0.19399077,142.0,9.293566,0.19552283,,,,,,,,,,,,,,,,,,,,,,,,,,,,,,,,,,,,,,,,,,,,,,,,,,,,,,,,,,,,,142.0,9.293566,-0.17120647,142.0,9.293566,-0.011606144,,,,,,,,,,,,,,,,,142.0,9.383504,-0.06156923,142.0,9.383504,-0.017161855,,,,,,,,,,,,,,,,,,,,,,,,,,,,,142.0,9.383504,1.0000001e-07,142.0,9.383504,7.0,,,,,,,
142.0,9.323545,0.19471961,142.0,9.323545,0.19501711,,,,,,,,,,,,,,,,,,,,,,,,,,,,,,,,,,,,,,,,,,,,,,,,,,,,,,,,,,,,,142.0,9.323545,-0.10847492,142.0,9.323545,-0.10648283,,,,,,,,,,,,,,,,,142.0,9.413484,-0.009394573,142.0,9.413484,-0.046333358,,,,,,,,,,,,,,,,,,,,,,,,,,,,,142.0,9.413484,1.0000001e-07,142.0,9.413484,7.0,,,,,,,
142.0,9.353524,0.19677226,142.0,9.353524,0.19262235,,,,,,,,,,,,,,,,,,,,,,,,,,,,,,,,,,,,,,,,,,,,,,,,,,,,,,,,,,,,,142.0,9.353524,0.38093394,142.0,9.353524,-0.54645133,,,,,,,,,,,,,,,,,142.0,9.443462,0.015898686,142.0,9.443462,0.0025493214,,,,,,,,,,,,,,,,,,,,,,,,,,,,,142.0,9.443462,1.0000001e-07,142.0,9.443462,7.0,,,,,,,
142.0,9.383504,0.19230998,142.0,9.383504,0.19512123,,,,,,,,,,,,,,,,,,,,,,,,,,,,,,,,,,,,,,,,,,,,,,,,,,,,,,,,,,,,,142.0,9.383504,-0.4860425,142.0,9.383504,-0.052863102,,,,,,,,,,,,,,,,,142.0,9.473442,0.062331583,142.0,9.473442,0.00032009682,,,,,,,,,,,,,,,,,,,,,,,,,,,,,142.0,9.473442,1.0000001e-07,142.0,9.473442,7.0,,,,,,,
142.0,9.413484,0.19468987,142.0,9.413484,0.19375278,,,,,,,,,,,,,,,,,,,,,,,,,,,,,,,,,,,,,,,,,,,,,,,,,,,,,,,,,,,,,142.0,9.413484,-0.016769998,142.0,9.413484,-0.32212436,,,,,,,,,,,,,,,,,142.0,9.503421,-0.023061812,142.0,9.503421,0.0029086305,,,,,,,,,,,,,,,,,,,,,,,,,,,,,142.0,9.503421,1.0000001e-07,142.0,9.503421,7.0,,,,,,,
142.0,9.443462,0.19579057,142.0,9.443462,0.1959988,,,,,,,,,,,,,,,,,,,,,,,,,,,,,,,,,,,,,,,,,,,,,,,,,,,,,,,,,,,,,142.0,9.443462,0.17221217,142.0,9.443462,0.07382819,,,,,,,,,,,,,,,,,142.0,9.533401,0.037068527,142.0,9.533401,0.040029757,,,,,,,,,,,,,,,,,,,,,,,,,,,,,142.0,9.533401,1.0000001e-07,142.0,9.533401,7.0,,,,,,,
142.0,9.473442,0.1979176,142.0,9.473442,0.1958203,,,,,,,,,,,,,,,,,,,,,,,,,,,,,,,,,,,,,,,,,,,,,,,,,,,,,,,,,,,,,142.0,9.473442,0.576346,142.0,9.473442,0.07758388,,,,,,,,,,,,,,,,,142.0,9.563379,-0.0021540995,142.0,9.563379,0.010577191,,,,,,,,,,,,,,,,,,,,,,,,,,,,,142.0,9.563379,1.0000001e-07,142.0,9.563379,7.0,,,,,,,
142.0,9.503421,0.19405025,142.0,9.503421,0.19595419,,,,,,,,,,,,,,,,,,,,,,,,,,,,,,,,,,,,,,,,,,,,,,,,,,,,,,,,,,,,,142.0,9.503421,-0.1439915,142.0,9.503421,0.06735797,,,,,,,,,,,,,,,,,142.0,9.593359,-0.0037781047,142.0,9.593359,-0.032348823,,,,,,,,,,,,,,,,,,,,,,,,,,,,,142.0,9.593359,1.0000001e-07,142.0,9.593359,7.0,,,,,,,
142.0,9.533401,0.19672766,142.0,9.533401,0.19753087,,,,,,,,,,,,,,,,,,,,,,,,,,,,,,,,,,,,,,,,,,,,,,,,,,,,,,,,,,,,,142.0,9.533401,0.35450244,142.0,9.533401,0.36185437,,,,,,,,,,,,,,,,,142.0,9.623338,0.07127108,142.0,9.623338,-0.009043865,,,,,,,,,,,,,,,,,,,,,,,,,,,,,142.0,9.623338,1.0000001e-07,142.0,9.623338,7.0,,,,,,,
142.0,9.563379,0.19491297,142.0,9.563379,0.19625169,,,,,,,,,,,,,,,,,,,,,,,,,,,,,,,,,,,,,,,,,,,,,,,,,,,,,,,,,,,,,142.0,9.563379,0.045445994,142.0,9.563379,0.10690692,,,,,,,,,,,,,,,,,142.0,9.653317,0.013728424,142.0,9.653317,-0.019520046,,,,,,,,,,,,,,,,,,,,,,,,,,,,,142.0,9.653317,1.0000001e-07,142.0,9.653317,7.0,,,,,,,
142.0,9.593359,0.19486837,142.0,9.593359,0.194437,,,,,,,,,,,,,,,,,,,,,,,,,,,,,,,,,,,,,,,,,,,,,,,,,,,,,,,,,,,,,142.0,9.593359,0.028076045,142.0,9.593359,-0.2685957,,,,,,,,,,,,,,,,,142.0,9.683296,-0.007556725,142.0,9.683296,-0.07841513,,,,,,,,,,,,,,,,,,,,,,,,,,,,,142.0,9.683296,1.0000001e-07,142.0,9.683296,7.0,,,,,,,
142.0,9.623338,0.1980961,142.0,9.623338,0.19546334,,,,,,,,,,,,,,,,,,,,,,,,,,,,,,,,,,,,,,,,,,,,,,,,,,,,,,,,,,,,,142.0,9.623338,0.5625373,142.0,9.623338,-0.05482677,,,,,,,,,,,,,,,,,142.0,9.713276,-0.049860585,142.0,9.713276,-0.024453178,,,,,,,,,,,,,,,,,,,,,,,,,,,,,142.0,9.713276,1.0000001e-07,142.0,9.713276,7.0,,,,,,,
142.0,9.653317,0.19564182,142.0,9.653317,0.19498736,,,,,,,,,,,,,,,,,,,,,,,,,,,,,,,,,,,,,,,,,,,,,,,,,,,,,,,,,,,,,142.0,9.653317,0.16034313,142.0,9.653317,-0.12769811,,,,,,,,,,,,,,,,,142.0,9.743255,-0.023655321,142.0,9.743255,0.00037591986,,,,,,,,,,,,,,,,,,,,,,,,,,,,,142.0,9.743255,1.0000001e-07,142.0,9.743255,7.0,,,,,,,
142.0,9.683296,0.194794,142.0,9.683296,0.19251823,,,,,,,,,,,,,,,,,,,,,,,,,,,,,,,,,,,,,,,,,,,,,,,,,,,,,,,,,,,,,142.0,9.683296,-0.017211882,142.0,9.683296,-0.55526656,,,,,,,,,,,,,,,,,142.0,9.773234,0.013539499,142.0,9.773234,-0.0013104135,,,,,,,,,,,,,,,,,,,,,,,,,,,,,142.0,9.773234,1.0000001e-07,142.0,9.773234,7.0,,,,,,,
142.0,9.713276,0.19299419,142.0,9.713276,0.19477911,,,,,,,,,,,,,,,,,,,,,,,,,,,,,,,,,,,,,,,,,,,,,,,,,,,,,,,,,,,,,142.0,9.713276,-0.36614922,142.0,9.713276,-0.13845079,,,,,,,,,,,,,,,,,142.0,9.803213,0.022757506,142.0,9.803213,-0.067272134,,,,,,,,,,,,,,,,,,,,,,,,,,,,,142.0,9.803213,1.0000001e-07,142.0,9.803213,7.0,,,,,,,
142.0,9.743255,0.19405028,142.0,9.743255,0.19579059,,,,,,,,,,,,,,,,,,,,,,,,,,,,,,,,,,,,,,,,,,,,,,,,,,,,,,,,,,,,,142.0,9.743255,-0.20600429,142.0,9.743255,0.05577461,,,,,,,,,,,,,,,,,142.0,9.833193,-0.024385821,142.0,9.833193,-0.019819638,,,,,,,,,,,,,,,,,,,,,,,,,,,,,142.0,9.833193,1.0000001e-07,142.0,9.833193,7.0,,,,,,,
142.0,9.773234,0.19559722,142.0,9.773234,0.19574596,,,,,,,,,,,,,,,,,,,,,,,,,,,,,,,,,,,,,,,,,,,,,,,,,,,,,,,,,,,,,142.0,9.773234,0.1509353,142.0,9.773234,0.01705525,,,,,,,,,,,,,,,,,142.0,9.863172,0.048421104,142.0,9.863172,-0.022633787,,,,,,,,,,,,,,,,,,,,,,,,,,,,,142.0,9.863172,1.0000001e-07,142.0,9.863172,7.0,,,,,,,
142.0,9.803213,0.19602856,142.0,9.803213,0.19305368,,,,,,,,,,,,,,,,,,,,,,,,,,,,,,,,,,,,,,,,,,,,,,,,,,,,,,,,,,,,,142.0,9.803213,0.19975156,142.0,9.803213,-0.49811065,,,,,,,,,,,,,,,,,142.0,9.893151,0.010113413,142.0,9.893151,-0.0060552526,,,,,,,,,,,,,,,,,,,,,,,,,,,,,142.0,9.893151,1.0000001e-07,142.0,9.893151,7.0,,,,,,,
142.0,9.833193,0.19409488,142.0,9.833193,0.1950171,,,,,,,,,,,,,,,,,,,,,,,,,,,,,,,,,,,,,,,,,,,,,,,,,,,,,,,,,,,,,142.0,9.833193,-0.1590544,142.0,9.833193,-0.15024899,,,,,,,,,,,,,,,,,142.0,9.92313,-0.021591542,142.0,9.92313,0.041574553,,,,,,,,,,,,,,,,,,,,,,,,,,,,,142.0,9.92313,1.0000001e-07,142.0,9.92313,7.0,,,,,,,
142.0,9.863172,0.19704002,142.0,9.863172,0.19485348,,,,,,,,,,,,,,,,,,,,,,,,,,,,,,,,,,,,,,,,,,,,,,,,,,,,,,,,,,,,,142.0,9.863172,0.42882162,142.0,9.863172,-0.15356477,,,,,,,,,,,,,,,,,142.0,9.95311,0.08706744,142.0,9.95311,0.0042069885,,,,,,,,,,,,,,,,,,,,,,,,,,,,,142.0,9.95311,1.0000001e-07,142.0,9.95311,7.0,,,,,,,
142.0,9.893151,0.19555259,142.0,9.893151,0.19556744,,,,,,,,,,,,,,,,,,,,,,,,,,,,,,,,,,,,,,,,,,,,,,,,,,,,,,,,,,,,,142.0,9.893151,0.09403939,142.0,9.893151,-0.034426544,,,,,,,,,,,,,,,,,142.0,9.9830885,0.03901348,142.0,9.9830885,0.040129956,,,,,,,,,,,,,,,,,,,,,,,,,,,,,142.0,9.9830885,1.0000001e-07,142.0,9.9830885,7.0,,,,,,,
142.0,9.92313,0.19418414,142.0,9.92313,0.19742674,,,,,,,,,,,,,,,,,,,,,,,,,,,,,,,,,,,,,,,,,,,,,,,,,,,,,,,,,,,,,142.0,9.92313,-0.10413967,142.0,9.92313,0.3286079,,,,,,,,,,,,,,,,,142.0,10.013068,-0.033146486,142.0,10.013068,0.03661355,,,,,,,,,,,,,,,,,,,,,,,,,,,,,142.0,10.013068,1.0000001e-07,142.0,10.013068,7.0,,,,,,,
142.0,9.95311,0.19858693,142.0,9.95311,0.19604343,,,,,,,,,,,,,,,,,,,,,,,,,,,,,,,,,,,,,,,,,,,,,,,,,,,,,,,,,,,,,142.0,9.95311,0.62699103,142.0,9.95311,0.12816116,,,,,,,,,,,,,,,,,142.0,10.043048,-0.026225848,142.0,10.043048,0.05399999,,,,,,,,,,,,,,,,,,,,,,,,,,,,,142.0,10.043048,1.0000001e-07,142.0,10.043048,7.0,,,,,,,
142.0,9.9830885,0.19666815,142.0,9.9830885,0.1974565,,,,,,,,,,,,,,,,,,,,,,,,,,,,,,,,,,,,,,,,,,,,,,,,,,,,,,,,,,,,,142.0,9.9830885,0.36054045,142.0,9.9830885,0.36359578,,,,,,,,,,,,,,,,,142.0,10.073027,-0.06265735,142.0,10.073027,-0.019644517,,,,,,,,,,,,,,,,,,,,,,,,,,,,,142.0,10.073027,1.0000001e-07,142.0,10.073027,7.0,,,,,,,
142.0,10.013068,0.19375278,142.0,10.013068,0.19721848,,,,,,,,,,,,,,,,,,,,,,,,,,,,,,,,,,,,,,,,,,,,,,,,,,,,,,,,,,,,,142.0,10.013068,-0.19978388,142.0,10.013068,0.31927788,,,,,,,,,,,,,,,,,142.0,10.103006,-0.008834116,142.0,10.103006,0.013622453,,,,,,,,,,,,,,,,,,,,,,,,,,,,,142.0,10.103006,1.0000001e-07,142.0,10.103006,7.0,,,,,,,
142.0,10.043047,0.19400567,142.0,10.043047,0.19796222,,,,,,,,,,,,,,,,,,,,,,,,,,,,,,,,,,,,,,,,,,,,,,,,,,,,,,,,,,,,,142.0,10.043047,-0.1563279,142.0,10.043047,0.4383499,,,,,,,,,,,,,,,,,142.0,10.132985,0.066323444,142.0,10.132985,-0.018050592,,,,,,,,,,,,,,,,,,,,,,,,,,,,,142.0,10.132985,1.0000001e-07,142.0,10.132985,7.0,,,,,,,
142.0,10.073027,0.19271158,142.0,10.073027,0.19500224,,,,,,,,,,,,,,,,,,,,,,,,,,,,,,,,,,,,,,,,,,,,,,,,,,,,,,,,,,,,,142.0,10.073027,-0.40370762,142.0,10.073027,-0.13215168,,,,,,,,,,,,,,,,,142.0,10.162965,0.07212465,142.0,10.162965,0.04343685,,,,,,,,,,,,,,,,,,,,,,,,,,,,,142.0,10.162965,1.0000001e-07,142.0,10.162965,7.0,,,,,,,
142.0,10.103005,0.19477911,142.0,10.103005,0.19634092,,,,,,,,,,,,,,,,,,,,,,,,,,,,,,,,,,,,,,,,,,,,,,,,,,,,,,,,,,,,,142.0,10.103005,0.0028936947,142.0,10.103005,0.13947794,,,,,,,,,,,,,,,,,142.0,10.192944,-0.007739939,142.0,10.192944,0.040209454,,,,,,,,,,,,,,,,,,,,,,,,,,,,,142.0,10.192944,1.0000001e-07,142.0,10.192944,7.0,,,,,,,
142.0,10.132985,0.19759037,142.0,10.132985,0.19510636,,,,,,,,,,,,,,,,,,,,,,,,,,,,,,,,,,,,,,,,,,,,,,,,,,,,,,,,,,,,,142.0,10.132985,0.51197267,142.0,10.132985,-0.09618624,,,,,,,,,,,,,,,,,142.0,10.222923,0.032329634,142.0,10.222923,0.055576093,,,,,,,,,,,,,,,,,,,,,,,,,,,,,142.0,10.222923,1.0000001e-07,142.0,10.222923,7.0,,,,,,,
142.0,10.162964,0.1978581,142.0,10.162964,0.1974565,,,,,,,,,,,,,,,,,,,,,,,,,,,,,,,,,,,,,,,,,,,,,,,,,,,,,,,,,,,,,142.0,10.162964,0.59162253,142.0,10.162964,0.32958937,,,,,,,,,,,,,,,,,142.0,10.252902,0.076789096,142.0,10.252902,-0.013085103,,,,,,,,,,,,,,,,,,,,,,,,,,,,,142.0,10.252902,1.0000001e-07,142.0,10.252902,7.0,,,,,,,
142.0,10.192944,0.1947791,142.0,10.192944,0.19735238,,,,,,,,,,,,,,,,,,,,,,,,,,,,,,,,,,,,,,,,,,,,,,,,,,,,,,,,,,,,,142.0,10.192944,0.040567413,142.0,10.192944,0.31584322,,,,,,,,,,,,,,,,,142.0,10.282882,-0.11298484,142.0,10.282882,0.023441235,,,,,,,,,,,,,,,,,,,,,,,,,,,,,142.0,10.282882,1.0000001e-07,142.0,10.282882,7.0,,,,,,,
142.0,10.222922,0.19629629,142.0,10.222922,0.19796221,,,,,,,,,,,,,,,,,,,,,,,,,,,,,,,,,,,,,,,,,,,,,,,,,,,,,,,,,,,,,142.0,10.222922,0.25552785,142.0,10.222922,0.4336344,,,,,,,,,,,,,,,,,142.0,10.3128605,0.015036081,142.0,10.3128605,0.037833445,,,,,,,,,,,,,,,,,,,,,,,,,,,,,142.0,10.3128605,1.0000001e-07,142.0,10.3128605,7.0,,,,,,,
142.0,10.252902,0.19802171,142.0,10.252902,0.19528486,,,,,,,,,,,,,,,,,,,,,,,,,,,,,,,,,,,,,,,,,,,,,,,,,,,,,,,,,,,,,142.0,10.252902,0.5886024,142.0,10.252902,-0.07891257,,,,,,,,,,,,,,,,,142.0,10.34284,-0.0088368375,142.0,10.34284,0.039828617,,,,,,,,,,,,,,,,,,,,,,,,,,,,,142.0,10.34284,1.0000001e-07,142.0,10.34284,7.0,,,,,,,
142.0,10.282882,0.19082254,142.0,10.282882,0.19665329,,,,,,,,,,,,,,,,,,,,,,,,,,,,,,,,,,,,,,,,,,,,,,,,,,,,,,,,,,,,,142.0,10.282882,-0.8053702,142.0,10.282882,0.18509506,,,,,,,,,,,,,,,,,142.0,10.372819,-0.055356663,142.0,10.372819,-0.0050899885,,,,,,,,,,,,,,,,,,,,,,,,,,,,,142.0,10.372819,1.0000001e-07,142.0,10.372819,7.0,,,,,,,
142.0,10.3128605,0.19553772,142.0,10.3128605,0.19723338,,,,,,,,,,,,,,,,,,,,,,,,,,,,,,,,,,,,,,,,,,,,,,,,,,,,,,,,,,,,,142.0,10.3128605,0.13348699,142.0,10.3128605,0.29597875,,,,,,,,,,,,,,,,,142.0,10.402799,-0.06311904,142.0,10.402799,0.015696568,,,,,,,,,,,,,,,,,,,,,,,,,,,,,142.0,10.402799,1.0000001e-07,142.0,10.402799,7.0,,,,,,,
142.0,10.34284,0.19470474,142.0,10.34284,0.19729286,,,,,,,,,,,,,,,,,,,,,,,,,,,,,,,,,,,,,,,,,,,,,,,,,,,,,,,,,,,,,142.0,10.34284,-0.0601964,142.0,10.34284,0.3544675,,,,,,,,,,,,,,,,,142.0,10.432777,-0.09293617,142.0,10.432777,0.038594883,,,,,,,,,,,,,,,,,,,,,,,,,,,,,142.0,10.432777,1.0000001e-07,142.0,10.432777,7.0,,,,,,,
142.0,10.372819,0.19299418,142.0,10.372819,0.19559722,,,,,,,,,,,,,,,,,,,,,,,,,,,,,,,,,,,,,,,,,,,,,,,,,,,,,,,,,,,,,142.0,10.372819,-0.3119807,142.0,10.372819,0.025636844,,,,,,,,,,,,,,,,,142.0,10.462757,-0.014371173,142.0,10.462757,-0.01663221,,,,,,,,,,,,,,,,,,,,,,,,,,,,,142.0,10.462757,1.0000001e-07,142.0,10.462757,7.0,,,,,,,
142.0,10.402799,0.19272646,142.0,10.402799,0.19637066,,,,,,,,,,,,,,,,,,,,,,,,,,,,,,,,,,,,,,,,,,,,,,,,,,,,,,,,,,,,,142.0,10.402799,-0.40265486,142.0,10.402799,0.16644652,,,,,,,,,,,,,,,,,142.0,10.492736,0.033744987,142.0,10.492736,-0.061040375,,,,,,,,,,,,,,,,,,,,,,,,,,,,,142.0,10.492736,1.0000001e-07,142.0,10.492736,7.0,,,,,,,
142.0,10.432777,0.19171502,142.0,10.432777,0.197159,,,,,,,,,,,,,,,,,,,,,,,,,,,,,,,,,,,,,,,,,,,,,,,,,,,,,,,,,,,,,142.0,10.432777,-0.57659763,142.0,10.432777,0.30919772,,,,,,,,,,,,,,,,,142.0,10.522716,-0.026288845,142.0,10.522716,0.052353133,,,,,,,,,,,,,,,,,,,,,,,,,,,,,142.0,10.522716,1.0000001e-07,142.0,10.522716,7.0,,,,,,,
142.0,10.462757,0.19452626,142.0,10.462757,0.19515096,,,,,,,,,,,,,,,,,,,,,,,,,,,,,,,,,,,,,,,,,,,,,,,,,,,,,,,,,,,,,142.0,10.462757,-0.0045206016,142.0,10.462757,-0.08522654,,,,,,,,,,,,,,,,,142.0,10.552694,-0.0037948738,142.0,10.552694,-0.016239895,,,,,,,,,,,,,,,,,,,,,,,,,,,,,142.0,10.552694,1.0000001e-07,142.0,10.552694,7.0,,,,,,,
142.0,10.492736,0.19625169,142.0,10.492736,0.19358917,,,,,,,,,,,,,,,,,,,,,,,,,,,,,,,,,,,,,,,,,,,,,,,,,,,,,,,,,,,,,142.0,10.492736,0.22538736,142.0,10.492736,-0.38637722,,,,,,,,,,,,,,,,,142.0,10.582674,0.0059549147,142.0,10.582674,0.018230801,,,,,,,,,,,,,,,,,,,,,,,,,,,,,142.0,10.582674,1.0000001e-07,142.0,10.582674,7.0,,,,,,,
142.0,10.522716,0.19405027,142.0,10.522716,0.19769448,,,,,,,,,,,,,,,,,,,,,,,,,,,,,,,,,,,,,,,,,,,,,,,,,,,,,,,,,,,,,142.0,10.522716,-0.20439333,142.0,10.522716,0.3602851,,,,,,,,,,,,,,,,,142.0,10.612653,-0.12032779,142.0,10.612653,0.073157564,,,,,,,,,,,,,,,,,,,,,,,,,,,,,142.0,10.612653,1.0000001e-07,142.0,10.612653,7.0,,,,,,,
142.0,10.552694,0.19497249,142.0,10.552694,0.19524023,,,,,,,,,,,,,,,,,,,,,,,,,,,,,,,,,,,,,,,,,,,,,,,,,,,,,,,,,,,,,142.0,10.552694,-0.024193188,142.0,10.552694,-0.08574303,,,,,,,,,,,,,,,,,142.0,10.6426325,-0.040864866,142.0,10.6426325,0.00623199,,,,,,,,,,,,,,,,,,,,,,,,,,,,,142.0,10.6426325,1.0000001e-07,142.0,10.6426325,7.0,,,,,,,
142.0,10.582674,0.19522533,142.0,10.582674,0.19648966,,,,,,,,,,,,,,,,,,,,,,,,,,,,,,,,,,,,,,,,,,,,,,,,,,,,,,,,,,,,,142.0,10.582674,0.038868222,142.0,10.582674,0.14363109,,,,,,,,,,,,,,,,,142.0,10.672611,0.038679197,142.0,10.672611,0.048448928,,,,,,,,,,,,,,,,,,,,,,,,,,,,,142.0,10.672611,1.0000001e-07,142.0,10.672611,7.0,,,,,,,
142.0,10.612653,0.19077793,142.0,10.612653,0.19840844,,,,,,,,,,,,,,,,,,,,,,,,,,,,,,,,,,,,,,,,,,,,,,,,,,,,,,,,,,,,,142.0,10.612653,-0.76797354,142.0,10.612653,0.52817214,,,,,,,,,,,,,,,,,142.0,10.702591,0.033186838,142.0,10.702591,-0.061111968,,,,,,,,,,,,,,,,,,,,,,,,,,,,,142.0,10.702591,1.0000001e-07,142.0,10.702591,7.0,,,,,,,
142.0,10.6426325,0.19355944,142.0,10.6426325,0.19598395,,,,,,,,,,,,,,,,,,,,,,,,,,,,,,,,,,,,,,,,,,,,,,,,,,,,,,,,,,,,,142.0,10.6426325,-0.24806179,142.0,10.6426325,0.08906472,,,,,,,,,,,,,,,,,142.0,10.73257,-0.025441097,142.0,10.73257,0.06717274,,,,,,,,,,,,,,,,,,,,,,,,,,,,,142.0,10.73257,1.0000001e-07,142.0,10.73257,7.0,,,,,,,
142.0,10.672611,0.19644503,142.0,10.672611,0.19748624,,,,,,,,,,,,,,,,,,,,,,,,,,,,,,,,,,,,,,,,,,,,,,,,,,,,,,,,,,,,,142.0,10.672611,0.31214565,142.0,10.672611,0.4417561,,,,,,,,,,,,,,,,,142.0,10.762549,0.05658607,142.0,10.762549,0.0105436975,,,,,,,,,,,,,,,,,,,,,,,,,,,,,142.0,10.762549,1.0000001e-07,142.0,10.762549,7.0,,,,,,,
142.0,10.702591,0.19623679,142.0,10.702591,0.19366354,,,,,,,,,,,,,,,,,,,,,,,,,,,,,,,,,,,,,,,,,,,,,,,,,,,,,,,,,,,,,142.0,10.702591,0.26634538,142.0,10.702591,-0.3353341,,,,,,,,,,,,,,,,,142.0,10.792528,-0.05121856,142.0,10.792528,0.014317332,,,,,,,,,,,,,,,,,,,,,,,,,,,,,142.0,10.792528,1.0000001e-07,142.0,10.792528,7.0,,,,,,,
142.0,10.73257,0.1941544,142.0,10.73257,0.1980812,,,,,,,,,,,,,,,,,,,,,,,,,,,,,,,,,,,,,,,,,,,,,,,,,,,,,,,,,,,,,142.0,10.73257,-0.11953645,142.0,10.73257,0.43711132,,,,,,,,,,,,,,,,,142.0,10.822508,-0.080753684,142.0,10.822508,0.0540795,,,,,,,,,,,,,,,,,,,,,,,,,,,,,142.0,10.822508,1.0000001e-07,142.0,10.822508,7.0,,,,,,,
142.0,10.762549,0.19704002,142.0,10.762549,0.19619218,,,,,,,,,,,,,,,,,,,,,,,,,,,,,,,,,,,,,,,,,,,,,,,,,,,,,,,,,,,,,142.0,10.762549,0.409279,142.0,10.762549,0.1194404,,,,,,,,,,,,,,,,,142.0,10.852488,0.07305902,142.0,10.852488,0.0010533896,,,,,,,,,,,,,,,,,,,,,,,,,,,,,142.0,10.852488,1.0000001e-07,142.0,10.852488,7.0,,,,,,,
142.0,10.792528,0.19326194,142.0,10.792528,0.19626655,,,,,,,,,,,,,,,,,,,,,,,,,,,,,,,,,,,,,,,,,,,,,,,,,,,,,,,,,,,,,142.0,10.792528,-0.30946016,142.0,10.792528,0.13202916,,,,,,,,,,,,,,,,,142.0,10.882466,-0.088308245,142.0,10.882466,-0.0059480304,,,,,,,,,,,,,,,,,,,,,,,,,,,,,142.0,10.882466,1.0000001e-07,142.0,10.882466,7.0,,,,,,,
142.0,10.822508,0.19225048,142.0,10.822508,0.19762011,,,,,,,,,,,,,,,,,,,,,,,,,,,,,,,,,,,,,,,,,,,,,,,,,,,,,,,,,,,,,142.0,10.822508,-0.48070416,142.0,10.822508,0.37556443,,,,,,,,,,,,,,,,,142.0,10.912446,-0.050462853,142.0,10.912446,-0.0134418495,,,,,,,,,,,,,,,,,,,,,,,,,,,,,142.0,10.912446,1.0000001e-07,142.0,10.912446,7.0,,,,,,,
142.0,10.852487,0.19754574,142.0,10.852487,0.19577569,,,,,,,,,,,,,,,,,,,,,,,,,,,,,,,,,,,,,,,,,,,,,,,,,,,,,,,,,,,,,142.0,10.852487,0.48842955,142.0,10.852487,0.0587437,,,,,,,,,,,,,,,,,142.0,10.942425,-0.018024215,142.0,10.942425,-0.021755926,,,,,,,,,,,,,,,,,,,,,,,,,,,,,142.0,10.942425,1.0000001e-07,142.0,10.942425,7.0,,,,,,,
142.0,10.882466,0.19208689,142.0,10.882466,0.19555259,,,,,,,,,,,,,,,,,,,,,,,,,,,,,,,,,,,,,,,,,,,,,,,,,,,,,,,,,,,,,142.0,10.882466,-0.5302375,142.0,10.882466,0.01076291,,,,,,,,,,,,,,,,,142.0,10.9724045,0.038423736,142.0,10.9724045,-0.10735965,,,,,,,,,,,,,,,,,,,,,,,,,,,,,142.0,10.9724045,1.0000001e-07,142.0,10.9724045,7.0,,,,,,,
142.0,10.912445,0.19335118,142.0,10.912445,0.19531459,,,,,,,,,,,,,,,,,,,,,,,,,,,,,,,,,,,,,,,,,,,,,,,,,,,,,,,,,,,,,142.0,10.912445,-0.29785758,142.0,10.912445,-0.05455696,,,,,,,,,,,,,,,,,142.0,11.002383,-0.041735455,142.0,11.002383,-0.040769294,,,,,,,,,,,,,,,,,,,,,,,,,,,,,142.0,11.002383,1.0000001e-07,142.0,11.002383,7.0,,,,,,,
142.0,10.942425,0.19445188,142.0,10.942425,0.19510634,,,,,,,,,,,,,,,,,,,,,,,,,,,,,,,,,,,,,,,,,,,,,,,,,,,,,,,,,,,,,142.0,10.942425,-0.12912689,142.0,10.942425,-0.08909062,,,,,,,,,,,,,,,,,142.0,11.032363,-0.021123387,142.0,11.032363,-0.02762032,,,,,,,,,,,,,,,,,,,,,,,,,,,,,142.0,11.032363,1.0000001e-07,142.0,11.032363,7.0,,,,,,,
142.0,10.972404,0.19637066,142.0,10.972404,0.19228023,,,,,,,,,,,,,,,,,,,,,,,,,,,,,,,,,,,,,,,,,,,,,,,,,,,,,,,,,,,,,142.0,10.972404,0.29326454,142.0,10.972404,-0.631201,,,,,,,,,,,,,,,,,142.0,11.062342,0.095206454,142.0,11.062342,-0.041017756,,,,,,,,,,,,,,,,,,,,,,,,,,,,,142.0,11.062342,1.0000001e-07,142.0,11.062342,7.0,,,,,,,
142.0,11.002383,0.19361894,142.0,11.002383,0.19449651,,,,,,,,,,,,,,,,,,,,,,,,,,,,,,,,,,,,,,,,,,,,,,,,,,,,,,,,,,,,,142.0,11.002383,-0.2814614,142.0,11.002383,-0.21351293,,,,,,,,,,,,,,,,,142.0,11.092321,0.002654906,142.0,11.092321,-0.033614725,,,,,,,,,,,,,,,,,,,,,,,,,,,,,142.0,11.092321,1.0000001e-07,142.0,11.092321,7.0,,,,,,,
142.0,11.032362,0.19434775,142.0,11.032362,0.19488323,,,,,,,,,,,,,,,,,,,,,,,,,,,,,,,,,,,,,,,,,,,,,,,,,,,,,,,,,,,,,142.0,11.032362,-0.16619384,142.0,11.032362,-0.14302605,,,,,,,,,,,,,,,,,142.0,11.1223,0.0011142327,142.0,11.1223,-0.03964357,,,,,,,,,,,,,,,,,,,,,,,,,,,,,142.0,11.1223,1.0000001e-07,142.0,11.1223,7.0,,,,,,,
142.0,11.062342,0.19815558,142.0,11.062342,0.19446675,,,,,,,,,,,,,,,,,,,,,,,,,,,,,,,,,,,,,,,,,,,,,,,,,,,,,,,,,,,,,142.0,11.062342,0.60161006,142.0,11.062342,-0.2167586,,,,,,,,,,,,,,,,,142.0,11.15228,-0.0037308969,142.0,11.15228,-0.10826058,,,,,,,,,,,,,,,,,,,,,,,,,,,,,142.0,11.15228,1.0000001e-07,142.0,11.15228,7.0,,,,,,,
142.0,11.092321,0.19516584,142.0,11.092321,0.19470474,,,,,,,,,,,,,,,,,,,,,,,,,,,,,,,,,,,,,,,,,,,,,,,,,,,,,,,,,,,,,142.0,11.092321,0.037577707,142.0,11.092321,-0.18752375,,,,,,,,,,,,,,,,,142.0,11.182259,0.004537036,142.0,11.182259,0.031948894,,,,,,,,,,,,,,,,,,,,,,,,,,,,,142.0,11.182259,1.0000001e-07,142.0,11.182259,7.0,,,,,,,
142.0,11.1223,0.1951361,142.0,11.1223,0.19452626,,,,,,,,,,,,,,,,,,,,,,,,,,,,,,,,,,,,,,,,,,,,,,,,,,,,,,,,,,,,,142.0,11.1223,0.082985364,142.0,11.1223,-0.26878878,,,,,,,,,,,,,,,,,142.0,11.212238,-0.0036644414,142.0,11.212238,-0.090180114,,,,,,,,,,,,,,,,,,,,,,,,,,,,,142.0,11.212238,1.0000001e-07,142.0,11.212238,7.0,,,,,,,
142.0,11.15228,0.19497249,142.0,11.15228,0.19226536,,,,,,,,,,,,,,,,,,,,,,,,,,,,,,,,,,,,,,,,,,,,,,,,,,,,,,,,,,,,,142.0,11.15228,-0.035874713,142.0,11.15228,-0.57406646,,,,,,,,,,,,,,,,,142.0,11.242217,-0.0086871395,142.0,11.242217,-0.07836808,,,,,,,,,,,,,,,,,,,,,,,,,,,,,142.0,11.242217,1.0000001e-07,142.0,11.242217,7.0,,,,,,,
142.0,11.182259,0.19521047,142.0,11.182259,0.19681689,,,,,,,,,,,,,,,,,,,,,,,,,,,,,,,,,,,,,,,,,,,,,,,,,,,,,,,,,,,,,142.0,11.182259,0.05063675,142.0,11.182259,0.20318824,,,,,,,,,,,,,,,,,142.0,11.272197,0.013479214,142.0,11.272197,0.021820825,,,,,,,,,,,,,,,,,,,,,,,,,,,,,142.0,11.272197,1.0000001e-07,142.0,11.272197,7.0,,,,,,,
142.0,11.212238,0.19489811,142.0,11.212238,0.19290493,,,,,,,,,,,,,,,,,,,,,,,,,,,,,,,,,,,,,,,,,,,,,,,,,,,,,,,,,,,,,142.0,11.212238,-0.04637994,142.0,11.212238,-0.5093151,,,,,,,,,,,,,,,,,142.0,11.3021755,0.028437741,142.0,11.3021755,-0.039904676,,,,,,,,,,,,,,,,,,,,,,,,,,,,,142.0,11.3021755,1.0000001e-07,142.0,11.3021755,7.0,,,,,,,
142.0,11.242217,0.19482373,142.0,11.242217,0.19329168,,,,,,,,,,,,,,,,,,,,,,,,,,,,,,,,,,,,,,,,,,,,,,,,,,,,,,,,,,,,,142.0,11.242217,0.037067603,142.0,11.242217,-0.4633738,,,,,,,,,,,,,,,,,142.0,11.332155,0.06583372,142.0,11.332155,0.021096291,,,,,,,,,,,,,,,,,,,,,,,,,,,,,142.0,11.332155,1.0000001e-07,142.0,11.332155,7.0,,,,,,,
142.0,11.272197,0.19547822,142.0,11.272197,0.19643015,,,,,,,,,,,,,,,,,,,,,,,,,,,,,,,,,,,,,,,,,,,,,,,,,,,,,,,,,,,,,142.0,11.272197,0.10039431,142.0,11.272197,0.16160493,,,,,,,,,,,,,,,,,142.0,11.362134,0.015450456,142.0,11.362134,-0.043494124,,,,,,,,,,,,,,,,,,,,,,,,,,,,,142.0,11.362134,1.0000001e-07,142.0,11.362134,7.0,,,,,,,
142.0,11.3021755,0.19590954,142.0,11.3021755,0.19451137,,,,,,,,,,,,,,,,,,,,,,,,,,,,,,,,,,,,,,,,,,,,,,,,,,,,,,,,,,,,,142.0,11.3021755,0.1966648,142.0,11.3021755,-0.2199133,,,,,,,,,,,,,,,,,142.0,11.392114,0.09900777,142.0,11.392114,0.076228514,,,,,,,,,,,,,,,,,,,,,,,,,,,,,142.0,11.392114,1.0000001e-07,142.0,11.392114,7.0,,,,,,,
142.0,11.332155,0.19706976,142.0,11.332155,0.19644505,,,,,,,,,,,,,,,,,,,,,,,,,,,,,,,,,,,,,,,,,,,,,,,,,,,,,,,,,,,,,142.0,11.332155,0.43760478,142.0,11.332155,0.14467752,,,,,,,,,,,,,,,,,142.0,11.422092,0.028521694,142.0,11.422092,0.055443667,,,,,,,,,,,,,,,,,,,,,,,,,,,,,142.0,11.422092,1.0000001e-07,142.0,11.422092,7.0,,,,,,,
142.0,11.362134,0.19552283,142.0,11.362134,0.1944519,,,,,,,,,,,,,,,,,,,,,,,,,,,,,,,,,,,,,,,,,,,,,,,,,,,,,,,,,,,,,142.0,11.362134,0.15880878,142.0,11.362134,-0.22334197,,,,,,,,,,,,,,,,,142.0,11.452072,-0.060297236,142.0,11.452072,-0.011037595,,,,,,,,,,,,,,,,,,,,,,,,,,,,,142.0,11.452072,1.0000001e-07,142.0,11.452072,7.0,,,,,,,
142.0,11.392114,0.19803658,142.0,11.392114,0.19812585,,,,,,,,,,,,,,,,,,,,,,,,,,,,,,,,,,,,,,,,,,,,,,,,,,,,,,,,,,,,,142.0,11.392114,0.6165633,142.0,11.392114,0.48236117,,,,,,,,,,,,,,,,,142.0,11.482051,0.03407304,142.0,11.482051,-0.0015488476,,,,,,,,,,,,,,,,,,,,,,,,,,,,,142.0,11.482051,1.0000001e-07,142.0,11.482051,7.0,,,,,,,
142.0,11.422092,0.19593933,142.0,11.422092,0.19744162,,,,,,,,,,,,,,,,,,,,,,,,,,,,,,,,,,,,,,,,,,,,,,,,,,,,,,,,,,,,,142.0,11.422092,0.1609615,142.0,11.422092,0.32628998,,,,,,,,,,,,,,,,,142.0,11.512031,0.02833159,142.0,11.512031,-0.12073501,,,,,,,,,,,,,,,,,,,,,,,,,,,,,142.0,11.512031,1.0000001e-07,142.0,11.512031,7.0,,,,,,,
142.0,11.452072,0.19318755,142.0,11.452072,0.19538897,,,,,,,,,,,,,,,,,,,,,,,,,,,,,,,,,,,,,,,,,,,,,,,,,,,,,,,,,,,,,142.0,11.452072,-0.34968805,142.0,11.452072,-0.082151,,,,,,,,,,,,,,,,,142.0,11.542009,-0.041806724,142.0,11.542009,0.000686364,,,,,,,,,,,,,,,,,,,,,,,,,,,,,142.0,11.542009,1.0000001e-07,142.0,11.542009,7.0,,,,,,,
142.0,11.482051,0.19601369,142.0,11.482051,0.19573107,,,,,,,,,,,,,,,,,,,,,,,,,,,,,,,,,,,,,,,,,,,,,,,,,,,,,,,,,,,,,142.0,11.482051,0.22386421,142.0,11.482051,0.00042663433,,,,,,,,,,,,,,,,,142.0,11.571989,-0.0893833,142.0,11.571989,0.014585472,,,,,,,,,,,,,,,,,,,,,,,,,,,,,142.0,11.571989,1.0000001e-07,142.0,11.571989,7.0,,,,,,,
142.0,11.512031,0.19587982,142.0,11.512031,0.19213149,,,,,,,,,,,,,,,,,,,,,,,,,,,,,,,,,,,,,,,,,,,,,,,,,,,,,,,,,,,,,142.0,11.512031,0.22768171,142.0,11.512031,-0.677535,,,,,,,,,,,,,,,,,142.0,11.601968,0.05016812,142.0,11.601968,-0.062180817,,,,,,,,,,,,,,,,,,,,,,,,,,,,,142.0,11.601968,1.0000001e-07,142.0,11.601968,7.0,,,,,,,
142.0,11.542009,0.19381228,142.0,11.542009,0.19582032,,,,,,,,,,,,,,,,,,,,,,,,,,,,,,,,,,,,,,,,,,,,,,,,,,,,,,,,,,,,,142.0,11.542009,-0.1854714,142.0,11.542009,-0.020133747,,,,,,,,,,,,,,,,,142.0,11.6319475,-0.038041957,142.0,11.6319475,-0.033236157,,,,,,,,,,,,,,,,,,,,,,,,,,,,,142.0,11.6319475,1.0000001e-07,142.0,11.6319475,7.0,,,,,,,
142.0,11.571989,0.1924141,142.0,11.571989,0.19629627,,,,,,,,,,,,,,,,,,,,,,,,,,,,,,,,,,,,,,,,,,,,,,,,,,,,,,,,,,,,,142.0,11.571989,-0.45017132,142.0,11.571989,0.12576541,,,,,,,,,,,,,,,,,142.0,11.661927,-0.02852706,142.0,11.661927,-0.031954665,,,,,,,,,,,,,,,,,,,,,,,,,,,,,142.0,11.661927,1.0000001e-07,142.0,11.661927,7.0,,,,,,,
142.0,11.601968,0.19650453,142.0,11.601968,0.19394614,,,,,,,,,,,,,,,,,,,,,,,,,,,,,,,,,,,,,,,,,,,,,,,,,,,,,,,,,,,,,142.0,11.601968,0.29080617,142.0,11.601968,-0.32950017,,,,,,,,,,,,,,,,,142.0,11.691906,-0.05563067,142.0,11.691906,0.021418102,,,,,,,,,,,,,,,,,,,,,,,,,,,,,142.0,11.691906,1.0000001e-07,142.0,11.691906,7.0,,,,,,,
142.0,11.6319475,0.19390154,142.0,11.6319475,0.19476424,,,,,,,,,,,,,,,,,,,,,,,,,,,,,,,,,,,,,,,,,,,,,,,,,,,,,,,,,,,,,142.0,11.6319475,-0.22782809,142.0,11.6319475,-0.1441976,,,,,,,,,,,,,,,,,142.0,11.721886,0.019015376,142.0,11.721886,0.032962475,,,,,,,,,,,,,,,,,,,,,,,,,,,,,142.0,11.721886,1.0000001e-07,142.0,11.721886,7.0,,,,,,,
142.0,11.661926,0.19413953,142.0,11.661926,0.19482374,,,,,,,,,,,,,,,,,,,,,,,,,,,,,,,,,,,,,,,,,,,,,,,,,,,,,,,,,,,,,142.0,11.661926,-0.14253913,142.0,11.661926,-0.107326664,,,,,,,,,,,,,,,,,142.0,11.751864,-0.0035568294,142.0,11.751864,0.052434783,,,,,,,,,,,,,,,,,,,,,,,,,,,,,142.0,11.751864,1.0000001e-07,142.0,11.751864,7.0,,,,,,,
142.0,11.691906,0.19336608,142.0,11.691906,0.19638555,,,,,,,,,,,,,,,,,,,,,,,,,,,,,,,,,,,,,,,,,,,,,,,,,,,,,,,,,,,,,142.0,11.691906,-0.24895127,142.0,11.691906,0.11318118,,,,,,,,,,,,,,,,,142.0,11.781844,-0.10196797,142.0,11.781844,-0.015198927,,,,,,,,,,,,,,,,,,,,,,,,,,,,,142.0,11.781844,1.0000001e-07,142.0,11.781844,7.0,,,,,,,
142.0,11.721885,0.1955972,142.0,11.721885,0.1966979,,,,,,,,,,,,,,,,,,,,,,,,,,,,,,,,,,,,,,,,,,,,,,,,,,,,,,,,,,,,,142.0,11.721885,0.18934216,142.0,11.721885,0.2424441,,,,,,,,,,,,,,,,,142.0,11.811823,0.007276553,142.0,11.811823,0.027446128,,,,,,,,,,,,,,,,,,,,,,,,,,,,,142.0,11.811823,1.0000001e-07,142.0,11.811823,7.0,,,,,,,
142.0,11.751864,0.19497249,142.0,11.751864,0.19729286,,,,,,,,,,,,,,,,,,,,,,,,,,,,,,,,,,,,,,,,,,,,,,,,,,,,,,,,,,,,,142.0,11.751864,0.03551728,142.0,11.751864,0.2774671,,,,,,,,,,,,,,,,,142.0,11.841803,-0.092305616,142.0,11.841803,-0.023790605,,,,,,,,,,,,,,,,,,,,,,,,,,,,,142.0,11.841803,1.0000001e-07,142.0,11.841803,7.0,,,,,,,
142.0,11.781843,0.19205713,142.0,11.781843,0.1952997,,,,,,,,,,,,,,,,,,,,,,,,,,,,,,,,,,,,,,,,,,,,,,,,,,,,,,,,,,,,,142.0,11.781843,-0.5640908,142.0,11.781843,-0.065918446,,,,,,,,,,,,,,,,,142.0,11.871781,0.053055927,142.0,11.871781,-0.05426354,,,,,,,,,,,,,,,,,,,,,,,,,,,,,142.0,11.871781,1.0000001e-07,142.0,11.871781,7.0,,,,,,,
142.0,11.811823,0.19519559,142.0,11.811823,0.19660866,,,,,,,,,,,,,,,,,,,,,,,,,,,,,,,,,,,,,,,,,,,,,,,,,,,,,,,,,,,,,142.0,11.811823,0.07690323,142.0,11.811823,0.18808062,,,,,,,,,,,,,,,,,142.0,11.901761,0.027617017,142.0,11.901761,0.07111946,,,,,,,,,,,,,,,,,,,,,,,,,,,,,142.0,11.901761,1.0000001e-07,142.0,11.901761,7.0,,,,,,,
142.0,11.841802,0.19239922,142.0,11.841802,0.19506173,,,,,,,,,,,,,,,,,,,,,,,,,,,,,,,,,,,,,,,,,,,,,,,,,,,,,,,,,,,,,142.0,11.841802,-0.5121919,142.0,11.841802,-0.10190327,,,,,,,,,,,,,,,,,142.0,11.93174,-0.08101733,142.0,11.93174,0.033506367,,,,,,,,,,,,,,,,,,,,,,,,,,,,,142.0,11.93174,1.0000001e-07,142.0,11.93174,7.0,,,,,,,
142.0,11.871781,0.19648965,142.0,11.871781,0.19425851,,,,,,,,,,,,,,,,,,,,,,,,,,,,,,,,,,,,,,,,,,,,,,,,,,,,,,,,,,,,,142.0,11.871781,0.31197226,142.0,11.871781,-0.29768717,,,,,,,,,,,,,,,,,142.0,11.9617195,-0.04994829,142.0,11.9617195,0.08298835,,,,,,,,,,,,,,,,,,,,,,,,,,,,,142.0,11.9617195,1.0000001e-07,142.0,11.9617195,7.0,,,,,,,
142.0,11.90176,0.1958203,142.0,11.90176,0.19773911,,,,,,,,,,,,,,,,,,,,,,,,,,,,,,,,,,,,,,,,,,,,,,,,,,,,,,,,,,,,,142.0,11.90176,0.13183495,142.0,11.90176,0.34393394,,,,,,,,,,,,,,,,,142.0,11.991698,-0.044180162,142.0,11.991698,-0.038459226,,,,,,,,,,,,,,,,,,,,,,,,,,,,,142.0,11.991698,1.0000001e-07,142.0,11.991698,7.0,,,,,,,
142.0,11.93174,0.19272645,142.0,11.93174,0.19663842,,,,,,,,,,,,,,,,,,,,,,,,,,,,,,,,,,,,,,,,,,,,,,,,,,,,,,,,,,,,,142.0,11.93174,-0.43525422,142.0,11.93174,0.21663488,,,,,,,,,,,,,,,,,142.0,12.021678,0.1526446,142.0,12.021678,0.01188525,,,,,,,,,,,,,,,,,,,,,,,,,,,,,142.0,12.021678,1.0000001e-07,142.0,12.021678,7.0,,,,,,,
142.0,11.9617195,0.19366354,142.0,11.9617195,0.19806634,,,,,,,,,,,,,,,,,,,,,,,,,,,,,,,,,,,,,,,,,,,,,,,,,,,,,,,,,,,,,142.0,11.9617195,-0.22438376,142.0,11.9617195,0.4272016,,,,,,,,,,,,,,,,,142.0,12.051657,-0.14169365,142.0,12.051657,0.0025298446,,,,,,,,,,,,,,,,,,,,,,,,,,,,,142.0,12.051657,1.0000001e-07,142.0,12.051657,7.0,,,,,,,
142.0,11.991698,0.19384204,142.0,11.991698,0.1946155,,,,,,,,,,,,,,,,,,,,,,,,,,,,,,,,,,,,,,,,,,,,,,,,,,,,,,,,,,,,,142.0,11.991698,-0.1892981,142.0,11.991698,-0.20919806,,,,,,,,,,,,,,,,,142.0,12.081636,-0.03778911,142.0,12.081636,-0.10451001,,,,,,,,,,,,,,,,,,,,,,,,,,,,,142.0,12.081636,1.0000001e-07,142.0,12.081636,7.0,,,,,,,
142.0,12.021678,0.19924141,142.0,12.021678,0.1960583,,,,,,,,,,,,,,,,,,,,,,,,,,,,,,,,,,,,,,,,,,,,,,,,,,,,,,,,,,,,,142.0,12.021678,0.8164642,142.0,12.021678,0.08442313,,,,,,,,,,,,,,,,,142.0,12.111615,-0.11537668,142.0,12.111615,0.025762072,,,,,,,,,,,,,,,,,,,,,,,,,,,,,142.0,12.111615,1.0000001e-07,142.0,12.111615,7.0,,,,,,,
142.0,12.051657,0.19107543,142.0,12.051657,0.19580543,,,,,,,,,,,,,,,,,,,,,,,,,,,,,,,,,,,,,,,,,,,,,,,,,,,,,,,,,,,,,142.0,12.051657,-0.7550156,142.0,12.051657,0.06826312,,,,,,,,,,,,,,,,,142.0,12.141595,-0.008167482,142.0,12.141595,-0.024503723,,,,,,,,,,,,,,,,,,,,,,,,,,,,,142.0,12.141595,1.0000001e-07,142.0,12.141595,7.0,,,,,,,
142.0,12.081636,0.19397588,142.0,12.081636,0.19294956,,,,,,,,,,,,,,,,,,,,,,,,,,,,,,,,,,,,,,,,,,,,,,,,,,,,,,,,,,,,,142.0,12.081636,-0.22377308,142.0,12.081636,-0.47834513,,,,,,,,,,,,,,,,,142.0,12.171574,-0.076328784,142.0,12.171574,-0.05169103,,,,,,,,,,,,,,,,,,,,,,,,,,,,,142.0,12.171574,1.0000001e-07,142.0,12.171574,7.0,,,,,,,
142.0,12.111615,0.191953,142.0,12.111615,0.19638553,,,,,,,,,,,,,,,,,,,,,,,,,,,,,,,,,,,,,,,,,,,,,,,,,,,,,,,,,,,,,142.0,12.111615,-0.59048146,142.0,12.111615,0.09534972,,,,,,,,,,,,,,,,,142.0,12.201553,-0.031346444,142.0,12.201553,0.054740764,,,,,,,,,,,,,,,,,,,,,,,,,,,,,142.0,12.201553,1.0000001e-07,142.0,12.201553,7.0,,,,,,,
142.0,12.141595,0.194794,142.0,12.141595,0.19507661,,,,,,,,,,,,,,,,,,,,,,,,,,,,,,,,,,,,,,,,,,,,,,,,,,,,,,,,,,,,,142.0,12.141595,-0.025743008,142.0,12.141595,-0.09711986,,,,,,,,,,,,,,,,,142.0,12.231532,0.09313864,142.0,12.231532,-0.025821066,,,,,,,,,,,,,,,,,,,,,,,,,,,,,142.0,12.231532,1.0000001e-07,142.0,12.231532,7.0,,,,,,,
142.0,12.171574,0.19293469,142.0,12.171574,0.19434777,,,,,,,,,,,,,,,,,,,,,,,,,,,,,,,,,,,,,,,,,,,,,,,,,,,,,,,,,,,,,142.0,12.171574,-0.40893114,142.0,12.171574,-0.23024198,,,,,,,,,,,,,,,,,142.0,12.261512,0.05904668,142.0,12.261512,0.043492608,,,,,,,,,,,,,,,,,,,,,,,,,,,,,142.0,12.261512,1.0000001e-07,142.0,12.261512,7.0,,,,,,,
142.0,12.201553,0.19412464,142.0,12.201553,0.19723338,,,,,,,,,,,,,,,,,,,,,,,,,,,,,,,,,,,,,,,,,,,,,,,,,,,,,,,,,,,,,142.0,12.201553,-0.1686634,142.0,12.201553,0.31775558,,,,,,,,,,,,,,,,,142.0,12.291491,0.084746346,142.0,12.291491,0.05646119,,,,,,,,,,,,,,,,,,,,,,,,,,,,,142.0,12.291491,1.0000001e-07,142.0,12.291491,7.0,,,,,,,
142.0,12.231532,0.19751598,142.0,12.231532,0.1950766,,,,,,,,,,,,,,,,,,,,,,,,,,,,,,,,,,,,,,,,,,,,,,,,,,,,,,,,,,,,,142.0,12.231532,0.4997485,142.0,12.231532,-0.09764141,,,,,,,,,,,,,,,,,142.0,12.32147,-0.094667464,142.0,12.32147,0.003238827,,,,,,,,,,,,,,,,,,,,,,,,,,,,,142.0,12.32147,1.0000001e-07,142.0,12.32147,7.0,,,,,,,
142.0,12.261512,0.19656403,142.0,12.261512,0.19695076,,,,,,,,,,,,,,,,,,,,,,,,,,,,,,,,,,,,,,,,,,,,,,,,,,,,,,,,,,,,,142.0,12.261512,0.2907462,142.0,12.261512,0.22170812,,,,,,,,,,,,,,,,,142.0,12.351449,0.05069935,142.0,12.351449,0.056380324,,,,,,,,,,,,,,,,,,,,,,,,,,,,,142.0,12.351449,1.0000001e-07,142.0,12.351449,7.0,,,,,,,
142.0,12.291491,0.19723338,142.0,12.291491,0.19726314,,,,,,,,,,,,,,,,,,,,,,,,,,,,,,,,,,,,,,,,,,,,,,,,,,,,,,,,,,,,,142.0,12.291491,0.41687,142.0,12.291491,0.2882198,,,,,,,,,,,,,,,,,142.0,12.381429,-0.034905925,142.0,12.381429,0.0012002505,,,,,,,,,,,,,,,,,,,,,,,,,,,,,142.0,12.381429,1.0000001e-07,142.0,12.381429,7.0,,,,,,,
142.0,12.32147,0.19256285,142.0,12.32147,0.19580546,,,,,,,,,,,,,,,,,,,,,,,,,,,,,,,,,,,,,,,,,,,,,,,,,,,,,,,,,,,,,142.0,12.32147,-0.4670996,142.0,12.32147,0.0126708485,,,,,,,,,,,,,,,,,142.0,12.411407,-0.08927788,142.0,12.411407,-0.04133198,,,,,,,,,,,,,,,,,,,,,,,,,,,,,142.0,12.411407,1.0000001e-07,142.0,12.411407,7.0,,,,,,,
142.0,12.351449,0.19632606,142.0,12.351449,0.19717386,,,,,,,,,,,,,,,,,,,,,,,,,,,,,,,,,,,,,,,,,,,,,,,,,,,,,,,,,,,,,142.0,12.351449,0.27922776,142.0,12.351449,0.27365458,,,,,,,,,,,,,,,,,142.0,12.441387,-0.054632485,142.0,12.441387,-0.0636115,,,,,,,,,,,,,,,,,,,,,,,,,,,,,142.0,12.441387,1.0000001e-07,142.0,12.441387,7.0,,,,,,,
142.0,12.381429,0.19406515,142.0,12.381429,0.19570132,,,,,,,,,,,,,,,,,,,,,,,,,,,,,,,,,,,,,,,,,,,,,,,,,,,,,,,,,,,,,142.0,12.381429,-0.14487824,142.0,12.381429,0.010962085,,,,,,,,,,,,,,,,,142.0,12.471366,-0.108033925,142.0,12.471366,-0.071049124,,,,,,,,,,,,,,,,,,,,,,,,,,,,,142.0,12.471366,1.0000001e-07,142.0,12.471366,7.0,,,,,,,
142.0,12.411407,0.19266696,142.0,12.411407,0.19473448,,,,,,,,,,,,,,,,,,,,,,,,,,,,,,,,,,,,,,,,,,,,,,,,,,,,,,,,,,,,,142.0,12.411407,-0.477721,142.0,12.411407,-0.18749674,,,,,,,,,,,,,,,,,142.0,12.501346,-0.059187908,142.0,12.501346,0.08359453,,,,,,,,,,,,,,,,,,,,,,,,,,,,,142.0,12.501346,1.0000001e-07,142.0,12.501346,7.0,,,,,,,
142.0,12.441387,0.19358917,142.0,12.441387,0.19406515,,,,,,,,,,,,,,,,,,,,,,,,,,,,,,,,,,,,,,,,,,,,,,,,,,,,,,,,,,,,,142.0,12.441387,-0.24567805,142.0,12.441387,-0.30386046,,,,,,,,,,,,,,,,,142.0,12.531325,0.020424088,142.0,12.531325,0.14087482,,,,,,,,,,,,,,,,,,,,,,,,,,,,,142.0,12.531325,1.0000001e-07,142.0,12.531325,7.0,,,,,,,
142.0,12.471366,0.1922951,142.0,12.471366,0.19396102,,,,,,,,,,,,,,,,,,,,,,,,,,,,,,,,,,,,,,,,,,,,,,,,,,,,,,,,,,,,,142.0,12.471366,-0.5165699,142.0,12.471366,-0.32575876,,,,,,,,,,,,,,,,,142.0,12.561304,0.025483955,142.0,12.561304,-0.037670963,,,,,,,,,,,,,,,,,,,,,,,,,,,,,142.0,12.561304,1.0000001e-07,142.0,12.561304,7.0,,,,,,,
142.0,12.501346,0.19342555,142.0,12.501346,0.19791758,,,,,,,,,,,,,,,,,,,,,,,,,,,,,,,,,,,,,,,,,,,,,,,,,,,,,,,,,,,,,142.0,12.501346,-0.3225335,142.0,12.501346,0.45043918,,,,,,,,,,,,,,,,,142.0,12.591284,-0.07816675,142.0,12.591284,0.037975278,,,,,,,,,,,,,,,,,,,,,,,,,,,,,142.0,12.591284,1.0000001e-07,142.0,12.591284,7.0,,,,,,,
142.0,12.531324,0.19558233,142.0,12.531324,0.19927114,,,,,,,,,,,,,,,,,,,,,,,,,,,,,,,,,,,,,,,,,,,,,,,,,,,,,,,,,,,,,142.0,12.531324,0.11489754,142.0,12.531324,0.6581986,,,,,,,,,,,,,,,,,142.0,12.621263,0.012432284,142.0,12.621263,-0.032773886,,,,,,,,,,,,,,,,,,,,,,,,,,,,,142.0,12.621263,1.0000001e-07,142.0,12.621263,7.0,,,,,,,
142.0,12.561304,0.19567157,142.0,12.561304,0.19474939,,,,,,,,,,,,,,,,,,,,,,,,,,,,,,,,,,,,,,,,,,,,,,,,,,,,,,,,,,,,,142.0,12.561304,0.06575898,142.0,12.561304,-0.10963419,,,,,,,,,,,,,,,,,142.0,12.651242,-0.06668045,142.0,12.651242,0.035247054,,,,,,,,,,,,,,,,,,,,,,,,,,,,,142.0,12.651242,1.0000001e-07,142.0,12.651242,7.0,,,,,,,
142.0,12.591283,0.19305371,142.0,12.591283,0.19671279,,,,,,,,,,,,,,,,,,,,,,,,,,,,,,,,,,,,,,,,,,,,,,,,,,,,,,,,,,,,,142.0,12.591283,-0.39349353,142.0,12.591283,0.1465797,,,,,,,,,,,,,,,,,142.0,12.681221,0.001617507,142.0,12.681221,0.10252947,,,,,,,,,,,,,,,,,,,,,,,,,,,,,142.0,12.681221,1.0000001e-07,142.0,12.681221,7.0,,,,,,,
142.0,12.621263,0.19524021,142.0,12.621263,0.19494276,,,,,,,,,,,,,,,,,,,,,,,,,,,,,,,,,,,,,,,,,,,,,,,,,,,,,,,,,,,,,142.0,12.621263,0.052415386,142.0,12.621263,-0.12354064,,,,,,,,,,,,,,,,,142.0,12.711201,-0.13176125,142.0,12.711201,-0.057972655,,,,,,,,,,,,,,,,,,,,,,,,,,,,,142.0,12.711201,1.0000001e-07,142.0,12.711201,7.0,,,,,,,
142.0,12.651241,0.19338095,142.0,12.651241,0.19659379,,,,,,,,,,,,,,,,,,,,,,,,,,,,,,,,,,,,,,,,,,,,,,,,,,,,,,,,,,,,,142.0,12.651241,-0.29271573,142.0,12.651241,0.148919,,,,,,,,,,,,,,,,,142.0,12.741179,0.10381493,142.0,12.741179,-0.026419975,,,,,,,,,,,,,,,,,,,,,,,,,,,,,142.0,12.741179,1.0000001e-07,142.0,12.741179,7.0,,,,,,,
142.0,12.681221,0.19504684,142.0,12.681221,0.19828945,,,,,,,,,,,,,,,,,,,,,,,,,,,,,,,,,,,,,,,,,,,,,,,,,,,,,,,,,,,,,142.0,12.681221,0.016521633,142.0,12.681221,0.5154397,,,,,,,,,,,,,,,,,142.0,12.771159,0.08655772,142.0,12.771159,0.10274541,,,,,,,,,,,,,,,,,,,,,,,,,,,,,142.0,12.771159,1.0000001e-07,142.0,12.771159,7.0,,,,,,,
142.0,12.7112,0.19175963,142.0,12.7112,0.19430314,,,,,,,,,,,,,,,,,,,,,,,,,,,,,,,,,,,,,,,,,,,,,,,,,,,,,,,,,,,,,142.0,12.7112,-0.5639597,142.0,12.7112,-0.21874535,,,,,,,,,,,,,,,,,142.0,12.801138,0.038099844,142.0,12.801138,0.07185158,,,,,,,,,,,,,,,,,,,,,,,,,,,,,142.0,12.801138,1.0000001e-07,142.0,12.801138,7.0,,,,,,,
142.0,12.741179,0.1975755,142.0,12.741179,0.19510634,,,,,,,,,,,,,,,,,,,,,,,,,,,,,,,,,,,,,,,,,,,,,,,,,,,,,,,,,,,,,142.0,12.741179,0.55784297,142.0,12.741179,-0.06419737,,,,,,,,,,,,,,,,,142.0,12.831118,0.026970966,142.0,12.831118,-0.0976435,,,,,,,,,,,,,,,,,,,,,,,,,,,,,142.0,12.831118,1.0000001e-07,142.0,12.831118,7.0,,,,,,,
142.0,12.771158,0.1970995,142.0,12.771158,0.19821508,,,,,,,,,,,,,,,,,,,,,,,,,,,,,,,,,,,,,,,,,,,,,,,,,,,,,,,,,,,,,142.0,12.771158,0.3996516,142.0,12.771158,0.48960984,,,,,,,,,,,,,,,,,142.0,12.861096,0.0010681285,142.0,12.861096,-0.017096365,,,,,,,,,,,,,,,,,,,,,,,,,,,,,142.0,12.861096,1.0000001e-07,142.0,12.861096,7.0,,,,,,,
142.0,12.801138,0.1958947,142.0,12.801138,0.19748624,,,,,,,,,,,,,,,,,,,,,,,,,,,,,,,,,,,,,,,,,,,,,,,,,,,,,,,,,,,,,142.0,12.801138,0.2354642,142.0,12.801138,0.34612086,,,,,,,,,,,,,,,,,142.0,12.891076,-0.002641051,142.0,12.891076,0.034954302,,,,,,,,,,,,,,,,,,,,,,,,,,,,,142.0,12.891076,1.0000001e-07,142.0,12.891076,7.0,,,,,,,
142.0,12.831118,0.19567159,142.0,12.831118,0.19335118,,,,,,,,,,,,,,,,,,,,,,,,,,,,,,,,,,,,,,,,,,,,,,,,,,,,,,,,,,,,,142.0,12.831118,0.16510844,142.0,12.831118,-0.41916794,,,,,,,,,,,,,,,,,142.0,12.921055,-0.069832705,142.0,12.921055,0.07018683,,,,,,,,,,,,,,,,,,,,,,,,,,,,,142.0,12.921055,1.0000001e-07,142.0,12.921055,7.0,,,,,,,
142.0,12.861096,0.19498736,142.0,12.861096,0.19529971,,,,,,,,,,,,,,,,,,,,,,,,,,,,,,,,,,,,,,,,,,,,,,,,,,,,,,,,,,,,,142.0,12.861096,-0.041704897,142.0,12.861096,-0.09039557,,,,,,,,,,,,,,,,,142.0,12.951035,-0.0017250909,142.0,12.951035,0.010615528,,,,,,,,,,,,,,,,,,,,,,,,,,,,,142.0,12.951035,1.0000001e-07,142.0,12.951035,7.0,,,,,,,
142.0,12.891076,0.19491298,142.0,12.891076,0.19656403,,,,,,,,,,,,,,,,,,,,,,,,,,,,,,,,,,,,,,,,,,,,,,,,,,,,,,,,,,,,,142.0,12.891076,-0.0043307743,142.0,12.891076,0.16631389,,,,,,,,,,,,,,,,,142.0,12.981013,0.14162575,142.0,12.981013,0.028667012,,,,,,,,,,,,,,,,,,,,,,,,,,,,,142.0,12.981013,1.0000001e-07,142.0,12.981013,7.0,,,,,,,
142.0,12.921055,0.19332144,142.0,12.921055,0.19742674,,,,,,,,,,,,,,,,,,,,,,,,,,,,,,,,,,,,,,,,,,,,,,,,,,,,,,,,,,,,,142.0,12.921055,-0.28332675,142.0,12.921055,0.34703603,,,,,,,,,,,,,,,,,142.0,13.010993,-0.15995951,142.0,13.010993,0.102720544,,,,,,,,,,,,,,,,,,,,,,,,,,,,,142.0,13.010993,1.0000001e-07,142.0,13.010993,7.0,,,,,,,
142.0,12.951035,0.19491298,142.0,12.951035,0.19601366,,,,,,,,,,,,,,,,,,,,,,,,,,,,,,,,,,,,,,,,,,,,,,,,,,,,,,,,,,,,,142.0,12.951035,0.0325588,142.0,12.951035,0.048903808,,,,,,,,,,,,,,,,,142.0,13.040972,0.06618265,142.0,13.040972,-0.14693126,,,,,,,,,,,,,,,,,,,,,,,,,,,,,142.0,13.040972,1.0000001e-07,142.0,13.040972,7.0,,,,,,,
142.0,12.981013,0.19833407,142.0,12.981013,0.19640042,,,,,,,,,,,,,,,,,,,,,,,,,,,,,,,,,,,,,,,,,,,,,,,,,,,,,,,,,,,,,142.0,12.981013,0.6934051,142.0,12.981013,0.12353999,,,,,,,,,,,,,,,,,142.0,13.070951,0.042150985,142.0,13.070951,-0.07430417,,,,,,,,,,,,,,,,,,,,,,,,,,,,,142.0,13.070951,1.0000001e-07,142.0,13.070951,7.0,,,,,,,
142.0,13.010993,0.19120927,142.0,13.010993,0.19818534,,,,,,,,,,,,,,,,,,,,,,,,,,,,,,,,,,,,,,,,,,,,,,,,,,,,,,,,,,,,,142.0,13.010993,-0.67058235,142.0,13.010993,0.5075814,,,,,,,,,,,,,,,,,142.0,13.10093,0.05507403,142.0,13.10093,0.060808156,,,,,,,,,,,,,,,,,,,,,,,,,,,,,142.0,13.10093,1.0000001e-07,142.0,13.10093,7.0,,,,,,,
142.0,13.040972,0.19659379,142.0,13.040972,0.19226535,,,,,,,,,,,,,,,,,,,,,,,,,,,,,,,,,,,,,,,,,,,,,,,,,,,,,,,,,,,,,142.0,13.040972,0.33292186,142.0,13.040972,-0.6312181,,,,,,,,,,,,,,,,,142.0,13.13091,-0.029370159,142.0,13.13091,0.06558481,,,,,,,,,,,,,,,,,,,,,,,,,,,,,142.0,13.13091,1.0000001e-07,142.0,13.13091,7.0,,,,,,,
142.0,13.070951,0.1959988,142.0,13.070951,0.19400567,,,,,,,,,,,,,,,,,,,,,,,,,,,,,,,,,,,,,,,,,,,,,,,,,,,,,,,,,,,,,142.0,13.070951,0.19347167,142.0,13.070951,-0.27480733,,,,,,,,,,,,,,,,,142.0,13.160889,-0.096814916,142.0,13.160889,-0.0672805,,,,,,,,,,,,,,,,,,,,,,,,,,,,,142.0,13.160889,1.0000001e-07,142.0,13.160889,7.0,,,,,,,
142.0,13.10093,0.19626656,142.0,13.10093,0.19715902,,,,,,,,,,,,,,,,,,,,,,,,,,,,,,,,,,,,,,,,,,,,,,,,,,,,,,,,,,,,,142.0,13.10093,0.3210795,142.0,13.10093,0.24473995,,,,,,,,,,,,,,,,,142.0,13.190868,-0.050193198,142.0,13.190868,0.13699596,,,,,,,,,,,,,,,,,,,,,,,,,,,,,142.0,13.190868,1.0000001e-07,142.0,13.190868,7.0,,,,,,,
142.0,13.13091,0.194318,142.0,13.13091,0.1972185,,,,,,,,,,,,,,,,,,,,,,,,,,,,,,,,,,,,,,,,,,,,,,,,,,,,,,,,,,,,,142.0,13.13091,-0.08954389,142.0,13.13091,0.29614198,,,,,,,,,,,,,,,,,142.0,13.220847,0.07473489,142.0,13.220847,0.10266855,,,,,,,,,,,,,,,,,,,,,,,,,,,,,142.0,13.220847,1.0000001e-07,142.0,13.220847,7.0,,,,,,,
142.0,13.160889,0.19284545,142.0,13.160889,0.19419903,,,,,,,,,,,,,,,,,,,,,,,,,,,,,,,,,,,,,,,,,,,,,,,,,,,,,,,,,,,,,142.0,13.160889,-0.39808142,142.0,13.160889,-0.25099313,,,,,,,,,,,,,,,,,142.0,13.250827,0.034732804,142.0,13.250827,0.04779615,,,,,,,,,,,,,,,,,,,,,,,,,,,,,142.0,13.250827,1.0000001e-07,142.0,13.250827,7.0,,,,,,,
142.0,13.190868,0.19385691,142.0,13.190868,0.19882494,,,,,,,,,,,,,,,,,,,,,,,,,,,,,,,,,,,,,,,,,,,,,,,,,,,,,,,,,,,,,142.0,13.190868,-0.20887092,142.0,13.190868,0.60083824,,,,,,,,,,,,,,,,,142.0,13.280806,0.02373302,142.0,13.280806,0.12528655,,,,,,,,,,,,,,,,,,,,,,,,,,,,,142.0,13.280806,1.0000001e-07,142.0,13.280806,7.0,,,,,,,
142.0,13.220847,0.19668302,142.0,13.220847,0.19802172,,,,,,,,,,,,,,,,,,,,,,,,,,,,,,,,,,,,,,,,,,,,,,,,,,,,,,,,,,,,,142.0,13.220847,0.28219482,142.0,13.220847,0.40623128,,,,,,,,,,,,,,,,,142.0,13.310785,0.009908067,142.0,13.310785,0.014031374,,,,,,,,,,,,,,,,,,,,,,,,,,,,,142.0,13.310785,1.0000001e-07,142.0,13.310785,7.0,,,,,,,
142.0,13.250827,0.1957162,142.0,13.250827,0.19689125,,,,,,,,,,,,,,,,,,,,,,,,,,,,,,,,,,,,,,,,,,,,,,,,,,,,,,,,,,,,,142.0,13.250827,0.13228029,142.0,13.250827,0.19546148,,,,,,,,,,,,,,,,,142.0,13.340765,-0.13765691,142.0,13.340765,0.0865948,,,,,,,,,,,,,,,,,,,,,,,,,,,,,142.0,13.340765,1.0000001e-07,142.0,13.340765,7.0,,,,,,,
142.0,13.280806,0.19561209,142.0,13.280806,0.19858694,,,,,,,,,,,,,,,,,,,,,,,,,,,,,,,,,,,,,,,,,,,,,,,,,,,,,,,,,,,,,142.0,13.280806,0.12746122,142.0,13.280806,0.56013894,,,,,,,,,,,,,,,,,142.0,13.370744,-0.11219818,142.0,13.370744,-0.08925908,,,,,,,,,,,,,,,,,,,,,,,,,,,,,142.0,13.370744,1.0000001e-07,142.0,13.370744,7.0,,,,,,,
142.0,13.310785,0.19522533,142.0,13.310785,0.19601369,,,,,,,,,,,,,,,,,,,,,,,,,,,,,,,,,,,,,,,,,,,,,,,,,,,,,,,,,,,,,142.0,13.310785,0.021033552,142.0,13.310785,0.1034537,,,,,,,,,,,,,,,,,142.0,13.400723,-0.029530682,142.0,13.400723,0.035296075,,,,,,,,,,,,,,,,,,,,,,,,,,,,,142.0,13.400723,1.0000001e-07,142.0,13.400723,7.0,,,,,,,
142.0,13.340764,0.1918935,142.0,13.340764,0.19766474,,,,,,,,,,,,,,,,,,,,,,,,,,,,,,,,,,,,,,,,,,,,,,,,,,,,,,,,,,,,,142.0,13.340764,-0.59214467,142.0,13.340764,0.33342448,,,,,,,,,,,,,,,,,142.0,13.430702,-0.096617326,142.0,13.430702,-0.060994506,,,,,,,,,,,,,,,,,,,,,,,,,,,,,142.0,13.430702,1.0000001e-07,142.0,13.430702,7.0,,,,,,,
142.0,13.370744,0.19251823,142.0,13.370744,0.19373792,,,,,,,,,,,,,,,,,,,,,,,,,,,,,,,,,,,,,,,,,,,,,,,,,,,,,,,,,,,,,142.0,13.370744,-0.40342367,142.0,13.370744,-0.3910595,,,,,,,,,,,,,,,,,142.0,13.460682,0.021903971,142.0,13.460682,0.048067655,,,,,,,,,,,,,,,,,,,,,,,,,,,,,142.0,13.460682,1.0000001e-07,142.0,13.460682,7.0,,,,,,,
142.0,13.4007225,0.19440727,142.0,13.4007225,0.19650453,,,,,,,,,,,,,,,,,,,,,,,,,,,,,,,,,,,,,,,,,,,,,,,,,,,,,,,,,,,,,142.0,13.4007225,-0.13418078,142.0,13.4007225,0.08359156,,,,,,,,,,,,,,,,,142.0,13.490661,0.0030543515,142.0,13.490661,-0.09625625,,,,,,,,,,,,,,,,,,,,,,,,,,,,,142.0,13.490661,1.0000001e-07,142.0,13.490661,7.0,,,,,,,
142.0,13.430702,0.19284545,142.0,13.430702,0.19445188,,,,,,,,,,,,,,,,,,,,,,,,,,,,,,,,,,,,,,,,,,,,,,,,,,,,,,,,,,,,,142.0,13.430702,-0.41029692,142.0,13.430702,-0.23499846,,,,,,,,,,,,,,,,,142.0,13.52064,0.009371675,142.0,13.52064,-0.030427847,,,,,,,,,,,,,,,,,,,,,,,,,,,,,142.0,13.52064,1.0000001e-07,142.0,13.52064,7.0,,,,,,,
142.0,13.460681,0.19549307,142.0,13.460681,0.19672768,,,,,,,,,,,,,,,,,,,,,,,,,,,,,,,,,,,,,,,,,,,,,,,,,,,,,,,,,,,,,142.0,13.460681,0.11015865,142.0,13.460681,0.2012889,,,,,,,,,,,,,,,,,142.0,13.550619,0.006858781,142.0,13.550619,0.009865623,,,,,,,,,,,,,,,,,,,,,,,,,,,,,142.0,13.550619,1.0000001e-07,142.0,13.550619,7.0,,,,,,,
142.0,13.490661,0.19512123,142.0,13.490661,0.19361894,,,,,,,,,,,,,,,,,,,,,,,,,,,,,,,,,,,,,,,,,,,,,,,,,,,,,,,,,,,,,142.0,13.490661,0.018588755,142.0,13.490661,-0.39965117,,,,,,,,,,,,,,,,,142.0,13.580599,-0.20481269,142.0,13.580599,0.028549066,,,,,,,,,,,,,,,,,,,,,,,,,,,,,142.0,13.580599,1.0000001e-07,142.0,13.580599,7.0,,,,,,,
142.0,13.520639,0.19522536,142.0,13.520639,0.19506174,,,,,,,,,,,,,,,,,,,,,,,,,,,,,,,,,,,,,,,,,,,,,,,,,,,,,,,,,,,,,142.0,13.520639,0.14191784,142.0,13.520639,-0.13747293,,,,,,,,,,,,,,,,,142.0,13.610578,-0.040174976,142.0,13.610578,0.023070209,,,,,,,,,,,,,,,,,,,,,,,,,,,,,142.0,13.610578,1.0000001e-07,142.0,13.610578,7.0,,,,,,,
142.0,13.550619,0.19510636,142.0,13.550619,0.19593932,,,,,,,,,,,,,,,,,,,,,,,,,,,,,,,,,,,,,,,,,,,,,,,,,,,,,,,,,,,,,142.0,13.550619,0.015436835,142.0,13.550619,0.06649448,,,,,,,,,,,,,,,,,142.0,13.640557,0.0064283707,142.0,13.640557,0.094099894,,,,,,,,,,,,,,,,,,,,,,,,,,,,,142.0,13.640557,1.0000001e-07,142.0,13.640557,7.0,,,,,,,
142.0,13.580598,0.19061431,142.0,13.580598,0.19641529,,,,,,,,,,,,,,,,,,,,,,,,,,,,,,,,,,,,,,,,,,,,,,,,,,,,,,,,,,,,,142.0,13.580598,-0.79639745,142.0,13.580598,0.17304589,,,,,,,,,,,,,,,,,142.0,13.670536,0.03636196,142.0,13.670536,0.07958381,,,,,,,,,,,,,,,,,,,,,,,,,,,,,142.0,13.670536,1.0000001e-07,142.0,13.670536,7.0,,,,,,,
142.0,13.610578,0.1940949,142.0,13.610578,0.19625169,,,,,,,,,,,,,,,,,,,,,,,,,,,,,,,,,,,,,,,,,,,,,,,,,,,,,,,,,,,,,142.0,13.610578,-0.17100205,142.0,13.610578,0.092681855,,,,,,,,,,,,,,,,,142.0,13.700516,0.15269108,142.0,13.700516,-0.024352482,,,,,,,,,,,,,,,,,,,,,,,,,,,,,142.0,13.700516,1.0000001e-07,142.0,13.700516,7.0,,,,,,,
142.0,13.640556,0.1950766,142.0,13.640556,0.1977391,,,,,,,,,,,,,,,,,,,,,,,,,,,,,,,,,,,,,,,,,,,,,,,,,,,,,,,,,,,,,142.0,13.640556,0.030546619,142.0,13.640556,0.3978289,,,,,,,,,,,,,,,,,142.0,13.7304945,-0.07147527,142.0,13.7304945,-0.10665654,,,,,,,,,,,,,,,,,,,,,,,,,,,,,142.0,13.7304945,1.0000001e-07,142.0,13.7304945,7.0,,,,,,,
142.0,13.670536,0.1957757,142.0,13.670536,0.197397,,,,,,,,,,,,,,,,,,,,,,,,,,,,,,,,,,,,,,,,,,,,,,,,,,,,,,,,,,,,,142.0,13.670536,0.13767016,142.0,13.670536,0.31796727,,,,,,,,,,,,,,,,,142.0,13.760474,-0.00445805,142.0,13.760474,0.15778415,,,,,,,,,,,,,,,,,,,,,,,,,,,,,142.0,13.760474,1.0000001e-07,142.0,13.760474,7.0,,,,,,,
142.0,13.700516,0.19831921,142.0,13.700516,0.19526997,,,,,,,,,,,,,,,,,,,,,,,,,,,,,,,,,,,,,,,,,,,,,,,,,,,,,,,,,,,,,142.0,13.700516,0.67640644,142.0,13.700516,-0.060380086,,,,,,,,,,,,,,,,,142.0,13.790453,0.16595872,142.0,13.790453,-0.025111252,,,,,,,,,,,,,,,,,,,,,,,,,,,,,142.0,13.790453,1.0000001e-07,142.0,13.790453,7.0,,,,,,,
142.0,13.7304945,0.19347018,142.0,13.7304945,0.19348505,,,,,,,,,,,,,,,,,,,,,,,,,,,,,,,,,,,,,,,,,,,,,,,,,,,,,,,,,,,,,142.0,13.7304945,-0.2554387,142.0,13.7304945,-0.39221376,,,,,,,,,,,,,,,,,142.0,13.820433,-0.14871597,142.0,13.820433,0.07368128,,,,,,,,,,,,,,,,,,,,,,,,,,,,,142.0,13.820433,1.0000001e-07,142.0,13.820433,7.0,,,,,,,
142.0,13.760474,0.19485348,142.0,13.760474,0.1990629,,,,,,,,,,,,,,,,,,,,,,,,,,,,,,,,,,,,,,,,,,,,,,,,,,,,,,,,,,,,,142.0,13.760474,-0.03024792,142.0,13.760474,0.60720485,,,,,,,,,,,,,,,,,142.0,13.850411,0.018710405,142.0,13.850411,-0.1217228,,,,,,,,,,,,,,,,,,,,,,,,,,,,,142.0,13.850411,1.0000001e-07,142.0,13.850411,7.0,,,,,,,
142.0,13.790453,0.19836381,142.0,13.790453,0.19522534,,,,,,,,,,,,,,,,,,,,,,,,,,,,,,,,,,,,,,,,,,,,,,,,,,,,,,,,,,,,,142.0,13.790453,0.65632164,142.0,13.790453,-0.09201695,,,,,,,,,,,,,,,,,142.0,13.880391,0.03828146,142.0,13.880391,-0.094265275,,,,,,,,,,,,,,,,,,,,,,,,,,,,,142.0,13.880391,1.0000001e-07,142.0,13.880391,7.0,,,,,,,
142.0,13.820433,0.19192325,142.0,13.820433,0.197278,,,,,,,,,,,,,,,,,,,,,,,,,,,,,,,,,,,,,,,,,,,,,,,,,,,,,,,,,,,,,142.0,13.820433,-0.55924654,142.0,13.820433,0.3173085,,,,,,,,,,,,,,,,,142.0,13.91037,0.017826043,142.0,13.91037,0.017746674,,,,,,,,,,,,,,,,,,,,,,,,,,,,,142.0,13.91037,1.0000001e-07,142.0,13.91037,7.0,,,,,,,
142.0,13.850411,0.19540384,142.0,13.850411,0.19312806,,,,,,,,,,,,,,,,,,,,,,,,,,,,,,,,,,,,,,,,,,,,,,,,,,,,,,,,,,,,,142.0,13.850411,0.10948202,142.0,13.850411,-0.43915558,,,,,,,,,,,,,,,,,142.0,13.94035,0.023529507,142.0,13.94035,0.041051872,,,,,,,,,,,,,,,,,,,,,,,,,,,,,142.0,13.94035,1.0000001e-07,142.0,13.94035,7.0,,,,,,,
142.0,13.880391,0.19579059,142.0,13.880391,0.1937528,,,,,,,,,,,,,,,,,,,,,,,,,,,,,,,,,,,,,,,,,,,,,,,,,,,,,,,,,,,,,142.0,13.880391,0.1468445,142.0,13.880391,-0.3293234,,,,,,,,,,,,,,,,,142.0,13.970328,0.043220207,142.0,13.970328,0.060540013,,,,,,,,,,,,,,,,,,,,,,,,,,,,,142.0,13.970328,1.0000001e-07,142.0,13.970328,7.0,,,,,,,
142.0,13.91037,0.19534434,142.0,13.91037,0.19616242,,,,,,,,,,,,,,,,,,,,,,,,,,,,,,,,,,,,,,,,,,,,,,,,,,,,,,,,,,,,,142.0,13.91037,0.12515704,142.0,13.91037,0.0780571,,,,,,,,,,,,,,,,,142.0,14.000308,-0.19431439,142.0,14.000308,-0.016109731,,,,,,,,,,,,,,,,,,,,,,,,,,,,,142.0,14.000308,1.0000001e-07,142.0,14.000308,7.0,,,,,,,
142.0,13.94035,0.19549309,142.0,13.94035,0.19662352,,,,,,,,,,,,,,,,,,,,,,,,,,,,,,,,,,,,,,,,,,,,,,,,,,,,,,,,,,,,,142.0,13.94035,0.17277074,142.0,13.94035,0.11791602,,,,,,,,,,,,,,,,,142.0,14.030287,0.11187576,142.0,14.030287,0.02733546,,,,,,,,,,,,,,,,,,,,,,,,,,,,,142.0,14.030287,1.0000001e-07,142.0,14.030287,7.0,,,,,,,
142.0,13.970328,0.19586496,142.0,13.970328,0.19695076,,,,,,,,,,,,,,,,,,,,,,,,,,,,,,,,,,,,,,,,,,,,,,,,,,,,,,,,,,,,,142.0,13.970328,0.21394724,142.0,13.970328,0.27470186,,,,,,,,,,,,,,,,,142.0,14.0602665,-0.07945836,142.0,14.0602665,-0.037593313,,,,,,,,,,,,,,,,,,,,,,,,,,,,,142.0,14.0602665,1.0000001e-07,142.0,14.0602665,7.0,,,,,,,
142.0,14.000308,0.19100103,142.0,14.000308,0.19541872,,,,,,,,,,,,,,,,,,,,,,,,,,,,,,,,,,,,,,,,,,,,,,,,,,,,,,,,,,,,,142.0,14.000308,-0.7724994,142.0,14.000308,-0.02507343,,,,,,,,,,,,,,,,,142.0,14.090245,-0.13238643,142.0,14.090245,0.11717224,,,,,,,,,,,,,,,,,,,,,,,,,,,,,142.0,14.090245,1.0000001e-07,142.0,14.090245,7.0,,,,,,,
142.0,14.030287,0.19727801,142.0,14.030287,0.19631118,,,,,,,,,,,,,,,,,,,,,,,,,,,,,,,,,,,,,,,,,,,,,,,,,,,,,,,,,,,,,142.0,14.030287,0.40860498,142.0,14.030287,0.18795054,,,,,,,,,,,,,,,,,142.0,14.120225,-0.058351357,142.0,14.120225,0.018615024,,,,,,,,,,,,,,,,,,,,,,,,,,,,,142.0,14.120225,1.0000001e-07,142.0,14.120225,7.0,,,,,,,
142.0,14.0602665,0.19336605,142.0,14.0602665,0.19500223,,,,,,,,,,,,,,,,,,,,,,,,,,,,,,,,,,,,,,,,,,,,,,,,,,,,,,,,,,,,,142.0,14.0602665,-0.3216567,142.0,14.0602665,-0.0653952,,,,,,,,,,,,,,,,,142.0,14.150205,0.10923359,142.0,14.150205,-0.121332474,,,,,,,,,,,,,,,,,,,,,,,,,,,,,142.0,14.150205,1.0000001e-07,142.0,14.150205,7.0,,,,,,,
142.0,14.090245,0.19233972,142.0,14.090245,0.19811097,,,,,,,,,,,,,,,,,,,,,,,,,,,,,,,,,,,,,,,,,,,,,,,,,,,,,,,,,,,,,142.0,14.090245,-0.46707678,142.0,14.090245,0.44229075,,,,,,,,,,,,,,,,,142.0,14.180183,-0.14304917,142.0,14.180183,0.07803945,,,,,,,,,,,,,,,,,,,,,,,,,,,,,142.0,14.180183,1.0000001e-07,142.0,14.180183,7.0,,,,,,,
142.0,14.120225,0.1938123,142.0,14.120225,0.19608806,,,,,,,,,,,,,,,,,,,,,,,,,,,,,,,,,,,,,,,,,,,,,,,,,,,,,,,,,,,,,142.0,14.120225,-0.20866805,142.0,14.120225,0.096595526,,,,,,,,,,,,,,,,,142.0,14.210163,0.1384246,142.0,14.210163,0.04144027,,,,,,,,,,,,,,,,,,,,,,,,,,,,,142.0,14.210163,1.0000001e-07,142.0,14.210163,7.0,,,,,,,
142.0,14.150204,0.19715899,142.0,14.150204,0.1933512,,,,,,,,,,,,,,,,,,,,,,,,,,,,,,,,,,,,,,,,,,,,,,,,,,,,,,,,,,,,,142.0,14.150204,0.40431187,142.0,14.150204,-0.41257042,,,,,,,,,,,,,,,,,142.0,14.240142,0.097769424,142.0,14.240142,0.018519627,,,,,,,,,,,,,,,,,,,,,,,,,,,,,142.0,14.240142,1.0000001e-07,142.0,14.240142,7.0,,,,,,,
142.0,14.180183,0.19216125,142.0,14.180183,0.19732264,,,,,,,,,,,,,,,,,,,,,,,,,,,,,,,,,,,,,,,,,,,,,,,,,,,,,,,,,,,,,142.0,14.180183,-0.5265294,142.0,14.180183,0.3087785,,,,,,,,,,,,,,,,,142.0,14.270122,-0.06630587,142.0,14.270122,0.27887735,,,,,,,,,,,,,,,,,,,,,,,,,,,,,142.0,14.270122,1.0000001e-07,142.0,14.270122,7.0,,,,,,,
142.0,14.210162,0.19776885,142.0,14.210162,0.1965194,,,,,,,,,,,,,,,,,,,,,,,,,,,,,,,,,,,,,,,,,,,,,,,,,,,,,,,,,,,,,142.0,14.210162,0.49200228,142.0,14.210162,0.21339527,,,,,,,,,,,,,,,,,142.0,14.3001,0.030645225,142.0,14.3001,-0.06789997,,,,,,,,,,,,,,,,,,,,,,,,,,,,,142.0,14.3001,1.0000001e-07,142.0,14.3001,7.0,,,,,,,
142.0,14.240142,0.19686152,142.0,14.240142,0.19610292,,,,,,,,,,,,,,,,,,,,,,,,,,,,,,,,,,,,,,,,,,,,,,,,,,,,,,,,,,,,,142.0,14.240142,0.3699842,142.0,14.240142,0.082520485,,,,,,,,,,,,,,,,,142.0,14.33008,-0.03557706,142.0,14.33008,-0.14956145,,,,,,,,,,,,,,,,,,,,,,,,,,,,,142.0,14.33008,1.0000001e-07,142.0,14.33008,7.0,,,,,,,
142.0,14.270121,0.1937528,142.0,14.270121,0.20118994,,,,,,,,,,,,,,,,,,,,,,,,,,,,,,,,,,,,,,,,,,,,,,,,,,,,,,,,,,,,,142.0,14.270121,-0.23656291,142.0,14.270121,1.0754383,,,,,,,,,,,,,,,,,142.0,14.360059,-0.22927825,142.0,14.360059,-0.01443594,,,,,,,,,,,,,,,,,,,,,,,,,,,,,142.0,14.360059,1.0000001e-07,142.0,14.360059,7.0,,,,,,,
142.0,14.3001,0.1956567,142.0,14.3001,0.19442214,,,,,,,,,,,,,,,,,,,,,,,,,,,,,,,,,,,,,,,,,,,,,,,,,,,,,,,,,,,,,142.0,14.3001,0.16164678,142.0,14.3001,-0.22049202,,,,,,,,,,,,,,,,,142.0,14.3900385,-0.07230088,142.0,14.3900385,0.07296478,,,,,,,,,,,,,,,,,,,,,,,,,,,,,142.0,14.3900385,1.0000001e-07,142.0,14.3900385,7.0,,,,,,,
142.0,14.330079,0.19421388,142.0,14.330079,0.19280083,,,,,,,,,,,,,,,,,,,,,,,,,,,,,,,,,,,,,,,,,,,,,,,,,,,,,,,,,,,,,142.0,14.330079,-0.20643449,142.0,14.330079,-0.5219087,,,,,,,,,,,,,,,,,142.0,14.420017,-0.013790061,142.0,14.420017,-0.04217867,,,,,,,,,,,,,,,,,,,,,,,,,,,,,142.0,14.420017,1.0000001e-07,142.0,14.420017,7.0,,,,,,,
142.0,14.360059,0.19053994,142.0,14.360059,0.19540386,,,,,,,,,,,,,,,,,,,,,,,,,,,,,,,,,,,,,,,,,,,,,,,,,,,,,,,,,,,,,142.0,14.360059,-0.8156096,142.0,14.360059,-0.020516705,,,,,,,,,,,,,,,,,142.0,14.449997,0.020246642,142.0,14.449997,-0.041771337,,,,,,,,,,,,,,,,,,,,,,,,,,,,,142.0,14.449997,1.0000001e-07,142.0,14.449997,7.0,,,,,,,
142.0,14.390038,0.19358917,142.0,14.390038,0.1971144,,,,,,,,,,,,,,,,,,,,,,,,,,,,,,,,,,,,,,,,,,,,,,,,,,,,,,,,,,,,,142.0,14.390038,-0.25199544,142.0,14.390038,0.2849426,,,,,,,,,,,,,,,,,142.0,14.479976,0.046045855,142.0,14.479976,-0.026067056,,,,,,,,,,,,,,,,,,,,,,,,,,,,,142.0,14.479976,1.0000001e-07,142.0,14.479976,7.0,,,,,,,
142.0,14.420017,0.19476426,142.0,14.420017,0.19488326,,,,,,,,,,,,,,,,,,,,,,,,,,,,,,,,,,,,,,,,,,,,,,,,,,,,,,,,,,,,,142.0,14.420017,-0.008171558,142.0,14.420017,-0.116762295,,,,,,,,,,,,,,,,,142.0,14.509955,-0.005743326,142.0,14.509955,0.035285454,,,,,,,,,,,,,,,,,,,,,,,,,,,,,142.0,14.509955,1.0000001e-07,142.0,14.509955,7.0,,,,,,,
142.0,14.449996,0.19538897,142.0,14.449996,0.19491298,,,,,,,,,,,,,,,,,,,,,,,,,,,,,,,,,,,,,,,,,,,,,,,,,,,,,,,,,,,,,142.0,14.449996,0.07341463,142.0,14.449996,-0.14798465,,,,,,,,,,,,,,,,,142.0,14.539934,-0.111661606,142.0,14.539934,-0.04974118,,,,,,,,,,,,,,,,,,,,,,,,,,,,,142.0,14.539934,1.0000001e-07,142.0,14.539934,7.0,,,,,,,
142.0,14.479976,0.19585007,142.0,14.479976,0.1951956,,,,,,,,,,,,,,,,,,,,,,,,,,,,,,,,,,,,,,,,,,,,,,,,,,,,,,,,,,,,,142.0,14.479976,0.1348136,142.0,14.479976,-0.07259179,,,,,,,,,,,,,,,,,142.0,14.569914,-0.12553175,142.0,14.569914,-0.074301295,,,,,,,,,,,,,,,,,,,,,,,,,,,,,142.0,14.569914,1.0000001e-07,142.0,14.569914,7.0,,,,,,,
142.0,14.509955,0.194794,142.0,14.509955,0.19637066,,,,,,,,,,,,,,,,,,,,,,,,,,,,,,,,,,,,,,,,,,,,,,,,,,,,,,,,,,,,,142.0,14.509955,0.00028527854,142.0,14.509955,0.14585179,,,,,,,,,,,,,,,,,142.0,14.599893,-0.05236023,142.0,14.599893,-0.08222434,,,,,,,,,,,,,,,,,,,,,,,,,,,,,142.0,14.599893,1.0000001e-07,142.0,14.599893,7.0,,,,,,,
142.0,14.539934,0.1928901,142.0,14.539934,0.19480886,,,,,,,,,,,,,,,,,,,,,,,,,,,,,,,,,,,,,,,,,,,,,,,,,,,,,,,,,,,,,142.0,14.539934,-0.3757066,142.0,14.539934,-0.15560621,,,,,,,,,,,,,,,,,142.0,14.629872,0.022722207,142.0,14.629872,0.12708431,,,,,,,,,,,,,,,,,,,,,,,,,,,,,142.0,14.629872,1.0000001e-07,142.0,14.629872,7.0,,,,,,,
142.0,14.569914,0.19265209,142.0,14.569914,0.19430315,,,,,,,,,,,,,,,,,,,,,,,,,,,,,,,,,,,,,,,,,,,,,,,,,,,,,,,,,,,,,142.0,14.569914,-0.3591848,142.0,14.569914,-0.28076035,,,,,,,,,,,,,,,,,142.0,14.659851,0.18553117,142.0,14.659851,-0.09068574,,,,,,,,,,,,,,,,,,,,,,,,,,,,,142.0,14.659851,1.0000001e-07,142.0,14.659851,7.0,,,,,,,
142.0,14.599893,0.19402052,142.0,14.599893,0.19412464,,,,,,,,,,,,,,,,,,,,,,,,,,,,,,,,,,,,,,,,,,,,,,,,,,,,,,,,,,,,,142.0,14.599893,-0.20006019,142.0,14.599893,-0.26144928,,,,,,,,,,,,,,,,,142.0,14.689831,0.09484837,142.0,14.689831,0.017510943,,,,,,,,,,,,,,,,,,,,,,,,,,,,,142.0,14.689831,1.0000001e-07,142.0,14.689831,7.0,,,,,,,
142.0,14.629872,0.19540384,142.0,14.629872,0.1980961,,,,,,,,,,,,,,,,,,,,,,,,,,,,,,,,,,,,,,,,,,,,,,,,,,,,,,,,,,,,,142.0,14.629872,0.09690662,142.0,14.629872,0.42863256,,,,,,,,,,,,,,,,,142.0,14.71981,-0.076578446,142.0,14.71981,-0.08649557,,,,,,,,,,,,,,,,,,,,,,,,,,,,,142.0,14.71981,1.0000001e-07,142.0,14.71981,7.0,,,,,,,
142.0,14.659851,0.19839355,142.0,14.659851,0.19406515,,,,,,,,,,,,,,,,,,,,,,,,,,,,,,,,,,,,,,,,,,,,,,,,,,,,,,,,,,,,,142.0,14.659851,0.63006675,142.0,14.659851,-0.29168072,,,,,,,,,,,,,,,,,142.0,14.749789,0.14322998,142.0,14.749789,-0.17276765,,,,,,,,,,,,,,,,,,,,,,,,,,,,,142.0,14.749789,1.0000001e-07,142.0,14.749789,7.0,,,,,,,
142.0,14.689831,0.19668303,142.0,14.689831,0.1960583,,,,,,,,,,,,,,,,,,,,,,,,,,,,,,,,,,,,,,,,,,,,,,,,,,,,,,,,,,,,,142.0,14.689831,0.3262193,142.0,14.689831,0.09186424,,,,,,,,,,,,,,,,,142.0,14.779768,-0.07003816,142.0,14.779768,0.007560036,,,,,,,,,,,,,,,,,,,,,,,,,,,,,142.0,14.779768,1.0000001e-07,142.0,14.779768,7.0,,,,,,,
142.0,14.71981,0.1935743,142.0,14.71981,0.19419903,,,,,,,,,,,,,,,,,,,,,,,,,,,,,,,,,,,,,,,,,,,,,,,,,,,,,,,,,,,,,142.0,14.71981,-0.27788693,142.0,14.71981,-0.23178522,,,,,,,,,,,,,,,,,142.0,14.809748,0.08570214,142.0,14.809748,-0.16895409,,,,,,,,,,,,,,,,,,,,,,,,,,,,,142.0,14.809748,1.0000001e-07,142.0,14.809748,7.0,,,,,,,
142.0,14.749789,0.1975755,142.0,14.749789,0.1925331,,,,,,,,,,,,,,,,,,,,,,,,,,,,,,,,,,,,,,,,,,,,,,,,,,,,,,,,,,,,,142.0,14.749789,0.48852932,142.0,14.749789,-0.5686057,,,,,,,,,,,,,,,,,142.0,14.839726,0.06639176,142.0,14.839726,-0.1926431,,,,,,,,,,,,,,,,,,,,,,,,,,,,,142.0,14.839726,1.0000001e-07,142.0,14.839726,7.0,,,,,,,
142.0,14.779768,0.19369328,142.0,14.779768,0.19583519,,,,,,,,,,,,,,,,,,,,,,,,,,,,,,,,,,,,,,,,,,,,,,,,,,,,,,,,,,,,,142.0,14.779768,-0.21802868,142.0,14.779768,0.0091593815,,,,,,,,,,,,,,,,,142.0,14.869706,-0.054847047,142.0,14.869706,0.031999495,,,,,,,,,,,,,,,,,,,,,,,,,,,,,142.0,14.869706,1.0000001e-07,142.0,14.869706,7.0,,,,,,,
142.0,14.809748,0.19653428,142.0,14.809748,0.19268183,,,,,,,,,,,,,,,,,,,,,,,,,,,,,,,,,,,,,,,,,,,,,,,,,,,,,,,,,,,,,142.0,14.809748,0.30559838,142.0,14.809748,-0.5269607,,,,,,,,,,,,,,,,,142.0,14.899685,0.12797044,142.0,14.899685,-0.049800184,,,,,,,,,,,,,,,,,,,,,,,,,,,,,142.0,14.899685,1.0000001e-07,142.0,14.899685,7.0,,,,,,,
142.0,14.839726,0.19620705,142.0,14.839726,0.19220586,,,,,,,,,,,,,,,,,,,,,,,,,,,,,,,,,,,,,,,,,,,,,,,,,,,,,,,,,,,,,142.0,14.839726,0.2210332,142.0,14.839726,-0.6355362,,,,,,,,,,,,,,,,,142.0,14.929665,-0.00822932,142.0,14.929665,0.08784848,,,,,,,,,,,,,,,,,,,,,,,,,,,,,142.0,14.929665,1.0000001e-07,142.0,14.929665,7.0,,,,,,,
142.0,14.869706,0.1939759,142.0,14.869706,0.19626655,,,,,,,,,,,,,,,,,,,,,,,,,,,,,,,,,,,,,,,,,,,,,,,,,,,,,,,,,,,,,142.0,14.869706,-0.17744477,142.0,14.869706,0.12458323,,,,,,,,,,,,,,,,,142.0,14.959643,-0.08697078,142.0,14.959643,0.05414273,,,,,,,,,,,,,,,,,,,,,,,,,,,,,142.0,14.959643,1.0000001e-07,142.0,14.959643,7.0,,,,,,,
142.0,14.899685,0.19727801,142.0,14.899685,0.19482374,,,,,,,,,,,,,,,,,,,,,,,,,,,,,,,,,,,,,,,,,,,,,,,,,,,,,,,,,,,,,142.0,14.899685,0.50742966,142.0,14.899685,-0.11562342,,,,,,,,,,,,,,,,,142.0,14.989623,-0.022222519,142.0,14.989623,0.07916785,,,,,,,,,,,,,,,,,,,,,,,,,,,,,142.0,14.989623,1.0000001e-07,142.0,14.989623,7.0,,,,,,,
142.0,14.929665,0.1948386,142.0,14.929665,0.19729286,,,,,,,,,,,,,,,,,,,,,,,,,,,,,,,,,,,,,,,,,,,,,,,,,,,,,,,,,,,,,142.0,14.929665,-0.0053597786,142.0,14.929665,0.24973331,,,,,,,,,,,,,,,,,142.0,15.019603,-0.09762139,142.0,15.019603,0.03299305,,,,,,,,,,,,,,,,,,,,,,,,,,,,,142.0,15.019603,1.0000001e-07,142.0,15.019603,7.0,,,,,,,
142.0,14.959643,0.19342557,142.0,14.959643,0.19671279,,,,,,,,,,,,,,,,,,,,,,,,,,,,,,,,,,,,,,,,,,,,,,,,,,,,,,,,,,,,,142.0,14.959643,-0.23167586,142.0,14.959643,0.20160447,,,,,,,,,,,,,,,,,142.0,15.049582,0.053864136,142.0,15.049582,0.07601044,,,,,,,,,,,,,,,,,,,,,,,,,,,,,142.0,15.049582,1.0000001e-07,142.0,15.049582,7.0,,,,,,,
142.0,14.989623,0.19454113,142.0,14.989623,0.1971739,,,,,,,,,,,,,,,,,,,,,,,,,,,,,,,,,,,,,,,,,,,,,,,,,,,,,,,,,,,,,142.0,14.989623,-0.10835595,142.0,14.989623,0.34189346,,,,,,,,,,,,,,,,,142.0,15.079561,0.26750195,142.0,15.079561,0.15660173,,,,,,,,,,,,,,,,,,,,,,,,,,,,,142.0,15.079561,1.0000001e-07,142.0,15.079561,7.0,,,,,,,
142.0,15.019602,0.19317268,142.0,15.019602,0.1962814,,,,,,,,,,,,,,,,,,,,,,,,,,,,,,,,,,,,,,,,,,,,,,,,,,,,,,,,,,,,,142.0,15.019602,-0.35530052,142.0,15.019602,0.11048622,,,,,,,,,,,,,,,,,142.0,15.10954,-0.12975399,142.0,15.10954,0.12533349,,,,,,,,,,,,,,,,,,,,,,,,,,,,,142.0,15.10954,1.0000001e-07,142.0,15.10954,7.0,,,,,,,
142.0,15.049582,0.1958947,142.0,15.049582,0.1970995,,,,,,,,,,,,,,,,,,,,,,,,,,,,,,,,,,,,,,,,,,,,,,,,,,,,,,,,,,,,,142.0,15.049582,0.20701477,142.0,15.049582,0.273834,,,,,,,,,,,,,,,,,142.0,15.13952,-0.008923312,142.0,15.13952,-0.13205677,,,,,,,,,,,,,,,,,,,,,,,,,,,,,142.0,15.13952,1.0000001e-07,142.0,15.13952,7.0,,,,,,,
142.0,15.07956,0.19964303,142.0,15.07956,0.19845308,,,,,,,,,,,,,,,,,,,,,,,,,,,,,,,,,,,,,,,,,,,,,,,,,,,,,,,,,,,,,142.0,15.07956,0.8771558,142.0,15.07956,0.49324498,,,,,,,,,,,,,,,,,142.0,15.169498,-0.041006718,142.0,15.169498,-0.18161547,,,,,,,,,,,,,,,,,,,,,,,,,,,,,142.0,15.169498,1.0000001e-07,142.0,15.169498,7.0,,,,,,,
142.0,15.10954,0.19278596,142.0,15.10954,0.19785811,,,,,,,,,,,,,,,,,,,,,,,,,,,,,,,,,,,,,,,,,,,,,,,,,,,,,,,,,,,,,142.0,15.10954,-0.3564486,142.0,15.10954,0.38857755,,,,,,,,,,,,,,,,,142.0,15.199478,-0.20200728,142.0,15.199478,-0.081742086,,,,,,,,,,,,,,,,,,,,,,,,,,,,,142.0,15.199478,1.0000001e-07,142.0,15.199478,7.0,,,,,,,
142.0,15.139519,0.19482374,142.0,15.139519,0.19342555,,,,,,,,,,,,,,,,,,,,,,,,,,,,,,,,,,,,,,,,,,,,,,,,,,,,,,,,,,,,,142.0,15.139519,-0.04824025,142.0,15.139519,-0.4416778,,,,,,,,,,,,,,,,,142.0,15.229457,0.10699737,142.0,15.229457,0.038931087,,,,,,,,,,,,,,,,,,,,,,,,,,,,,142.0,15.229457,1.0000001e-07,142.0,15.229457,7.0,,,,,,,
142.0,15.169498,0.19424362,142.0,15.169498,0.19262235,,,,,,,,,,,,,,,,,,,,,,,,,,,,,,,,,,,,,,,,,,,,,,,,,,,,,,,,,,,,,142.0,15.169498,-0.079160556,142.0,15.169498,-0.59576225,,,,,,,,,,,,,,,,,142.0,15.259437,-0.15914479,142.0,15.259437,0.004911267,,,,,,,,,,,,,,,,,,,,,,,,,,,,,142.0,15.259437,1.0000001e-07,142.0,15.259437,7.0,,,,,,,
142.0,15.199477,0.1914324,142.0,15.199477,0.19427338,,,,,,,,,,,,,,,,,,,,,,,,,,,,,,,,,,,,,,,,,,,,,,,,,,,,,,,,,,,,,142.0,15.199477,-0.6509728,142.0,15.199477,-0.25838354,,,,,,,,,,,,,,,,,142.0,15.289415,-0.0027770144,142.0,15.289415,0.025421005,,,,,,,,,,,,,,,,,,,,,,,,,,,,,142.0,15.289415,1.0000001e-07,142.0,15.289415,7.0,,,,,,,
142.0,15.229457,0.19680203,142.0,15.229457,0.19631118,,,,,,,,,,,,,,,,,,,,,,,,,,,,,,,,,,,,,,,,,,,,,,,,,,,,,,,,,,,,,142.0,15.229457,0.36756766,142.0,15.229457,0.18094915,,,,,,,,,,,,,,,,,142.0,15.319395,-0.18447511,142.0,15.319395,0.05839696,,,,,,,,,,,,,,,,,,,,,,,,,,,,,142.0,15.319395,1.0000001e-07,142.0,15.319395,7.0,,,,,,,
142.0,15.259436,0.19230999,142.0,15.259436,0.19576083,,,,,,,,,,,,,,,,,,,,,,,,,,,,,,,,,,,,,,,,,,,,,,,,,,,,,,,,,,,,,142.0,15.259436,-0.5105035,142.0,15.259436,0.041027144,,,,,,,,,,,,,,,,,142.0,15.349374,-0.22314522,142.0,15.349374,0.02217269,,,,,,,,,,,,,,,,,,,,,,,,,,,,,142.0,15.349374,1.0000001e-07,142.0,15.349374,7.0,,,,,,,
142.0,15.289415,0.1948981,142.0,15.289415,0.19607317,,,,,,,,,,,,,,,,,,,,,,,,,,,,,,,,,,,,,,,,,,,,,,,,,,,,,,,,,,,,,142.0,15.289415,0.008304887,142.0,15.289415,0.0984785,,,,,,,,,,,,,,,,,142.0,15.379354,0.21237454,142.0,15.379354,-0.22027916,,,,,,,,,,,,,,,,,,,,,,,,,,,,,142.0,15.379354,1.0000001e-07,142.0,15.379354,7.0,,,,,,,
142.0,15.319394,0.19187862,142.0,15.319394,0.19666815,,,,,,,,,,,,,,,,,,,,,,,,,,,,,,,,,,,,,,,,,,,,,,,,,,,,,,,,,,,,,142.0,15.319394,-0.5582135,142.0,15.319394,0.21883039,,,,,,,,,,,,,,,,,142.0,15.409332,-0.06132751,142.0,15.409332,-0.019711733,,,,,,,,,,,,,,,,,,,,,,,,,,,,,142.0,15.409332,1.0000001e-07,142.0,15.409332,7.0,,,,,,,
142.0,15.349374,0.1911944,142.0,15.349374,0.19604343,,,,,,,,,,,,,,,,,,,,,,,,,,,,,,,,,,,,,,,,,,,,,,,,,,,,,,,,,,,,,142.0,15.349374,-0.69541115,142.0,15.349374,0.11499482,,,,,,,,,,,,,,,,,142.0,15.439312,0.1734666,142.0,15.439312,-0.04492537,,,,,,,,,,,,,,,,,,,,,,,,,,,,,142.0,15.439312,1.0000001e-07,142.0,15.439312,7.0,,,,,,,
142.0,15.379354,0.1985572,142.0,15.379354,0.19201249,,,,,,,,,,,,,,,,,,,,,,,,,,,,,,,,,,,,,,,,,,,,,,,,,,,,,,,,,,,,,142.0,15.379354,0.65159756,142.0,15.379354,-0.6797664,,,,,,,,,,,,,,,,,142.0,15.469291,-0.17430013,142.0,15.469291,0.03966259,,,,,,,,,,,,,,,,,,,,,,,,,,,,,142.0,15.469291,1.0000001e-07,142.0,15.469291,7.0,,,,,,,
142.0,15.409332,0.19397588,142.0,15.409332,0.1954336,,,,,,,,,,,,,,,,,,,,,,,,,,,,,,,,,,,,,,,,,,,,,,,,,,,,,,,,,,,,,142.0,15.409332,-0.15002804,142.0,15.409332,-0.03015766,,,,,,,,,,,,,,,,,142.0,15.49927,-0.11320305,142.0,15.49927,0.02526072,,,,,,,,,,,,,,,,,,,,,,,,,,,,,142.0,15.49927,1.0000001e-07,142.0,15.49927,7.0,,,,,,,
142.0,15.439312,0.19782835,142.0,15.439312,0.19498736,,,,,,,,,,,,,,,,,,,,,,,,,,,,,,,,,,,,,,,,,,,,,,,,,,,,,,,,,,,,,142.0,15.439312,0.52642405,142.0,15.439312,-0.06880376,,,,,,,,,,,,,,,,,142.0,15.529249,0.12722874,142.0,15.529249,-0.036252875,,,,,,,,,,,,,,,,,,,,,,,,,,,,,142.0,15.529249,1.0000001e-07,142.0,15.529249,7.0,,,,,,,
142.0,15.469291,0.19210175,142.0,15.469291,0.19638555,,,,,,,,,,,,,,,,,,,,,,,,,,,,,,,,,,,,,,,,,,,,,,,,,,,,,,,,,,,,,142.0,15.469291,-0.5017742,142.0,15.469291,0.10328446,,,,,,,,,,,,,,,,,142.0,15.559229,0.051144805,142.0,15.559229,-0.09135452,,,,,,,,,,,,,,,,,,,,,,,,,,,,,142.0,15.559229,1.0000001e-07,142.0,15.559229,7.0,,,,,,,
142.0,15.49927,0.1930537,142.0,15.49927,0.19610293,,,,,,,,,,,,,,,,,,,,,,,,,,,,,,,,,,,,,,,,,,,,,,,,,,,,,,,,,,,,,142.0,15.49927,-0.3471556,142.0,15.49927,0.098001175,,,,,,,,,,,,,,,,,142.0,15.589208,0.050604124,142.0,15.589208,-0.22628444,,,,,,,,,,,,,,,,,,,,,,,,,,,,,142.0,15.589208,1.0000001e-07,142.0,15.589208,7.0,,,,,,,
142.0,15.529249,0.19706976,142.0,15.529249,0.19504687,,,,,,,,,,,,,,,,,,,,,,,,,,,,,,,,,,,,,,,,,,,,,,,,,,,,,,,,,,,,,142.0,15.529249,0.39066303,142.0,15.529249,-0.119453326,,,,,,,,,,,,,,,,,142.0,15.619187,0.079046905,142.0,15.619187,0.08580013,,,,,,,,,,,,,,,,,,,,,,,,,,,,,142.0,15.619187,1.0000001e-07,142.0,15.619187,7.0,,,,,,,
142.0,15.559229,0.19580545,142.0,15.559229,0.19428825,,,,,,,,,,,,,,,,,,,,,,,,,,,,,,,,,,,,,,,,,,,,,,,,,,,,,,,,,,,,,142.0,15.559229,0.19318517,142.0,15.559229,-0.24350722,,,,,,,,,,,,,,,,,142.0,15.649166,-0.14534879,142.0,15.649166,0.16874991,,,,,,,,,,,,,,,,,,,,,,,,,,,,,142.0,15.649166,1.0000001e-07,142.0,15.649166,7.0,,,,,,,
142.0,15.589208,0.19579057,142.0,15.589208,0.19201249,,,,,,,,,,,,,,,,,,,,,,,,,,,,,,,,,,,,,,,,,,,,,,,,,,,,,,,,,,,,,142.0,15.589208,0.14731431,142.0,15.589208,-0.69398946,,,,,,,,,,,,,,,,,142.0,15.679146,-0.016176946,142.0,15.679146,-0.2440686,,,,,,,,,,,,,,,,,,,,,,,,,,,,,142.0,15.679146,1.0000001e-07,142.0,15.679146,7.0,,,,,,,
142.0,15.619187,0.19631118,142.0,15.619187,0.1970995,,,,,,,,,,,,,,,,,,,,,,,,,,,,,,,,,,,,,,,,,,,,,,,,,,,,,,,,,,,,,142.0,15.619187,0.26235664,142.0,15.619187,0.24983014,,,,,,,,,,,,,,,,,142.0,15.709125,0.0623304,142.0,15.709125,-0.02223543,,,,,,,,,,,,,,,,,,,,,,,,,,,,,142.0,15.709125,1.0000001e-07,142.0,15.709125,7.0,,,,,,,
142.0,15.649166,0.1925926,142.0,15.649166,0.19846794,,,,,,,,,,,,,,,,,,,,,,,,,,,,,,,,,,,,,,,,,,,,,,,,,,,,,,,,,,,,,142.0,15.649166,-0.43781132,142.0,15.649166,0.52642846,,,,,,,,,,,,,,,,,142.0,15.739104,-0.059934065,142.0,15.739104,0.19849093,,,,,,,,,,,,,,,,,,,,,,,,,,,,,142.0,15.739104,1.0000001e-07,142.0,15.739104,7.0,,,,,,,
142.0,15.679146,0.19470474,142.0,15.679146,0.19181913,,,,,,,,,,,,,,,,,,,,,,,,,,,,,,,,,,,,,,,,,,,,,,,,,,,,,,,,,,,,,142.0,15.679146,-0.043349605,142.0,15.679146,-0.72516745,,,,,,,,,,,,,,,,,142.0,15.769083,-0.07477036,142.0,15.769083,0.16076832,,,,,,,,,,,,,,,,,,,,,,,,,,,,,142.0,15.769083,1.0000001e-07,142.0,15.769083,7.0,,,,,,,
142.0,15.709125,0.19595419,142.0,15.709125,0.19532947,,,,,,,,,,,,,,,,,,,,,,,,,,,,,,,,,,,,,,,,,,,,,,,,,,,,,,,,,,,,,142.0,15.709125,0.19957435,142.0,15.709125,-0.06652982,,,,,,,,,,,,,,,,,142.0,15.799063,-0.08323321,142.0,15.799063,0.07338908,,,,,,,,,,,,,,,,,,,,,,,,,,,,,142.0,15.799063,1.0000001e-07,142.0,15.799063,7.0,,,,,,,
142.0,15.739104,0.1939759,142.0,15.739104,0.19886954,,,,,,,,,,,,,,,,,,,,,,,,,,,,,,,,,,,,,,,,,,,,,,,,,,,,,,,,,,,,,142.0,15.739104,-0.17340708,142.0,15.739104,0.6036896,,,,,,,,,,,,,,,,,142.0,15.829042,0.120671764,142.0,15.829042,0.032433923,,,,,,,,,,,,,,,,,,,,,,,,,,,,,142.0,15.829042,1.0000001e-07,142.0,15.829042,7.0,,,,,,,
142.0,15.769083,0.1937528,142.0,15.769083,0.19825971,,,,,,,,,,,,,,,,,,,,,,,,,,,,,,,,,,,,,,,,,,,,,,,,,,,,,,,,,,,,,142.0,15.769083,-0.21996933,142.0,15.769083,0.48246542,,,,,,,,,,,,,,,,,142.0,15.859021,0.013558064,142.0,15.859021,0.17684028,,,,,,,,,,,,,,,,,,,,,,,,,,,,,142.0,15.859021,1.0000001e-07,142.0,15.859021,7.0,,,,,,,
142.0,15.799063,0.1936338,142.0,15.799063,0.19693589,,,,,,,,,,,,,,,,,,,,,,,,,,,,,,,,,,,,,,,,,,,,,,,,,,,,,,,,,,,,,142.0,15.799063,-0.26678988,142.0,15.799063,0.25544357,,,,,,,,,,,,,,,,,142.0,15.889001,-0.0044145947,142.0,15.889001,0.04109089,,,,,,,,,,,,,,,,,,,,,,,,,,,,,142.0,15.889001,1.0000001e-07,142.0,15.889001,7.0,,,,,,,
142.0,15.8290415,0.19684666,142.0,15.8290415,0.1961773,,,,,,,,,,,,,,,,,,,,,,,,,,,,,,,,,,,,,,,,,,,,,,,,,,,,,,,,,,,,,142.0,15.8290415,0.3400435,142.0,15.8290415,0.07801972,,,,,,,,,,,,,,,,,142.0,15.91898,0.09532079,142.0,15.91898,-0.09477573,,,,,,,,,,,,,,,,,,,,,,,,,,,,,142.0,15.91898,1.0000001e-07,142.0,15.91898,7.0,,,,,,,
142.0,15.859021,0.19519562,142.0,15.859021,0.19845308,,,,,,,,,,,,,,,,,,,,,,,,,,,,,,,,,,,,,,,,,,,,,,,,,,,,,,,,,,,,,142.0,15.859021,0.073327646,142.0,15.859021,0.5471885,,,,,,,,,,,,,,,,,142.0,15.948959,0.028798692,142.0,15.948959,-0.19147906,,,,,,,,,,,,,,,,,,,,,,,,,,,,,142.0,15.948959,1.0000001e-07,142.0,15.948959,7.0,,,,,,,
142.0,15.889,0.19494273,142.0,15.889,0.19634093,,,,,,,,,,,,,,,,,,,,,,,,,,,,,,,,,,,,,,,,,,,,,,,,,,,,,,,,,,,,,142.0,15.889,-0.048840232,142.0,15.889,0.0923408,,,,,,,,,,,,,,,,,142.0,15.978938,-0.12650147,142.0,15.978938,-0.07257867,,,,,,,,,,,,,,,,,,,,,,,,,,,,,142.0,15.978938,1.0000001e-07,142.0,15.978938,7.0,,,,,,,
142.0,15.91898,0.19644505,142.0,15.91898,0.19418414,,,,,,,,,,,,,,,,,,,,,,,,,,,,,,,,,,,,,,,,,,,,,,,,,,,,,,,,,,,,,142.0,15.91898,0.26015493,142.0,15.91898,-0.26263243,,,,,,,,,,,,,,,,,142.0,16.008917,0.032420497,142.0,16.008917,-0.043537136,,,,,,,,,,,,,,,,,,,,,,,,,,,,,142.0,16.008917,1.0000001e-07,142.0,16.008917,7.0,,,,,,,
142.0,15.948958,0.19540384,142.0,15.948958,0.1926967,,,,,,,,,,,,,,,,,,,,,,,,,,,,,,,,,,,,,,,,,,,,,,,,,,,,,,,,,,,,,142.0,15.948958,0.10986468,142.0,15.948958,-0.51217073,,,,,,,,,,,,,,,,,142.0,16.038897,-0.11905246,142.0,16.038897,-0.03208402,,,,,,,,,,,,,,,,,,,,,,,,,,,,,142.0,16.038897,1.0000001e-07,142.0,16.038897,7.0,,,,,,,
142.0,15.978938,0.1929942,142.0,15.978938,0.19458574,,,,,,,,,,,,,,,,,,,,,,,,,,,,,,,,,,,,,,,,,,,,,,,,,,,,,,,,,,,,,142.0,15.978938,-0.42881233,142.0,15.978938,-0.21377635,,,,,,,,,,,,,,,,,142.0,16.068876,0.006708337,142.0,16.068876,0.004175663,,,,,,,,,,,,,,,,,,,,,,,,,,,,,142.0,16.068876,1.0000001e-07,142.0,16.068876,7.0,,,,,,,
142.0,16.008917,0.19547822,142.0,16.008917,0.19503196,,,,,,,,,,,,,,,,,,,,,,,,,,,,,,,,,,,,,,,,,,,,,,,,,,,,,,,,,,,,,142.0,16.008917,0.14520076,142.0,16.008917,-0.12734655,,,,,,,,,,,,,,,,,142.0,16.098856,0.126455,142.0,16.098856,-0.061529294,,,,,,,,,,,,,,,,,,,,,,,,,,,,,142.0,16.098856,1.0000001e-07,142.0,16.098856,7.0,,,,,,,
142.0,16.038897,0.1931578,142.0,16.038897,0.19516584,,,,,,,,,,,,,,,,,,,,,,,,,,,,,,,,,,,,,,,,,,,,,,,,,,,,,,,,,,,,,142.0,16.038897,-0.27448076,142.0,16.038897,-0.08732498,,,,,,,,,,,,,,,,,142.0,16.128834,-0.0027296012,142.0,16.128834,-0.004003144,,,,,,,,,,,,,,,,,,,,,,,,,,,,,142.0,16.128834,1.0000001e-07,142.0,16.128834,7.0,,,,,,,
142.0,16.068876,0.19506174,142.0,16.068876,0.19579056,,,,,,,,,,,,,,,,,,,,,,,,,,,,,,,,,,,,,,,,,,,,,,,,,,,,,,,,,,,,,142.0,16.068876,0.022031479,142.0,16.068876,-0.04543458,,,,,,,,,,,,,,,,,142.0,16.158813,0.1561812,142.0,16.158813,0.06765028,,,,,,,,,,,,,,,,,,,,,,,,,,,,,142.0,16.158813,1.0000001e-07,142.0,16.158813,7.0,,,,,,,
142.0,16.098854,0.19684665,142.0,16.098854,0.19480889,,,,,,,,,,,,,,,,,,,,,,,,,,,,,,,,,,,,,,,,,,,,,,,,,,,,,,,,,,,,,142.0,16.098854,0.32566482,142.0,16.098854,-0.13927215,,,,,,,,,,,,,,,,,142.0,16.188793,0.095343314,142.0,16.188793,0.08506777,,,,,,,,,,,,,,,,,,,,,,,,,,,,,142.0,16.188793,1.0000001e-07,142.0,16.188793,7.0,,,,,,,
142.0,16.128834,0.19492786,142.0,16.128834,0.19564183,,,,,,,,,,,,,,,,,,,,,,,,,,,,,,,,,,,,,,,,,,,,,,,,,,,,,,,,,,,,,142.0,16.128834,-0.037474852,142.0,16.128834,0.0025560989,,,,,,,,,,,,,,,,,142.0,16.218773,-0.1798282,142.0,16.218773,-9.128037e-05,,,,,,,,,,,,,,,,,,,,,,,,,,,,,142.0,16.218773,1.0000001e-07,142.0,16.218773,7.0,,,,,,,
142.0,16.158813,0.19733751,142.0,16.158813,0.19665329,,,,,,,,,,,,,,,,,,,,,,,,,,,,,,,,,,,,,,,,,,,,,,,,,,,,,,,,,,,,,142.0,16.158813,0.43854278,142.0,16.158813,0.17948821,,,,,,,,,,,,,,,,,142.0,16.24875,-0.09255056,142.0,16.24875,0.0016606913,,,,,,,,,,,,,,,,,,,,,,,,,,,,,142.0,16.24875,1.0000001e-07,142.0,16.24875,7.0,,,,,,,
142.0,16.188793,0.19641529,142.0,16.188793,0.19699539,,,,,,,,,,,,,,,,,,,,,,,,,,,,,,,,,,,,,,,,,,,,,,,,,,,,,,,,,,,,,142.0,16.188793,0.28923887,142.0,16.188793,0.23368937,,,,,,,,,,,,,,,,,142.0,16.27873,-0.07319385,142.0,16.27873,0.018118666,,,,,,,,,,,,,,,,,,,,,,,,,,,,,142.0,16.27873,1.0000001e-07,142.0,16.27873,7.0,,,,,,,
142.0,16.218773,0.19226536,142.0,16.218773,0.19574593,,,,,,,,,,,,,,,,,,,,,,,,,,,,,,,,,,,,,,,,,,,,,,,,,,,,,,,,,,,,,142.0,16.218773,-0.4912465,142.0,16.218773,0.04194157,,,,,,,,,,,,,,,,,142.0,16.30871,0.16828524,142.0,16.30871,0.14874381,,,,,,,,,,,,,,,,,,,,,,,,,,,,,142.0,16.30871,1.0000001e-07,142.0,16.30871,7.0,,,,,,,
142.0,16.24875,0.19358918,142.0,16.24875,0.19567157,,,,,,,,,,,,,,,,,,,,,,,,,,,,,,,,,,,,,,,,,,,,,,,,,,,,,,,,,,,,,142.0,16.24875,-0.20110255,142.0,16.24875,0.051732518,,,,,,,,,,,,,,,,,142.0,16.33869,0.008215161,142.0,16.33869,-0.054687627,,,,,,,,,,,,,,,,,,,,,,,,,,,,,142.0,16.33869,1.0000001e-07,142.0,16.33869,7.0,,,,,,,
142.0,16.27873,0.19390154,142.0,16.27873,0.1959988,,,,,,,,,,,,,,,,,,,,,,,,,,,,,,,,,,,,,,,,,,,,,,,,,,,,,,,,,,,,,142.0,16.27873,-0.19149311,142.0,16.27873,0.07572743,,,,,,,,,,,,,,,,,142.0,16.368668,-0.058313206,142.0,16.368668,-0.07290597,,,,,,,,,,,,,,,,,,,,,,,,,,,,,142.0,16.368668,1.0000001e-07,142.0,16.368668,7.0,,,,,,,
142.0,16.30871,0.19748625,142.0,16.30871,0.19796222,,,,,,,,,,,,,,,,,,,,,,,,,,,,,,,,,,,,,,,,,,,,,,,,,,,,,,,,,,,,,142.0,16.30871,0.4748087,142.0,16.30871,0.40437818,,,,,,,,,,,,,,,,,142.0,16.398647,-0.096351355,142.0,16.398647,-0.12987041,,,,,,,,,,,,,,,,,,,,,,,,,,,,,142.0,16.398647,1.0000001e-07,142.0,16.398647,7.0,,,,,,,
142.0,16.33869,0.19506173,142.0,16.33869,0.19491297,,,,,,,,,,,,,,,,,,,,,,,,,,,,,,,,,,,,,,,,,,,,,,,,,,,,,,,,,,,,,142.0,16.33869,0.03669947,142.0,16.33869,-0.15736751,,,,,,,,,,,,,,,,,142.0,16.428627,0.029841982,142.0,16.428627,-0.0792787,,,,,,,,,,,,,,,,,,,,,,,,,,,,,142.0,16.428627,1.0000001e-07,142.0,16.428627,7.0,,,,,,,
142.0,16.368668,0.19406515,142.0,16.368668,0.19466013,,,,,,,,,,,,,,,,,,,,,,,,,,,,,,,,,,,,,,,,,,,,,,,,,,,,,,,,,,,,,142.0,16.368668,-0.14349791,142.0,16.368668,-0.17650391,,,,,,,,,,,,,,,,,142.0,16.458607,-0.10618035,142.0,16.458607,-0.06868532,,,,,,,,,,,,,,,,,,,,,,,,,,,,,142.0,16.458607,1.0000001e-07,142.0,16.458607,7.0,,,,,,,
142.0,16.398647,0.19354455,142.0,16.398647,0.1937528,,,,,,,,,,,,,,,,,,,,,,,,,,,,,,,,,,,,,,,,,,,,,,,,,,,,,,,,,,,,,142.0,16.398647,-0.25818923,142.0,16.398647,-0.37322754,,,,,,,,,,,,,,,,,142.0,16.488585,0.021447308,142.0,16.488585,-0.13546106,,,,,,,,,,,,,,,,,,,,,,,,,,,,,142.0,16.488585,1.0000001e-07,142.0,16.488585,7.0,,,,,,,
142.0,16.428627,0.19538896,142.0,16.428627,0.19452626,,,,,,,,,,,,,,,,,,,,,,,,,,,,,,,,,,,,,,,,,,,,,,,,,,,,,,,,,,,,,142.0,16.428627,0.089849904,142.0,16.428627,-0.20549156,,,,,,,,,,,,,,,,,142.0,16.518564,0.056238897,142.0,16.518564,-0.123772174,,,,,,,,,,,,,,,,,,,,,,,,,,,,,142.0,16.518564,1.0000001e-07,142.0,16.518564,7.0,,,,,,,
142.0,16.458607,0.1933958,142.0,16.458607,0.19468987,,,,,,,,,,,,,,,,,,,,,,,,,,,,,,,,,,,,,,,,,,,,,,,,,,,,,,,,,,,,,142.0,16.458607,-0.25852886,142.0,16.458607,-0.21505162,,,,,,,,,,,,,,,,,142.0,16.548544,0.18505356,142.0,16.548544,-0.10264086,,,,,,,,,,,,,,,,,,,,,,,,,,,,,142.0,16.548544,1.0000001e-07,142.0,16.548544,7.0,,,,,,,
142.0,16.488585,0.19522534,142.0,16.488585,0.19372304,,,,,,,,,,,,,,,,,,,,,,,,,,,,,,,,,,,,,,,,,,,,,,,,,,,,,,,,,,,,,142.0,16.488585,0.09824883,142.0,16.488585,-0.3692825,,,,,,,,,,,,,,,,,142.0,16.578524,-0.005061716,142.0,16.578524,-0.16633408,,,,,,,,,,,,,,,,,,,,,,,,,,,,,142.0,16.578524,1.0000001e-07,142.0,16.578524,7.0,,,,,,,
142.0,16.518564,0.19573107,142.0,16.518564,0.19387178,,,,,,,,,,,,,,,,,,,,,,,,,,,,,,,,,,,,,,,,,,,,,,,,,,,,,,,,,,,,,142.0,16.518564,0.15826231,142.0,16.518564,-0.31809747,,,,,,,,,,,,,,,,,142.0,16.608501,-0.08908737,142.0,16.608501,-0.07567415,,,,,,,,,,,,,,,,,,,,,,,,,,,,,142.0,16.608501,1.0000001e-07,142.0,16.608501,7.0,,,,,,,
142.0,16.548544,0.19759035,142.0,16.548544,0.19422877,,,,,,,,,,,,,,,,,,,,,,,,,,,,,,,,,,,,,,,,,,,,,,,,,,,,,,,,,,,,,142.0,16.548544,0.51434016,142.0,16.548544,-0.23444547,,,,,,,,,,,,,,,,,142.0,16.638481,0.055210702,142.0,16.638481,0.08444598,,,,,,,,,,,,,,,,,,,,,,,,,,,,,142.0,16.638481,1.0000001e-07,142.0,16.638481,7.0,,,,,,,
142.0,16.578524,0.19486836,142.0,16.578524,0.19327681,,,,,,,,,,,,,,,,,,,,,,,,,,,,,,,,,,,,,,,,,,,,,,,,,,,,,,,,,,,,,142.0,16.578524,0.009232853,142.0,16.578524,-0.42893812,,,,,,,,,,,,,,,,,142.0,16.66846,0.13475747,142.0,16.66846,0.015025298,,,,,,,,,,,,,,,,,,,,,,,,,,,,,142.0,16.66846,1.0000001e-07,142.0,16.66846,7.0,,,,,,,
142.0,16.608501,0.19370817,142.0,16.608501,0.19460064,,,,,,,,,,,,,,,,,,,,,,,,,,,,,,,,,,,,,,,,,,,,,,,,,,,,,,,,,,,,,142.0,16.608501,-0.21958534,142.0,16.608501,-0.17137884,,,,,,,,,,,,,,,,,142.0,16.69844,-0.09713131,142.0,16.69844,-0.026826072,,,,,,,,,,,,,,,,,,,,,,,,,,,,,142.0,16.69844,1.0000001e-07,142.0,16.69844,7.0,,,,,,,
142.0,16.638481,0.1957608,142.0,16.638481,0.19692102,,,,,,,,,,,,,,,,,,,,,,,,,,,,,,,,,,,,,,,,,,,,,,,,,,,,,,,,,,,,,142.0,16.638481,0.13449362,142.0,16.638481,0.21810055,,,,,,,,,,,,,,,,,142.0,16.72842,0.037844244,142.0,16.72842,-0.06257119,,,,,,,,,,,,,,,,,,,,,,,,,,,,,142.0,16.72842,1.0000001e-07,142.0,16.72842,7.0,,,,,,,
142.0,16.66846,0.19689128,142.0,16.66846,0.19586495,,,,,,,,,,,,,,,,,,,,,,,,,,,,,,,,,,,,,,,,,,,,,,,,,,,,,,,,,,,,,142.0,16.66846,0.37321585,142.0,16.66846,0.06480464,,,,,,,,,,,,,,,,,142.0,16.758398,0.08581059,142.0,16.758398,-0.10377553,,,,,,,,,,,,,,,,,,,,,,,,,,,,,142.0,16.758398,1.0000001e-07,142.0,16.758398,7.0,,,,,,,
142.0,16.69844,0.19358918,142.0,16.69844,0.19529973,,,,,,,,,,,,,,,,,,,,,,,,,,,,,,,,,,,,,,,,,,,,,,,,,,,,,,,,,,,,,142.0,16.69844,-0.26088536,142.0,16.69844,-0.070971094,,,,,,,,,,,,,,,,,142.0,16.788378,0.0043310355,142.0,16.788378,-0.048303816,,,,,,,,,,,,,,,,,,,,,,,,,,,,,142.0,16.788378,1.0000001e-07,142.0,16.788378,7.0,,,,,,,
142.0,16.728418,0.19546333,142.0,16.728418,0.19479397,,,,,,,,,,,,,,,,,,,,,,,,,,,,,,,,,,,,,,,,,,,,,,,,,,,,,,,,,,,,,142.0,16.728418,0.07498687,142.0,16.728418,-0.14027873,,,,,,,,,,,,,,,,,142.0,16.818357,0.027227448,142.0,16.818357,-0.06591329,,,,,,,,,,,,,,,,,,,,,,,,,,,,,142.0,16.818357,1.0000001e-07,142.0,16.818357,7.0,,,,,,,
142.0,16.758398,0.19611782,142.0,16.758398,0.1942139,,,,,,,,,,,,,,,,,,,,,,,,,,,,,,,,,,,,,,,,,,,,,,,,,,,,,,,,,,,,,142.0,16.758398,0.23927845,142.0,16.758398,-0.27730405,,,,,,,,,,,,,,,,,142.0,16.848337,-0.06842449,142.0,16.848337,0.076163545,,,,,,,,,,,,,,,,,,,,,,,,,,,,,142.0,16.848337,1.0000001e-07,142.0,16.848337,7.0,,,,,,,
142.0,16.788378,0.19500224,142.0,16.788378,0.19498736,,,,,,,,,,,,,,,,,,,,,,,,,,,,,,,,,,,,,,,,,,,,,,,,,,,,,,,,,,,,,142.0,16.788378,0.01719514,142.0,16.788378,-0.104547635,,,,,,,,,,,,,,,,,142.0,16.878315,0.13322623,142.0,16.878315,0.16955346,,,,,,,,,,,,,,,,,,,,,,,,,,,,,142.0,16.878315,1.0000001e-07,142.0,16.878315,7.0,,,,,,,
142.0,16.818357,0.1953592,142.0,16.818357,0.19476426,,,,,,,,,,,,,,,,,,,,,,,,,,,,,,,,,,,,,,,,,,,,,,,,,,,,,,,,,,,,,142.0,16.818357,0.09154534,142.0,16.818357,-0.15272371,,,,,,,,,,,,,,,,,142.0,16.908295,0.0083908755,142.0,16.908295,-0.064789504,,,,,,,,,,,,,,,,,,,,,,,,,,,,,142.0,16.908295,1.0000001e-07,142.0,16.908295,7.0,,,,,,,
142.0,16.848335,0.19390155,142.0,16.848335,0.19678715,,,,,,,,,,,,,,,,,,,,,,,,,,,,,,,,,,,,,,,,,,,,,,,,,,,,,,,,,,,,,142.0,16.848335,-0.16219757,142.0,16.848335,0.20840621,,,,,,,,,,,,,,,,,142.0,16.938274,-0.02005514,142.0,16.938274,0.0025465754,,,,,,,,,,,,,,,,,,,,,,,,,,,,,142.0,16.938274,1.0000001e-07,142.0,16.938274,7.0,,,,,,,
142.0,16.878315,0.19686152,142.0,16.878315,0.19808123,,,,,,,,,,,,,,,,,,,,,,,,,,,,,,,,,,,,,,,,,,,,,,,,,,,,,,,,,,,,,142.0,16.878315,0.3463375,142.0,16.878315,0.462884,,,,,,,,,,,,,,,,,142.0,16.968254,0.17235367,142.0,16.968254,-0.11568383,,,,,,,,,,,,,,,,,,,,,,,,,,,,,142.0,16.968254,1.0000001e-07,142.0,16.968254,7.0,,,,,,,
142.0,16.908295,0.1950171,142.0,16.908295,0.194794,,,,,,,,,,,,,,,,,,,,,,,,,,,,,,,,,,,,,,,,,,,,,,,,,,,,,,,,,,,,,142.0,16.908295,0.010131074,142.0,16.908295,-0.19258913,,,,,,,,,,,,,,,,,142.0,16.998232,0.007929206,142.0,16.998232,0.108480714,,,,,,,,,,,,,,,,,,,,,,,,,,,,,142.0,16.998232,1.0000001e-07,142.0,16.998232,7.0,,,,,,,
142.0,16.938274,0.19467501,142.0,16.938274,0.19573107,,,,,,,,,,,,,,,,,,,,,,,,,,,,,,,,,,,,,,,,,,,,,,,,,,,,,,,,,,,,,142.0,16.938274,-0.0592056,142.0,16.938274,0.0503442,,,,,,,,,,,,,,,,,142.0,17.028212,-0.11942419,142.0,17.028212,0.018190864,,,,,,,,,,,,,,,,,,,,,,,,,,,,,142.0,17.028212,1.0000001e-07,142.0,17.028212,7.0,,,,,,,
142.0,16.968252,0.1973375,142.0,16.968252,0.19412464,,,,,,,,,,,,,,,,,,,,,,,,,,,,,,,,,,,,,,,,,,,,,,,,,,,,,,,,,,,,,142.0,16.968252,0.44917092,142.0,16.968252,-0.27334538,,,,,,,,,,,,,,,,,142.0,17.058191,0.17794754,142.0,17.058191,0.05780326,,,,,,,,,,,,,,,,,,,,,,,,,,,,,142.0,17.058191,1.0000001e-07,142.0,17.058191,7.0,,,,,,,
142.0,16.998232,0.1950766,142.0,16.998232,0.19720362,,,,,,,,,,,,,,,,,,,,,,,,,,,,,,,,,,,,,,,,,,,,,,,,,,,,,,,,,,,,,142.0,16.998232,0.0141558545,142.0,16.998232,0.2854518,,,,,,,,,,,,,,,,,142.0,17.088171,0.022801654,142.0,17.088171,-0.081638545,,,,,,,,,,,,,,,,,,,,,,,,,,,,,142.0,17.088171,1.0000001e-07,142.0,17.088171,7.0,,,,,,,
142.0,17.028212,0.19327681,142.0,17.028212,0.19593932,,,,,,,,,,,,,,,,,,,,,,,,,,,,,,,,,,,,,,,,,,,,,,,,,,,,,,,,,,,,,142.0,17.028212,-0.32656145,142.0,17.028212,0.008470695,,,,,,,,,,,,,,,,,142.0,17.118149,-0.03888917,142.0,17.118149,0.2593809,,,,,,,,,,,,,,,,,,,,,,,,,,,,,142.0,17.118149,1.0000001e-07,142.0,17.118149,7.0,,,,,,,
142.0,17.058191,0.19742674,142.0,17.058191,0.19648966,,,,,,,,,,,,,,,,,,,,,,,,,,,,,,,,,,,,,,,,,,,,,,,,,,,,,,,,,,,,,142.0,17.058191,0.43641925,142.0,17.058191,0.14329876,,,,,,,,,,,,,,,,,142.0,17.148129,-0.05995454,142.0,17.148129,0.07521316,,,,,,,,,,,,,,,,,,,,,,,,,,,,,142.0,17.148129,1.0000001e-07,142.0,17.148129,7.0,,,,,,,
142.0,17.088171,0.1952551,142.0,17.088171,0.194556,,,,,,,,,,,,,,,,,,,,,,,,,,,,,,,,,,,,,,,,,,,,,,,,,,,,,,,,,,,,,142.0,17.088171,0.04520728,142.0,17.088171,-0.25525415,,,,,,,,,,,,,,,,,142.0,17.178108,0.18340223,142.0,17.178108,0.020008633,,,,,,,,,,,,,,,,,,,,,,,,,,,,,142.0,17.178108,1.0000001e-07,142.0,17.178108,7.0,,,,,,,
142.0,17.118149,0.19440727,142.0,17.118149,0.19928603,,,,,,,,,,,,,,,,,,,,,,,,,,,,,,,,,,,,,,,,,,,,,,,,,,,,,,,,,,,,,142.0,17.118149,-0.07213406,142.0,17.118149,0.66469646,,,,,,,,,,,,,,,,,142.0,17.208088,-0.23299357,142.0,17.208088,0.31092262,,,,,,,,,,,,,,,,,,,,,,,,,,,,,142.0,17.208088,1.0000001e-07,142.0,17.208088,7.0,,,,,,,
142.0,17.148129,0.19418412,142.0,17.148129,0.19671279,,,,,,,,,,,,,,,,,,,,,,,,,,,,,,,,,,,,,,,,,,,,,,,,,,,,,,,,,,,,,142.0,17.148129,-0.16121762,142.0,17.148129,0.18797085,,,,,,,,,,,,,,,,,142.0,17.238066,-0.108160645,142.0,17.238066,-0.016247565,,,,,,,,,,,,,,,,,,,,,,,,,,,,,142.0,17.238066,1.0000001e-07,142.0,17.238066,7.0,,,,,,,
142.0,17.178108,0.19742674,142.0,17.178108,0.19596906,,,,,,,,,,,,,,,,,,,,,,,,,,,,,,,,,,,,,,,,,,,,,,,,,,,,,,,,,,,,,142.0,17.178108,0.44317678,142.0,17.178108,0.10725654,,,,,,,,,,,,,,,,,142.0,17.268045,-0.20516258,142.0,17.268045,0.11728295,,,,,,,,,,,,,,,,,,,,,,,,,,,,,142.0,17.268045,1.0000001e-07,142.0,17.268045,7.0,,,,,,,
142.0,17.208088,0.19178937,142.0,17.208088,0.199881,,,,,,,,,,,,,,,,,,,,,,,,,,,,,,,,,,,,,,,,,,,,,,,,,,,,,,,,,,,,,142.0,17.208088,-0.54088795,142.0,17.208088,0.7695428,,,,,,,,,,,,,,,,,142.0,17.298025,-0.17165542,142.0,17.298025,0.07192818,,,,,,,,,,,,,,,,,,,,,,,,,,,,,142.0,17.298025,1.0000001e-07,142.0,17.298025,7.0,,,,,,,
142.0,17.238066,0.19352968,142.0,17.238066,0.19549309,,,,,,,,,,,,,,,,,,,,,,,,,,,,,,,,,,,,,,,,,,,,,,,,,,,,,,,,,,,,,142.0,17.238066,-0.28309047,142.0,17.238066,-0.030669637,,,,,,,,,,,,,,,,,142.0,17.328005,-0.13505657,142.0,17.328005,0.05157285,,,,,,,,,,,,,,,,,,,,,,,,,,,,,142.0,17.328005,1.0000001e-07,142.0,17.328005,7.0,,,,,,,
142.0,17.268045,0.19220586,142.0,17.268045,0.19727801,,,,,,,,,,,,,,,,,,,,,,,,,,,,,,,,,,,,,,,,,,,,,,,,,,,,,,,,,,,,,142.0,17.268045,-0.45583805,142.0,17.268045,0.33639783,,,,,,,,,,,,,,,,,142.0,17.357983,0.14979896,142.0,17.357983,0.10913744,,,,,,,,,,,,,,,,,,,,,,,,,,,,,142.0,17.357983,1.0000001e-07,142.0,17.357983,7.0,,,,,,,
142.0,17.298025,0.19269672,142.0,17.298025,0.19665328,,,,,,,,,,,,,,,,,,,,,,,,,,,,,,,,,,,,,,,,,,,,,,,,,,,,,,,,,,,,,142.0,17.298025,-0.3817265,142.0,17.298025,0.15866448,,,,,,,,,,,,,,,,,142.0,17.387962,0.2123689,142.0,17.387962,0.020151885,,,,,,,,,,,,,,,,,,,,,,,,,,,,,142.0,17.387962,1.0000001e-07,142.0,17.387962,7.0,,,,,,,
142.0,17.328005,0.19312806,142.0,17.328005,0.19637068,,,,,,,,,,,,,,,,,,,,,,,,,,,,,,,,,,,,,,,,,,,,,,,,,,,,,,,,,,,,,142.0,17.328005,-0.32413134,142.0,17.328005,0.10347504,,,,,,,,,,,,,,,,,142.0,17.417942,0.10055572,142.0,17.417942,0.011610519,,,,,,,,,,,,,,,,,,,,,,,,,,,,,142.0,17.417942,1.0000001e-07,142.0,17.417942,7.0,,,,,,,
142.0,17.357983,0.19689125,142.0,17.357983,0.19714414,,,,,,,,,,,,,,,,,,,,,,,,,,,,,,,,,,,,,,,,,,,,,,,,,,,,,,,,,,,,,142.0,17.357983,0.36067134,142.0,17.357983,0.29424334,,,,,,,,,,,,,,,,,142.0,17.447922,0.08733809,142.0,17.447922,-0.13936488,,,,,,,,,,,,,,,,,,,,,,,,,,,,,142.0,17.447922,1.0000001e-07,142.0,17.447922,7.0,,,,,,,
142.0,17.387962,0.19772425,142.0,17.387962,0.19592445,,,,,,,,,,,,,,,,,,,,,,,,,,,,,,,,,,,,,,,,,,,,,,,,,,,,,,,,,,,,,142.0,17.387962,0.54448354,142.0,17.387962,0.080966905,,,,,,,,,,,,,,,,,142.0,17.477901,-0.23332484,142.0,17.477901,0.082649,,,,,,,,,,,,,,,,,,,,,,,,,,,,,142.0,17.477901,1.0000001e-07,142.0,17.477901,7.0,,,,,,,
142.0,17.417942,0.19625168,142.0,17.417942,0.1958203,,,,,,,,,,,,,,,,,,,,,,,,,,,,,,,,,,,,,,,,,,,,,,,,,,,,,,,,,,,,,142.0,17.417942,0.29760787,142.0,17.417942,-0.04199399,,,,,,,,,,,,,,,,,142.0,17.50788,-0.067975424,142.0,17.50788,0.11949113,,,,,,,,,,,,,,,,,,,,,,,,,,,,,142.0,17.50788,1.0000001e-07,142.0,17.50788,7.0,,,,,,,
142.0,17.447922,0.1960583,142.0,17.447922,0.19388665,,,,,,,,,,,,,,,,,,,,,,,,,,,,,,,,,,,,,,,,,,,,,,,,,,,,,,,,,,,,,142.0,17.447922,0.23452926,142.0,17.447922,-0.29625198,,,,,,,,,,,,,,,,,142.0,17.537859,-0.19004072,142.0,17.537859,-0.10537115,,,,,,,,,,,,,,,,,,,,,,,,,,,,,142.0,17.537859,1.0000001e-07,142.0,17.537859,7.0,,,,,,,
142.0,17.4779,0.19184887,142.0,17.4779,0.19677228,,,,,,,,,,,,,,,,,,,,,,,,,,,,,,,,,,,,,,,,,,,,,,,,,,,,,,,,,,,,,142.0,17.4779,-0.55773664,142.0,17.4779,0.19912334,,,,,,,,,,,,,,,,,142.0,17.567839,0.035239354,142.0,17.567839,0.011584524,,,,,,,,,,,,,,,,,,,,,,,,,,,,,142.0,17.567839,1.0000001e-07,142.0,17.567839,7.0,,,,,,,
142.0,17.50788,0.19403541,142.0,17.50788,0.19726312,,,,,,,,,,,,,,,,,,,,,,,,,,,,,,,,,,,,,,,,,,,,,,,,,,,,,,,,,,,,,142.0,17.50788,-0.18915646,142.0,17.50788,0.25286472,,,,,,,,,,,,,,,,,142.0,17.597818,0.1850211,142.0,17.597818,0.1297441,,,,,,,,,,,,,,,,,,,,,,,,,,,,,142.0,17.597818,1.0000001e-07,142.0,17.597818,7.0,,,,,,,
142.0,17.537859,0.19253309,142.0,17.537859,0.19428827,,,,,,,,,,,,,,,,,,,,,,,,,,,,,,,,,,,,,,,,,,,,,,,,,,,,,,,,,,,,,142.0,17.537859,-0.4413985,142.0,17.537859,-0.21447855,,,,,,,,,,,,,,,,,142.0,17.627796,-0.26570272,142.0,17.627796,0.2078781,,,,,,,,,,,,,,,,,,,,,,,,,,,,,142.0,17.627796,1.0000001e-07,142.0,17.627796,7.0,,,,,,,
142.0,17.567839,0.19537407,142.0,17.567839,0.19580545,,,,,,,,,,,,,,,,,,,,,,,,,,,,,,,,,,,,,,,,,,,,,,,,,,,,,,,,,,,,,142.0,17.567839,0.0838805,142.0,17.567839,0.04698275,,,,,,,,,,,,,,,,,142.0,17.657776,-0.080419995,142.0,17.657776,0.23422626,,,,,,,,,,,,,,,,,,,,,,,,,,,,,142.0,17.657776,1.0000001e-07,142.0,17.657776,7.0,,,,,,,
142.0,17.597816,0.19732262,142.0,17.597816,0.19735236,,,,,,,,,,,,,,,,,,,,,,,,,,,,,,,,,,,,,,,,,,,,,,,,,,,,,,,,,,,,,142.0,17.597816,0.45780665,142.0,17.597816,0.32263073,,,,,,,,,,,,,,,,,142.0,17.687756,-0.24485731,142.0,17.687756,-0.23546097,,,,,,,,,,,,,,,,,,,,,,,,,,,,,142.0,17.687756,1.0000001e-07,142.0,17.687756,7.0,,,,,,,
142.0,17.627796,0.19152166,142.0,17.627796,0.19833408,,,,,,,,,,,,,,,,,,,,,,,,,,,,,,,,,,,,,,,,,,,,,,,,,,,,,,,,,,,,,142.0,17.627796,-0.6122702,142.0,17.627796,0.47851053,,,,,,,,,,,,,,,,,142.0,17.717735,0.3034054,142.0,17.717735,0.104098246,,,,,,,,,,,,,,,,,,,,,,,,,,,,,142.0,17.717735,1.0000001e-07,142.0,17.717735,7.0,,,,,,,
142.0,17.657776,0.19396104,142.0,17.657776,0.19864644,,,,,,,,,,,,,,,,,,,,,,,,,,,,,,,,,,,,,,,,,,,,,,,,,,,,,,,,,,,,,142.0,17.657776,-0.17582189,142.0,17.657776,0.58265674,,,,,,,,,,,,,,,,,142.0,17.747713,-0.08950487,142.0,17.747713,0.070778884,,,,,,,,,,,,,,,,,,,,,,,,,,,,,142.0,17.747713,1.0000001e-07,142.0,17.747713,7.0,,,,,,,
142.0,17.687756,0.1917745,142.0,17.687756,0.19263722,,,,,,,,,,,,,,,,,,,,,,,,,,,,,,,,,,,,,,,,,,,,,,,,,,,,,,,,,,,,,142.0,17.687756,-0.59378046,142.0,17.687756,-0.58381087,,,,,,,,,,,,,,,,,142.0,17.777693,0.19076964,142.0,17.777693,0.11769855,,,,,,,,,,,,,,,,,,,,,,,,,,,,,142.0,17.777693,1.0000001e-07,142.0,17.777693,7.0,,,,,,,
142.0,17.717733,0.19873567,142.0,17.717733,0.1969805,,,,,,,,,,,,,,,,,,,,,,,,,,,,,,,,,,,,,,,,,,,,,,,,,,,,,,,,,,,,,142.0,17.717733,0.70924914,142.0,17.717733,0.24677958,,,,,,,,,,,,,,,,,142.0,17.807673,0.073317,142.0,17.807673,0.01696588,,,,,,,,,,,,,,,,,,,,,,,,,,,,,142.0,17.807673,1.0000001e-07,142.0,17.807673,7.0,,,,,,,
142.0,17.747713,0.19382715,142.0,17.747713,0.19654915,,,,,,,,,,,,,,,,,,,,,,,,,,,,,,,,,,,,,,,,,,,,,,,,,,,,,,,,,,,,,142.0,17.747713,-0.16985016,142.0,17.747713,0.21339147,,,,,,,,,,,,,,,,,142.0,17.837652,0.06714202,142.0,17.837652,-0.13610715,,,,,,,,,,,,,,,,,,,,,,,,,,,,,142.0,17.837652,1.0000001e-07,142.0,17.837652,7.0,,,,,,,
142.0,17.777693,0.1973375,142.0,17.777693,0.19711438,,,,,,,,,,,,,,,,,,,,,,,,,,,,,,,,,,,,,,,,,,,,,,,,,,,,,,,,,,,,,142.0,17.777693,0.45713484,142.0,17.777693,0.303638,,,,,,,,,,,,,,,,,142.0,17.86763,-0.04168335,142.0,17.86763,0.3143713,,,,,,,,,,,,,,,,,,,,,,,,,,,,,142.0,17.86763,1.0000001e-07,142.0,17.86763,7.0,,,,,,,
142.0,17.807673,0.19589469,142.0,17.807673,0.19586493,,,,,,,,,,,,,,,,,,,,,,,,,,,,,,,,,,,,,,,,,,,,,,,,,,,,,,,,,,,,,142.0,17.807673,0.19730656,142.0,17.807673,0.026673555,,,,,,,,,,,,,,,,,142.0,17.89761,-0.022842474,142.0,17.89761,0.071022436,,,,,,,,,,,,,,,,,,,,,,,,,,,,,142.0,17.89761,1.0000001e-07,142.0,17.89761,7.0,,,,,,,
142.0,17.83765,0.19576083,142.0,17.83765,0.19399077,,,,,,,,,,,,,,,,,,,,,,,,,,,,,,,,,,,,,,,,,,,,,,,,,,,,,,,,,,,,,142.0,17.83765,0.18677174,142.0,17.83765,-0.33835825,,,,,,,,,,,,,,,,,142.0,17.92759,-0.024897749,142.0,17.92759,0.028565811,,,,,,,,,,,,,,,,,,,,,,,,,,,,,142.0,17.92759,1.0000001e-07,142.0,17.92759,7.0,,,,,,,
142.0,17.86763,0.194437,142.0,17.86763,0.19961327,,,,,,,,,,,,,,,,,,,,,,,,,,,,,,,,,,,,,,,,,,,,,,,,,,,,,,,,,,,,,142.0,17.86763,-0.050005145,142.0,17.86763,0.765215,,,,,,,,,,,,,,,,,142.0,17.95757,-0.23280345,142.0,17.95757,0.032355163,,,,,,,,,,,,,,,,,,,,,,,,,,,,,142.0,17.95757,1.0000001e-07,142.0,17.95757,7.0,,,,,,,
142.0,17.89761,0.19468985,142.0,17.89761,0.19656403,,,,,,,,,,,,,,,,,,,,,,,,,,,,,,,,,,,,,,,,,,,,,,,,,,,,,,,,,,,,,142.0,17.89761,-0.07837898,142.0,17.89761,0.14914773,,,,,,,,,,,,,,,,,142.0,17.987547,0.1257956,142.0,17.987547,-0.0506732,,,,,,,,,,,,,,,,,,,,,,,,,,,,,142.0,17.987547,1.0000001e-07,142.0,17.987547,7.0,,,,,,,
142.0,17.92759,0.19460061,142.0,17.92759,0.19604343,,,,,,,,,,,,,,,,,,,,,,,,,,,,,,,,,,,,,,,,,,,,,,,,,,,,,,,,,,,,,142.0,17.92759,-0.017291669,142.0,17.92759,0.10111482,,,,,,,,,,,,,,,,,142.0,18.017527,0.24498817,142.0,18.017527,-0.0011501544,,,,,,,,,,,,,,,,,,,,,,,,,,,,,142.0,18.017527,1.0000001e-07,142.0,18.017527,7.0,,,,,,,
142.0,17.95757,0.1920571,142.0,17.95757,0.19607319,,,,,,,,,,,,,,,,,,,,,,,,,,,,,,,,,,,,,,,,,,,,,,,,,,,,,,,,,,,,,142.0,17.95757,-0.59406465,142.0,17.95757,0.054244954,,,,,,,,,,,,,,,,,142.0,18.047506,-0.23364946,142.0,18.047506,0.24079007,,,,,,,,,,,,,,,,,,,,,,,,,,,,,142.0,18.047506,1.0000001e-07,142.0,18.047506,7.0,,,,,,,
142.0,17.987547,0.19648966,142.0,17.987547,0.19501711,,,,,,,,,,,,,,,,,,,,,,,,,,,,,,,,,,,,,,,,,,,,,,,,,,,,,,,,,,,,,142.0,17.987547,0.323463,142.0,17.987547,-0.123600096,,,,,,,,,,,,,,,,,142.0,18.077486,-0.23042236,142.0,18.077486,0.18957251,,,,,,,,,,,,,,,,,,,,,,,,,,,,,142.0,18.077486,1.0000001e-07,142.0,18.077486,7.0,,,,,,,
142.0,18.017527,0.19796222,142.0,18.017527,0.19568646,,,,,,,,,,,,,,,,,,,,,,,,,,,,,,,,,,,,,,,,,,,,,,,,,,,,,,,,,,,,,142.0,18.017527,0.5881899,142.0,18.017527,0.015572674,,,,,,,,,,,,,,,,,142.0,18.107464,0.050445862,142.0,18.107464,0.02954326,,,,,,,,,,,,,,,,,,,,,,,,,,,,,142.0,18.107464,1.0000001e-07,142.0,18.107464,7.0,,,,,,,
142.0,18.047506,0.19204225,142.0,18.047506,0.1986167,,,,,,,,,,,,,,,,,,,,,,,,,,,,,,,,,,,,,,,,,,,,,,,,,,,,,,,,,,,,,142.0,18.047506,-0.5221835,142.0,18.047506,0.55219555,,,,,,,,,,,,,,,,,142.0,18.137444,-0.027999183,142.0,18.137444,-0.021107621,,,,,,,,,,,,,,,,,,,,,,,,,,,,,142.0,18.137444,1.0000001e-07,142.0,18.137444,7.0,,,,,,,
142.0,18.077486,0.19222073,142.0,18.077486,0.19794735,,,,,,,,,,,,,,,,,,,,,,,,,,,,,,,,,,,,,,,,,,,,,,,,,,,,,,,,,,,,,142.0,18.077486,-0.5047643,142.0,18.077486,0.48349825,,,,,,,,,,,,,,,,,142.0,18.167423,-0.2549002,142.0,18.167423,-0.025962846,,,,,,,,,,,,,,,,,,,,,,,,,,,,,142.0,18.167423,1.0000001e-07,142.0,18.167423,7.0,,,,,,,
142.0,18.107464,0.19552284,142.0,18.107464,0.19608805,,,,,,,,,,,,,,,,,,,,,,,,,,,,,,,,,,,,,,,,,,,,,,,,,,,,,,,,,,,,,142.0,18.107464,0.12798353,142.0,18.107464,0.06925327,,,,,,,,,,,,,,,,,142.0,18.197403,0.033785887,142.0,18.197403,-0.044416837,,,,,,,,,,,,,,,,,,,,,,,,,,,,,142.0,18.197403,1.0000001e-07,142.0,18.197403,7.0,,,,,,,
142.0,18.137444,0.19458576,142.0,18.137444,0.19547822,,,,,,,,,,,,,,,,,,,,,,,,,,,,,,,,,,,,,,,,,,,,,,,,,,,,,,,,,,,,,142.0,18.137444,-0.077168226,142.0,18.137444,-0.061403885,,,,,,,,,,,,,,,,,142.0,18.22738,-0.049193766,142.0,18.22738,-0.19130999,,,,,,,,,,,,,,,,,,,,,,,,,,,,,142.0,18.22738,1.0000001e-07,142.0,18.22738,7.0,,,,,,,
142.0,18.167423,0.19186375,142.0,18.167423,0.19532947,,,,,,,,,,,,,,,,,,,,,,,,,,,,,,,,,,,,,,,,,,,,,,,,,,,,,,,,,,,,,142.0,18.167423,-0.5806915,142.0,18.167423,-0.077619605,,,,,,,,,,,,,,,,,142.0,18.25736,-0.09066064,142.0,18.25736,-0.22746515,,,,,,,,,,,,,,,,,,,,,,,,,,,,,142.0,18.25736,1.0000001e-07,142.0,18.25736,7.0,,,,,,,
142.0,18.197403,0.19538896,142.0,18.197403,0.1951361,,,,,,,,,,,,,,,,,,,,,,,,,,,,,,,,,,,,,,,,,,,,,,,,,,,,,,,,,,,,,142.0,18.197403,0.11407027,142.0,18.197403,-0.11295239,,,,,,,,,,,,,,,,,142.0,18.28734,0.029529857,142.0,18.28734,-0.116382875,,,,,,,,,,,,,,,,,,,,,,,,,,,,,142.0,18.28734,1.0000001e-07,142.0,18.28734,7.0,,,,,,,
142.0,18.22738,0.19428825,142.0,18.22738,0.19333631,,,,,,,,,,,,,,,,,,,,,,,,,,,,,,,,,,,,,,,,,,,,,,,,,,,,,,,,,,,,,142.0,18.22738,-0.09623803,142.0,18.22738,-0.430215,,,,,,,,,,,,,,,,,142.0,18.31732,-0.03463412,142.0,18.31732,0.11089662,,,,,,,,,,,,,,,,,,,,,,,,,,,,,142.0,18.31732,1.0000001e-07,142.0,18.31732,7.0,,,,,,,
142.0,18.25736,0.19382715,142.0,18.25736,0.19296445,,,,,,,,,,,,,,,,,,,,,,,,,,,,,,,,,,,,,,,,,,,,,,,,,,,,,,,,,,,,,142.0,18.25736,-0.20876971,142.0,18.25736,-0.51312804,,,,,,,,,,,,,,,,,142.0,18.3473,0.063002855,142.0,18.3473,0.089810625,,,,,,,,,,,,,,,,,,,,,,,,,,,,,142.0,18.3473,1.0000001e-07,142.0,18.3473,7.0,,,,,,,
142.0,18.28734,0.19534434,142.0,18.28734,0.1942734,,,,,,,,,,,,,,,,,,,,,,,,,,,,,,,,,,,,,,,,,,,,,,,,,,,,,,,,,,,,,142.0,18.28734,0.06856632,142.0,18.28734,-0.2239906,,,,,,,,,,,,,,,,,142.0,18.377277,-0.031884164,142.0,18.377277,-0.06393759,,,,,,,,,,,,,,,,,,,,,,,,,,,,,142.0,18.377277,1.0000001e-07,142.0,18.377277,7.0,,,,,,,
142.0,18.31732,0.19452627,142.0,18.31732,0.196921,,,,,,,,,,,,,,,,,,,,,,,,,,,,,,,,,,,,,,,,,,,,,,,,,,,,,,,,,,,,,142.0,18.31732,-0.069403656,142.0,18.31732,0.16232798,,,,,,,,,,,,,,,,,142.0,18.407257,0.08979463,142.0,18.407257,-0.022733629,,,,,,,,,,,,,,,,,,,,,,,,,,,,,142.0,18.407257,1.0000001e-07,142.0,18.407257,7.0,,,,,,,
142.0,18.347298,0.1957162,142.0,18.347298,0.19678715,,,,,,,,,,,,,,,,,,,,,,,,,,,,,,,,,,,,,,,,,,,,,,,,,,,,,,,,,,,,,142.0,18.347298,0.06050573,142.0,18.347298,0.1563348,,,,,,,,,,,,,,,,,142.0,18.437237,0.07278779,142.0,18.437237,0.026818816,,,,,,,,,,,,,,,,,,,,,,,,,,,,,142.0,18.437237,1.0000001e-07,142.0,18.437237,7.0,,,,,,,
142.0,18.377277,0.19449648,142.0,18.377277,0.1948981,,,,,,,,,,,,,,,,,,,,,,,,,,,,,,,,,,,,,,,,,,,,,,,,,,,,,,,,,,,,,142.0,18.377277,-0.041232426,142.0,18.377277,-0.14950967,,,,,,,,,,,,,,,,,142.0,18.467216,-0.019053208,142.0,18.467216,-0.33515418,,,,,,,,,,,,,,,,,,,,,,,,,,,,,142.0,18.467216,1.0000001e-07,142.0,18.467216,7.0,,,,,,,
142.0,18.407257,0.19596907,142.0,18.407257,0.19540384,,,,,,,,,,,,,,,,,,,,,,,,,,,,,,,,,,,,,,,,,,,,,,,,,,,,,,,,,,,,,142.0,18.407257,0.26097566,142.0,18.407257,-0.015480955,,,,,,,,,,,,,,,,,142.0,18.497194,-0.22331725,142.0,18.497194,-0.43440717,,,,,,,,,,,,,,,,,,,,,,,,,,,,,142.0,18.497194,1.0000001e-07,142.0,18.497194,7.0,,,,,,,
142.0,18.437237,0.19580545,142.0,18.437237,0.19596905,,,,,,,,,,,,,,,,,,,,,,,,,,,,,,,,,,,,,,,,,,,,,,,,,,,,,,,,,,,,,142.0,18.437237,0.15348026,142.0,18.437237,0.02658113,,,,,,,,,,,,,,,,,142.0,18.527174,0.21967492,142.0,18.527174,0.11988473,,,,,,,,,,,,,,,,,,,,,,,,,,,,,142.0,18.527174,1.0000001e-07,142.0,18.527174,7.0,,,,,,,
142.0,18.467215,0.19468987,142.0,18.467215,0.19174474,,,,,,,,,,,,,,,,,,,,,,,,,,,,,,,,,,,,,,,,,,,,,,,,,,,,,,,,,,,,,142.0,18.467215,-0.06329995,142.0,18.467215,-0.67644286,,,,,,,,,,,,,,,,,142.0,18.557154,-0.016538166,142.0,18.557154,0.04901921,,,,,,,,,,,,,,,,,,,,,,,,,,,,,142.0,18.557154,1.0000001e-07,142.0,18.557154,7.0,,,,,,,
142.0,18.497194,0.19232485,142.0,18.497194,0.19064406,,,,,,,,,,,,,,,,,,,,,,,,,,,,,,,,,,,,,,,,,,,,,,,,,,,,,,,,,,,,,142.0,18.497194,-0.5047653,142.0,18.497194,-0.95923585,,,,,,,,,,,,,,,,,142.0,18.587133,0.07305045,142.0,18.587133,0.037804738,,,,,,,,,,,,,,,,,,,,,,,,,,,,,142.0,18.587133,1.0000001e-07,142.0,18.587133,7.0,,,,,,,
142.0,18.527174,0.19744161,142.0,18.527174,0.19711438,,,,,,,,,,,,,,,,,,,,,,,,,,,,,,,,,,,,,,,,,,,,,,,,,,,,,,,,,,,,,142.0,18.527174,0.4286768,142.0,18.527174,0.26593,,,,,,,,,,,,,,,,,142.0,18.617111,-0.029178113,142.0,18.617111,-0.012422919,,,,,,,,,,,,,,,,,,,,,,,,,,,,,142.0,18.617111,1.0000001e-07,142.0,18.617111,7.0,,,,,,,
142.0,18.557154,0.1947345,142.0,18.557154,0.1962368,,,,,,,,,,,,,,,,,,,,,,,,,,,,,,,,,,,,,,,,,,,,,,,,,,,,,,,,,,,,,142.0,18.557154,-0.03746363,142.0,18.557154,0.081756756,,,,,,,,,,,,,,,,,142.0,18.64709,-0.0043670335,142.0,18.64709,0.038423855,,,,,,,,,,,,,,,,,,,,,,,,,,,,,142.0,18.64709,1.0000001e-07,142.0,18.64709,7.0,,,,,,,
142.0,18.587132,0.1958203,142.0,18.587132,0.19611782,,,,,,,,,,,,,,,,,,,,,,,,,,,,,,,,,,,,,,,,,,,,,,,,,,,,,,,,,,,,,142.0,18.587132,0.15386945,142.0,18.587132,0.085889034,,,,,,,,,,,,,,,,,142.0,18.67707,-0.09295659,142.0,18.67707,-0.2176197,,,,,,,,,,,,,,,,,,,,,,,,,,,,,142.0,18.67707,1.0000001e-07,142.0,18.67707,7.0,,,,,,,
142.0,18.617111,0.19466013,142.0,18.617111,0.19556744,,,,,,,,,,,,,,,,,,,,,,,,,,,,,,,,,,,,,,,,,,,,,,,,,,,,,,,,,,,,,142.0,18.617111,-0.037385408,142.0,18.617111,-0.04678101,,,,,,,,,,,,,,,,,142.0,18.70705,0.10801492,142.0,18.70705,-0.10356326,,,,,,,,,,,,,,,,,,,,,,,,,,,,,142.0,18.70705,1.0000001e-07,142.0,18.70705,7.0,,,,,,,
142.0,18.64709,0.19485348,142.0,18.64709,0.19610292,,,,,,,,,,,,,,,,,,,,,,,,,,,,,,,,,,,,,,,,,,,,,,,,,,,,,,,,,,,,,142.0,18.64709,-0.0055773654,142.0,18.64709,0.08293642,,,,,,,,,,,,,,,,,142.0,18.737028,0.20222163,142.0,18.737028,-0.048237085,,,,,,,,,,,,,,,,,,,,,,,,,,,,,142.0,18.737028,1.0000001e-07,142.0,18.737028,7.0,,,,,,,
142.0,18.67707,0.1938569,142.0,18.67707,0.19324708,,,,,,,,,,,,,,,,,,,,,,,,,,,,,,,,,,,,,,,,,,,,,,,,,,,,,,,,,,,,,142.0,18.67707,-0.21579485,142.0,18.67707,-0.45260307,,,,,,,,,,,,,,,,,142.0,18.767008,-0.060738225,142.0,18.767008,0.066391386,,,,,,,,,,,,,,,,,,,,,,,,,,,,,142.0,18.767008,1.0000001e-07,142.0,18.767008,7.0,,,,,,,
142.0,18.707048,0.1962814,142.0,18.707048,0.19446677,,,,,,,,,,,,,,,,,,,,,,,,,,,,,,,,,,,,,,,,,,,,,,,,,,,,,,,,,,,,,142.0,18.707048,0.25365713,142.0,18.707048,-0.22056597,,,,,,,,,,,,,,,,,142.0,18.796988,0.007076788,142.0,18.796988,0.102476865,,,,,,,,,,,,,,,,,,,,,,,,,,,,,142.0,18.796988,1.0000001e-07,142.0,18.796988,7.0,,,,,,,
142.0,18.737028,0.19723338,142.0,18.737028,0.19512124,,,,,,,,,,,,,,,,,,,,,,,,,,,,,,,,,,,,,,,,,,,,,,,,,,,,,,,,,,,,,142.0,18.737028,0.43015775,142.0,18.737028,-0.11697045,,,,,,,,,,,,,,,,,142.0,18.826967,-0.06741697,142.0,18.826967,-0.002243108,,,,,,,,,,,,,,,,,,,,,,,,,,,,,142.0,18.826967,1.0000001e-07,142.0,18.826967,7.0,,,,,,,
142.0,18.767008,0.194318,142.0,18.767008,0.19641528,,,,,,,,,,,,,,,,,,,,,,,,,,,,,,,,,,,,,,,,,,,,,,,,,,,,,,,,,,,,,142.0,18.767008,-0.08894356,142.0,18.767008,0.16413423,,,,,,,,,,,,,,,,,142.0,18.856945,-0.43250486,142.0,18.856945,0.2771057,,,,,,,,,,,,,,,,,,,,,,,,,,,,,142.0,18.856945,1.0000001e-07,142.0,18.856945,7.0,,,,,,,
142.0,18.796988,0.19500223,142.0,18.796988,0.19678715,,,,,,,,,,,,,,,,,,,,,,,,,,,,,,,,,,,,,,,,,,,,,,,,,,,,,,,,,,,,,142.0,18.796988,0.053534728,142.0,18.796988,0.23550555,,,,,,,,,,,,,,,,,142.0,18.886925,0.098539196,142.0,18.886925,0.017189184,,,,,,,,,,,,,,,,,,,,,,,,,,,,,142.0,18.886925,1.0000001e-07,142.0,18.886925,7.0,,,,,,,
142.0,18.826967,0.19416927,142.0,18.826967,0.19567157,,,,,,,,,,,,,,,,,,,,,,,,,,,,,,,,,,,,,,,,,,,,,,,,,,,,,,,,,,,,,142.0,18.826967,-0.12770945,142.0,18.826967,0.020304402,,,,,,,,,,,,,,,,,142.0,18.916904,-0.029665457,142.0,18.916904,0.49188593,,,,,,,,,,,,,,,,,,,,,,,,,,,,,142.0,18.916904,1.0000001e-07,142.0,18.916904,7.0,,,,,,,
142.0,18.856945,0.1900342,142.0,18.856945,0.1987208,,,,,,,,,,,,,,,,,,,,,,,,,,,,,,,,,,,,,,,,,,,,,,,,,,,,,,,,,,,,,142.0,18.856945,-0.9198054,142.0,18.856945,0.56550705,,,,,,,,,,,,,,,,,142.0,18.946884,-0.013740288,142.0,18.946884,0.09420273,,,,,,,,,,,,,,,,,,,,,,,,,,,,,142.0,18.946884,1.0000001e-07,142.0,18.946884,7.0,,,,,,,
142.0,18.886925,0.19604343,142.0,18.886925,0.19583519,,,,,,,,,,,,,,,,,,,,,,,,,,,,,,,,,,,,,,,,,,,,,,,,,,,,,,,,,,,,,142.0,18.886925,0.21081676,142.0,18.886925,0.07219553,,,,,,,,,,,,,,,,,142.0,18.976862,-0.24410118,142.0,18.976862,-0.21053681,,,,,,,,,,,,,,,,,,,,,,,,,,,,,142.0,18.976862,1.0000001e-07,142.0,18.976862,7.0,,,,,,,
142.0,18.916904,0.19457088,142.0,18.916904,0.2011602,,,,,,,,,,,,,,,,,,,,,,,,,,,,,,,,,,,,,,,,,,,,,,,,,,,,,,,,,,,,,142.0,18.916904,-0.00020715926,142.0,18.916904,0.992953,,,,,,,,,,,,,,,,,142.0,19.006842,0.10556538,142.0,19.006842,0.08166007,,,,,,,,,,,,,,,,,,,,,,,,,,,,,142.0,19.006842,1.0000001e-07,142.0,19.006842,7.0,,,,,,,
142.0,18.946884,0.19482374,142.0,18.946884,0.19675739,,,,,,,,,,,,,,,,,,,,,,,,,,,,,,,,,,,,,,,,,,,,,,,,,,,,,,,,,,,,,142.0,18.946884,-0.017018937,142.0,18.946884,0.18726645,,,,,,,,,,,,,,,,,142.0,19.036821,-0.048431277,142.0,19.036821,-0.12893565,,,,,,,,,,,,,,,,,,,,,,,,,,,,,142.0,19.036821,1.0000001e-07,142.0,19.036821,7.0,,,,,,,
142.0,18.976862,0.19217612,142.0,18.976862,0.19336605,,,,,,,,,,,,,,,,,,,,,,,,,,,,,,,,,,,,,,,,,,,,,,,,,,,,,,,,,,,,,142.0,18.976862,-0.51893723,142.0,18.976862,-0.46723795,,,,,,,,,,,,,,,,,142.0,19.066801,-0.14297757,142.0,19.066801,0.010652012,,,,,,,,,,,,,,,,,,,,,,,,,,,,,142.0,19.066801,1.0000001e-07,142.0,19.066801,7.0,,,,,,,
142.0,19.006842,0.19613269,142.0,19.006842,0.19651942,,,,,,,,,,,,,,,,,,,,,,,,,,,,,,,,,,,,,,,,,,,,,,,,,,,,,,,,,,,,,142.0,19.006842,0.26238364,142.0,19.006842,0.16241385,,,,,,,,,,,,,,,,,142.0,19.096779,-0.34882042,142.0,19.096779,-0.053867072,,,,,,,,,,,,,,,,,,,,,,,,,,,,,142.0,19.096779,1.0000001e-07,142.0,19.096779,7.0,,,,,,,
142.0,19.036821,0.19440727,142.0,19.036821,0.19428827,,,,,,,,,,,,,,,,,,,,,,,,,,,,,,,,,,,,,,,,,,,,,,,,,,,,,,,,,,,,,142.0,19.036821,-0.12065028,142.0,19.036821,-0.24477124,,,,,,,,,,,,,,,,,142.0,19.126759,-0.30792484,142.0,19.126759,0.062906526,,,,,,,,,,,,,,,,,,,,,,,,,,,,,142.0,19.126759,1.0000001e-07,142.0,19.126759,7.0,,,,,,,
142.0,19.066801,0.19336607,142.0,19.066801,0.1957608,,,,,,,,,,,,,,,,,,,,,,,,,,,,,,,,,,,,,,,,,,,,,,,,,,,,,,,,,,,,,142.0,19.066801,-0.25950253,142.0,19.066801,0.055044334,,,,,,,,,,,,,,,,,142.0,19.156738,-0.15519877,142.0,19.156738,0.088347375,,,,,,,,,,,,,,,,,,,,,,,,,,,,,142.0,19.156738,1.0000001e-07,142.0,19.156738,7.0,,,,,,,
142.0,19.096779,0.19110519,142.0,19.096779,0.19512123,,,,,,,,,,,,,,,,,,,,,,,,,,,,,,,,,,,,,,,,,,,,,,,,,,,,,,,,,,,,,142.0,19.096779,-0.71596026,142.0,19.096779,-0.10249278,,,,,,,,,,,,,,,,,142.0,19.186718,-0.08758134,142.0,19.186718,-0.008091621,,,,,,,,,,,,,,,,,,,,,,,,,,,,,142.0,19.186718,1.0000001e-07,142.0,19.186718,7.0,,,,,,,
142.0,19.126759,0.19159602,142.0,19.126759,0.19628142,,,,,,,,,,,,,,,,,,,,,,,,,,,,,,,,,,,,,,,,,,,,,,,,,,,,,,,,,,,,,142.0,19.126759,-0.66149676,142.0,19.126759,0.10740254,,,,,,,,,,,,,,,,,142.0,19.216698,-0.42241806,142.0,19.216698,-0.15161404,,,,,,,,,,,,,,,,,,,,,,,,,,,,,142.0,19.216698,1.0000001e-07,142.0,19.216698,7.0,,,,,,,
142.0,19.156738,0.1932322,142.0,19.156738,0.19668303,,,,,,,,,,,,,,,,,,,,,,,,,,,,,,,,,,,,,,,,,,,,,,,,,,,,,,,,,,,,,142.0,19.156738,-0.29727462,142.0,19.156738,0.25139832,,,,,,,,,,,,,,,,,142.0,19.246675,-0.022831492,142.0,19.246675,-0.0109865,,,,,,,,,,,,,,,,,,,,,,,,,,,,,142.0,19.246675,1.0000001e-07,142.0,19.246675,7.0,,,,,,,
142.0,19.186718,0.19396104,142.0,19.186718,0.19559719,,,,,,,,,,,,,,,,,,,,,,,,,,,,,,,,,,,,,,,,,,,,,,,,,,,,,,,,,,,,,142.0,19.186718,-0.17793158,142.0,19.186718,0.02259754,,,,,,,,,,,,,,,,,142.0,19.276655,-0.21568243,142.0,19.276655,-0.0679354,,,,,,,,,,,,,,,,,,,,,,,,,,,,,142.0,19.276655,1.0000001e-07,142.0,19.276655,7.0,,,,,,,
142.0,19.216696,0.19040605,142.0,19.216696,0.19406515,,,,,,,,,,,,,,,,,,,,,,,,,,,,,,,,,,,,,,,,,,,,,,,,,,,,,,,,,,,,,142.0,19.216696,-0.79419017,142.0,19.216696,-0.2684887,,,,,,,,,,,,,,,,,142.0,19.306635,0.044810355,142.0,19.306635,-0.02767662,,,,,,,,,,,,,,,,,,,,,,,,,,,,,142.0,19.306635,1.0000001e-07,142.0,19.306635,7.0,,,,,,,
142.0,19.246675,0.19467501,142.0,19.246675,0.19558233,,,,,,,,,,,,,,,,,,,,,,,,,,,,,,,,,,,,,,,,,,,,,,,,,,,,,,,,,,,,,142.0,19.246675,-0.055806015,142.0,19.246675,-0.0055375164,,,,,,,,,,,,,,,,,142.0,19.336615,0.1474736,142.0,19.336615,-0.27221543,,,,,,,,,,,,,,,,,,,,,,,,,,,,,142.0,19.336615,1.0000001e-07,142.0,19.336615,7.0,,,,,,,
142.0,19.276655,0.19266696,142.0,19.276655,0.19497247,,,,,,,,,,,,,,,,,,,,,,,,,,,,,,,,,,,,,,,,,,,,,,,,,,,,,,,,,,,,,142.0,19.276655,-0.481166,142.0,19.276655,-0.13847157,,,,,,,,,,,,,,,,,142.0,19.366592,-0.01954112,142.0,19.366592,-0.10304132,,,,,,,,,,,,,,,,,,,,,,,,,,,,,142.0,19.366592,1.0000001e-07,142.0,19.366592,7.0,,,,,,,
142.0,19.306635,0.19540384,142.0,19.306635,0.19532947,,,,,,,,,,,,,,,,,,,,,,,,,,,,,,,,,,,,,,,,,,,,,,,,,,,,,,,,,,,,,142.0,19.306635,0.08147237,142.0,19.306635,-0.028996123,,,,,,,,,,,,,,,,,142.0,19.396572,-0.19362374,142.0,19.396572,0.063645825,,,,,,,,,,,,,,,,,,,,,,,,,,,,,142.0,19.396572,1.0000001e-07,142.0,19.396572,7.0,,,,,,,
142.0,19.336613,0.19640042,142.0,19.336613,0.19277109,,,,,,,,,,,,,,,,,,,,,,,,,,,,,,,,,,,,,,,,,,,,,,,,,,,,,,,,,,,,,142.0,19.336613,0.25825584,142.0,19.336613,-0.53056735,,,,,,,,,,,,,,,,,142.0,19.426552,-0.22552024,142.0,19.426552,-0.17076711,,,,,,,,,,,,,,,,,,,,,,,,,,,,,142.0,19.426552,1.0000001e-07,142.0,19.426552,7.0,,,,,,,
142.0,19.366592,0.19474937,142.0,19.366592,0.19452626,,,,,,,,,,,,,,,,,,,,,,,,,,,,,,,,,,,,,,,,,,,,,,,,,,,,,,,,,,,,,142.0,19.366592,-0.03707127,142.0,19.366592,-0.20938091,,,,,,,,,,,,,,,,,142.0,19.456532,-0.13145135,142.0,19.456532,-0.037116457,,,,,,,,,,,,,,,,,,,,,,,,,,,,,142.0,19.456532,1.0000001e-07,142.0,19.456532,7.0,,,,,,,
142.0,19.396572,0.19286032,142.0,19.396572,0.19640042,,,,,,,,,,,,,,,,,,,,,,,,,,,,,,,,,,,,,,,,,,,,,,,,,,,,,,,,,,,,,142.0,19.396572,-0.3904145,142.0,19.396572,0.14918348,,,,,,,,,,,,,,,,,142.0,19.48651,0.17660683,142.0,19.48651,-0.013750874,,,,,,,,,,,,,,,,,,,,,,,,,,,,,142.0,19.48651,1.0000001e-07,142.0,19.48651,7.0,,,,,,,
142.0,19.426552,0.19259259,142.0,19.426552,0.19394617,,,,,,,,,,,,,,,,,,,,,,,,,,,,,,,,,,,,,,,,,,,,,,,,,,,,,,,,,,,,,142.0,19.426552,-0.41212976,142.0,19.426552,-0.2885371,,,,,,,,,,,,,,,,,142.0,19.516489,-0.08181696,142.0,19.516489,0.09895197,,,,,,,,,,,,,,,,,,,,,,,,,,,,,142.0,19.516489,1.0000001e-07,142.0,19.516489,7.0,,,,,,,
142.0,19.45653,0.19358918,142.0,19.45653,0.19529971,,,,,,,,,,,,,,,,,,,,,,,,,,,,,,,,,,,,,,,,,,,,,,,,,,,,,,,,,,,,,142.0,19.45653,-0.27161774,142.0,19.45653,-0.08658125,,,,,,,,,,,,,,,,,142.0,19.546469,-0.113353066,142.0,19.546469,0.15748191,,,,,,,,,,,,,,,,,,,,,,,,,,,,,142.0,19.546469,1.0000001e-07,142.0,19.546469,7.0,,,,,,,
142.0,19.48651,0.19678715,142.0,19.48651,0.19549309,,,,,,,,,,,,,,,,,,,,,,,,,,,,,,,,,,,,,,,,,,,,,,,,,,,,,,,,,,,,,142.0,19.48651,0.406787,142.0,19.48651,-0.047313534,,,,,,,,,,,,,,,,,142.0,19.576448,0.012425065,142.0,19.576448,-0.05690076,,,,,,,,,,,,,,,,,,,,,,,,,,,,,142.0,19.576448,1.0000001e-07,142.0,19.576448,7.0,,,,,,,
142.0,19.516489,0.19403541,142.0,19.516489,0.19671278,,,,,,,,,,,,,,,,,,,,,,,,,,,,,,,,,,,,,,,,,,,,,,,,,,,,,,,,,,,,,142.0,19.516489,-0.15983617,142.0,19.516489,0.18605486,,,,,,,,,,,,,,,,,142.0,19.606426,-0.06963135,142.0,19.606426,0.30894864,,,,,,,,,,,,,,,,,,,,,,,,,,,,,142.0,19.606426,1.0000001e-07,142.0,19.606426,7.0,,,,,,,
142.0,19.546469,0.19373792,142.0,19.546469,0.19735238,,,,,,,,,,,,,,,,,,,,,,,,,,,,,,,,,,,,,,,,,,,,,,,,,,,,,,,,,,,,,142.0,19.546469,-0.18662947,142.0,19.546469,0.28328204,,,,,,,,,,,,,,,,,142.0,19.636406,-0.21757036,142.0,19.636406,0.2007161,,,,,,,,,,,,,,,,,,,,,,,,,,,,,142.0,19.636406,1.0000001e-07,142.0,19.636406,7.0,,,,,,,
142.0,19.576447,0.19504684,142.0,19.576447,0.19510634,,,,,,,,,,,,,,,,,,,,,,,,,,,,,,,,,,,,,,,,,,,,,,,,,,,,,,,,,,,,,142.0,19.576447,-0.018609498,142.0,19.576447,-0.09698258,,,,,,,,,,,,,,,,,142.0,19.666386,-0.46686903,142.0,19.666386,-0.18131226,,,,,,,,,,,,,,,,,,,,,,,,,,,,,142.0,19.666386,1.0000001e-07,142.0,19.666386,7.0,,,,,,,
142.0,19.606426,0.1942139,142.0,19.606426,0.19886953,,,,,,,,,,,,,,,,,,,,,,,,,,,,,,,,,,,,,,,,,,,,,,,,,,,,,,,,,,,,,142.0,19.606426,-0.0864158,142.0,19.606426,0.595446,,,,,,,,,,,,,,,,,142.0,19.696365,-0.30109322,142.0,19.696365,-0.09479882,,,,,,,,,,,,,,,,,,,,,,,,,,,,,142.0,19.696365,1.0000001e-07,142.0,19.696365,7.0,,,,,,,
142.0,19.636406,0.19266695,142.0,19.636406,0.19781347,,,,,,,,,,,,,,,,,,,,,,,,,,,,,,,,,,,,,,,,,,,,,,,,,,,,,,,,,,,,,142.0,19.636406,-0.4306183,142.0,19.636406,0.3899083,,,,,,,,,,,,,,,,,142.0,19.726343,0.06409115,142.0,19.726343,0.27142957,,,,,,,,,,,,,,,,,,,,,,,,,,,,,142.0,19.726343,1.0000001e-07,142.0,19.726343,7.0,,,,,,,
142.0,19.666386,0.1901086,142.0,19.666386,0.19379741,,,,,,,,,,,,,,,,,,,,,,,,,,,,,,,,,,,,,,,,,,,,,,,,,,,,,,,,,,,,,142.0,19.666386,-0.93994766,142.0,19.666386,-0.33854175,,,,,,,,,,,,,,,,,142.0,19.756323,0.05871939,142.0,19.756323,0.20895472,,,,,,,,,,,,,,,,,,,,,,,,,,,,,142.0,19.756323,1.0000001e-07,142.0,19.756323,7.0,,,,,,,
142.0,19.696365,0.191834,142.0,19.696365,0.19473448,,,,,,,,,,,,,,,,,,,,,,,,,,,,,,,,,,,,,,,,,,,,,,,,,,,,,,,,,,,,,142.0,19.696365,-0.5630217,142.0,19.696365,-0.17901908,,,,,,,,,,,,,,,,,142.0,19.786303,0.08817626,142.0,19.786303,-0.15111916,,,,,,,,,,,,,,,,,,,,,,,,,,,,,142.0,19.786303,1.0000001e-07,142.0,19.786303,7.0,,,,,,,
142.0,19.726343,0.1955972,142.0,19.726343,0.19848281,,,,,,,,,,,,,,,,,,,,,,,,,,,,,,,,,,,,,,,,,,,,,,,,,,,,,,,,,,,,,142.0,19.726343,0.1330358,142.0,19.726343,0.5147068,,,,,,,,,,,,,,,,,142.0,19.816282,0.12654188,142.0,19.816282,0.302127,,,,,,,,,,,,,,,,,,,,,,,,,,,,,142.0,19.816282,1.0000001e-07,142.0,19.816282,7.0,,,,,,,
142.0,19.756323,0.19550794,142.0,19.756323,0.19776885,,,,,,,,,,,,,,,,,,,,,,,,,,,,,,,,,,,,,,,,,,,,,,,,,,,,,,,,,,,,,142.0,19.756323,0.12399888,142.0,19.756323,0.37002346,,,,,,,,,,,,,,,,,142.0,19.84626,-0.13437493,142.0,19.84626,-0.057187557,,,,,,,,,,,,,,,,,,,,,,,,,,,,,142.0,19.84626,1.0000001e-07,142.0,19.84626,7.0,,,,,,,
142.0,19.786303,0.1958203,142.0,19.786303,0.19412464,,,,,,,,,,,,,,,,,,,,,,,,,,,,,,,,,,,,,,,,,,,,,,,,,,,,,,,,,,,,,142.0,19.786303,0.158217,142.0,19.786303,-0.27315748,,,,,,,,,,,,,,,,,142.0,19.87624,0.16302478,142.0,19.87624,-0.09727481,,,,,,,,,,,,,,,,,,,,,,,,,,,,,142.0,19.87624,1.0000001e-07,142.0,19.87624,7.0,,,,,,,
142.0,19.816282,0.19620703,142.0,19.816282,0.19875056,,,,,,,,,,,,,,,,,,,,,,,,,,,,,,,,,,,,,,,,,,,,,,,,,,,,,,,,,,,,,142.0,19.816282,0.29396707,142.0,19.816282,0.6002605,,,,,,,,,,,,,,,,,142.0,19.90622,-0.12632969,142.0,19.90622,0.21570738,,,,,,,,,,,,,,,,,,,,,,,,,,,,,142.0,19.90622,1.0000001e-07,142.0,19.90622,7.0,,,,,,,
142.0,19.84626,0.19352967,142.0,19.84626,0.19518071,,,,,,,,,,,,,,,,,,,,,,,,,,,,,,,,,,,,,,,,,,,,,,,,,,,,,,,,,,,,,142.0,19.84626,-0.2464216,142.0,19.84626,-0.058195427,,,,,,,,,,,,,,,,,142.0,19.9362,0.22744676,142.0,19.9362,-0.17834973,,,,,,,,,,,,,,,,,,,,,,,,,,,,,142.0,19.9362,1.0000001e-07,142.0,19.9362,7.0,,,,,,,
142.0,19.87624,0.19651942,142.0,19.87624,0.19471963,,,,,,,,,,,,,,,,,,,,,,,,,,,,,,,,,,,,,,,,,,,,,,,,,,,,,,,,,,,,,142.0,19.87624,0.2589042,142.0,19.87624,-0.21824998,,,,,,,,,,,,,,,,,142.0,19.966177,0.023129718,142.0,19.966177,0.089011714,,,,,,,,,,,,,,,,,,,,,,,,,,,,,142.0,19.966177,1.0000001e-07,142.0,19.966177,7.0,,,,,,,
142.0,19.90622,0.19367841,142.0,19.90622,0.19788785,,,,,,,,,,,,,,,,,,,,,,,,,,,,,,,,,,,,,,,,,,,,,,,,,,,,,,,,,,,,,142.0,19.90622,-0.23030731,142.0,19.90622,0.43719327,,,,,,,,,,,,,,,,,142.0,19.996157,0.07418731,142.0,19.996157,0.16095667,,,,,,,,,,,,,,,,,,,,,,,,,,,,,142.0,19.996157,1.0000001e-07,142.0,19.996157,7.0,,,,,,,
142.0,19.9362,0.19723338,142.0,19.9362,0.19388665,,,,,,,,,,,,,,,,,,,,,,,,,,,,,,,,,,,,,,,,,,,,,,,,,,,,,,,,,,,,,142.0,19.9362,0.50270474,142.0,19.9362,-0.3547157,,,,,,,,,,,,,,,,,,,,,,,,,,,,,,,,,,,,,,,,,,,,,,,,,,,,,,,,,,,,,,,
142.0,19.966177,0.1951361,142.0,19.966177,0.19653429,,,,,,,,,,,,,,,,,,,,,,,,,,,,,,,,,,,,,,,,,,,,,,,,,,,,,,,,,,,,,142.0,19.966177,0.06939956,142.0,19.966177,0.14680894,,,,,,,,,,,,,,,,,,,,,,,,,,,,,,,,,,,,,,,,,,,,,,,,,,,,,,,,,,,,,,,
142.0,19.996157,0.19562694,142.0,19.996157,0.19727801,,,,,,,,,,,,,,,,,,,,,,,,,,,,,,,,,,,,,,,,,,,,,,,,,,,,,,,,,,,,,142.0,19.996157,0.17343634,142.0,19.996157,0.36378515,,,,,,,,,,,,,,,,,,,,,,,,,,,,,,,,,,,,,,,,,,,,,,,,,,,,,,,,,,,,,,,
142.0,20.026136,0.19341068,142.0,20.026136,0.19659379,,,,,,,,,,,,,,,,,,,,,,,,,,,,,,,,,,,,,,,,,,,,,,,,,,,,,,,,,,,,,142.0,20.026136,-0.3074879,142.0,20.026136,0.15508121,,,,,,,,,,,,,,,,,,,,,,,,,,,,,,,,,,,,,,,,,,,,,,,,,,,,,,,,,,,,,,,
142.0,20.056116,0.1931578,142.0,20.056116,0.19482373,,,,,,,,,,,,,,,,,,,,,,,,,,,,,,,,,,,,,,,,,,,,,,,,,,,,,,,,,,,,,142.0,20.056116,-0.33540332,142.0,20.056116,-0.17217344,,,,,,,,,,,,,,,,,,,,,,,,,,,,,,,,,,,,,,,,,,,,,,,,,,,,,,,,,,,,,,,
142.0,20.086094,0.19741186,142.0,20.086094,0.19623679,,,,,,,,,,,,,,,,,,,,,,,,,,,,,,,,,,,,,,,,,,,,,,,,,,,,,,,,,,,,,142.0,20.086094,0.45342118,142.0,20.086094,0.115275346,,,,,,,,,,,,,,,,,,,,,,,,,,,,,,,,,,,,,,,,,,,,,,,,,,,,,,,,,,,,,,,
142.0,20.116074,0.19083743,142.0,20.116074,0.19675739,,,,,,,,,,,,,,,,,,,,,,,,,,,,,,,,,,,,,,,,,,,,,,,,,,,,,,,,,,,,,142.0,20.116074,-0.7725689,142.0,20.116074,0.2623759,,,,,,,,,,,,,,,,,,,,,,,,,,,,,,,,,,,,,,,,,,,,,,,,,,,,,,,,,,,,,,,
142.0,20.146053,0.19513611,142.0,20.146053,0.19592445,,,,,,,,,,,,,,,,,,,,,,,,,,,,,,,,,,,,,,,,,,,,,,,,,,,,,,,,,,,,,142.0,20.146053,0.05499833,142.0,20.146053,0.045709386,,,,,,,,,,,,,,,,,,,,,,,,,,,,,,,,,,,,,,,,,,,,,,,,,,,,,,,,,,,,,,,
142.0,20.176033,0.19582032,142.0,20.176033,0.19506174,,,,,,,,,,,,,,,,,,,,,,,,,,,,,,,,,,,,,,,,,,,,,,,,,,,,,,,,,,,,,142.0,20.176033,0.18889602,142.0,20.176033,-0.114401236,,,,,,,,,,,,,,,,,,,,,,,,,,,,,,,,,,,,,,,,,,,,,,,,,,,,,,,,,,,,,,,
142.0,20.20601,0.19500223,142.0,20.20601,0.19521049,,,,,,,,,,,,,,,,,,,,,,,,,,,,,,,,,,,,,,,,,,,,,,,,,,,,,,,,,,,,,142.0,20.20601,0.031005003,142.0,20.20601,-0.09426887,,,,,,,,,,,,,,,,,,,,,,,,,,,,,,,,,,,,,,,,,,,,,,,,,,,,,,,,,,,,,,,
142.0,20.23599,0.19378255,142.0,20.23599,0.19406515,,,,,,,,,,,,,,,,,,,,,,,,,,,,,,,,,,,,,,,,,,,,,,,,,,,,,,,,,,,,,142.0,20.23599,-0.18978904,142.0,20.23599,-0.27886924,,,,,,,,,,,,,,,,,,,,,,,,,,,,,,,,,,,,,,,,,,,,,,,,,,,,,,,,,,,,,,,
142.0,20.26597,0.19518071,142.0,20.26597,0.19866131,,,,,,,,,,,,,,,,,,,,,,,,,,,,,,,,,,,,,,,,,,,,,,,,,,,,,,,,,,,,,142.0,20.26597,0.09394153,142.0,20.26597,0.5833087,,,,,,,,,,,,,,,,,,,,,,,,,,,,,,,,,,,,,,,,,,,,,,,,,,,,,,,,,,,,,,,
142.0,20.29595,0.19660865,142.0,20.29595,0.19555257,,,,,,,,,,,,,,,,,,,,,,,,,,,,,,,,,,,,,,,,,,,,,,,,,,,,,,,,,,,,,142.0,20.29595,0.3334551,142.0,20.29595,-0.016975082,,,,,,,,,,,,,,,,,,,,,,,,,,,,,,,,,,,,,,,,,,,,,,,,,,,,,,,,,,,,,,,
142.0,20.325928,0.19138779,142.0,20.325928,0.1952551,,,,,,,,,,,,,,,,,,,,,,,,,,,,,,,,,,,,,,,,,,,,,,,,,,,,,,,,,,,,,142.0,20.325928,-0.6530702,142.0,20.325928,-0.0902053,,,,,,,,,,,,,,,,,,,,,,,,,,,,,,,,,,,,,,,,,,,,,,,,,,,,,,,,,,,,,,,
142.0,20.355907,0.19446675,142.0,20.355907,0.1961178,,,,,,,,,,,,,,,,,,,,,,,,,,,,,,,,,,,,,,,,,,,,,,,,,,,,,,,,,,,,,142.0,20.355907,-0.058454506,142.0,20.355907,0.061230727,,,,,,,,,,,,,,,,,,,,,,,,,,,,,,,,,,,,,,,,,,,,,,,,,,,,,,,,,,,,,,,
142.0,20.385887,0.19376767,142.0,20.385887,0.19821508,,,,,,,,,,,,,,,,,,,,,,,,,,,,,,,,,,,,,,,,,,,,,,,,,,,,,,,,,,,,,142.0,20.385887,-0.18902081,142.0,20.385887,0.5167259,,,,,,,,,,,,,,,,,,,,,,,,,,,,,,,,,,,,,,,,,,,,,,,,,,,,,,,,,,,,,,,
142.0,20.415867,0.19436263,142.0,20.415867,0.19689126,,,,,,,,,,,,,,,,,,,,,,,,,,,,,,,,,,,,,,,,,,,,,,,,,,,,,,,,,,,,,142.0,20.415867,-0.10086731,142.0,20.415867,0.21619275,,,,,,,,,,,,,,,,,,,,,,,,,,,,,,,,,,,,,,,,,,,,,,,,,,,,,,,,,,,,,,,
142.0,20.445845,0.19186375,142.0,20.445845,0.19537409,,,,,,,,,,,,,,,,,,,,,,,,,,,,,,,,,,,,,,,,,,,,,,,,,,,,,,,,,,,,,142.0,20.445845,-0.57953763,142.0,20.445845,-0.08565356,,,,,,,,,,,,,,,,,,,,,,,,,,,,,,,,,,,,,,,,,,,,,,,,,,,,,,,,,,,,,,,
142.0,20.475824,0.19714412,142.0,20.475824,0.19727801,,,,,,,,,,,,,,,,,,,,,,,,,,,,,,,,,,,,,,,,,,,,,,,,,,,,,,,,,,,,,142.0,20.475824,0.4485437,142.0,20.475824,0.28898385,,,,,,,,,,,,,,,,,,,,,,,,,,,,,,,,,,,,,,,,,,,,,,,,,,,,,,,,,,,,,,,
142.0,20.505804,0.19364865,142.0,20.505804,0.19864644,,,,,,,,,,,,,,,,,,,,,,,,,,,,,,,,,,,,,,,,,,,,,,,,,,,,,,,,,,,,,142.0,20.505804,-0.2892999,142.0,20.505804,0.521121,,,,,,,,,,,,,,,,,,,,,,,,,,,,,,,,,,,,,,,,,,,,,,,,,,,,,,,,,,,,,,,
142.0,20.535784,0.19760522,142.0,20.535784,0.19830433,,,,,,,,,,,,,,,,,,,,,,,,,,,,,,,,,,,,,,,,,,,,,,,,,,,,,,,,,,,,,142.0,20.535784,0.5576624,142.0,20.535784,0.43162468,,,,,,,,,,,,,,,,,,,,,,,,,,,,,,,,,,,,,,,,,,,,,,,,,,,,,,,,,,,,,,,
142.0,20.565763,0.19434775,142.0,20.565763,0.19885467,,,,,,,,,,,,,,,,,,,,,,,,,,,,,,,,,,,,,,,,,,,,,,,,,,,,,,,,,,,,,142.0,20.565763,-0.071828686,142.0,20.565763,0.66164654,,,,,,,,,,,,,,,,,,,,,,,,,,,,,,,,,,,,,,,,,,,,,,,,,,,,,,,,,,,,,,,
142.0,20.595741,0.19464526,142.0,20.595741,0.194556,,,,,,,,,,,,,,,,,,,,,,,,,,,,,,,,,,,,,,,,,,,,,,,,,,,,,,,,,,,,,142.0,20.595741,-0.10107335,142.0,20.595741,-0.18785079,,,,,,,,,,,,,,,,,,,,,,,,,,,,,,,,,,,,,,,,,,,,,,,,,,,,,,,,,,,,,,,
142.0,20.625721,0.19677228,142.0,20.625721,0.19454114,,,,,,,,,,,,,,,,,,,,,,,,,,,,,,,,,,,,,,,,,,,,,,,,,,,,,,,,,,,,,142.0,20.625721,0.30263817,142.0,20.625721,-0.15316924,,,,,,,,,,,,,,,,,,,,,,,,,,,,,,,,,,,,,,,,,,,,,,,,,,,,,,,,,,,,,,,
142.0,20.6557,0.19318756,142.0,20.6557,0.19895881,,,,,,,,,,,,,,,,,,,,,,,,,,,,,,,,,,,,,,,,,,,,,,,,,,,,,,,,,,,,,142.0,20.6557,-0.26934987,142.0,20.6557,0.6187381,,,,,,,,,,,,,,,,,,,,,,,,,,,,,,,,,,,,,,,,,,,,,,,,,,,,,,,,,,,,,,,
142.0,20.68568,0.19329168,142.0,20.68568,0.19492787,,,,,,,,,,,,,,,,,,,,,,,,,,,,,,,,,,,,,,,,,,,,,,,,,,,,,,,,,,,,,142.0,20.68568,-0.33256593,142.0,20.68568,-0.1291899,,,,,,,,,,,,,,,,,,,,,,,,,,,,,,,,,,,,,,,,,,,,,,,,,,,,,,,,,,,,,,,
142.0,20.715658,0.19186376,142.0,20.715658,0.19488324,,,,,,,,,,,,,,,,,,,,,,,,,,,,,,,,,,,,,,,,,,,,,,,,,,,,,,,,,,,,,142.0,20.715658,-0.556792,142.0,20.715658,-0.10749109,,,,,,,,,,,,,,,,,,,,,,,,,,,,,,,,,,,,,,,,,,,,,,,,,,,,,,,,,,,,,,,
142.0,20.745638,0.1955972,142.0,20.745638,0.1935743,,,,,,,,,,,,,,,,,,,,,,,,,,,,,,,,,,,,,,,,,,,,,,,,,,,,,,,,,,,,,142.0,20.745638,0.10488644,142.0,20.745638,-0.45560175,,,,,,,,,,,,,,,,,,,,,,,,,,,,,,,,,,,,,,,,,,,,,,,,,,,,,,,,,,,,,,,
142.0,20.775618,0.19660865,142.0,20.775618,0.19543359,,,,,,,,,,,,,,,,,,,,,,,,,,,,,,,,,,,,,,,,,,,,,,,,,,,,,,,,,,,,,142.0,20.775618,0.3547131,142.0,20.775618,0.037543613,,,,,,,,,,,,,,,,,,,,,,,,,,,,,,,,,,,,,,,,,,,,,,,,,,,,,,,,,,,,,,,
142.0,20.805597,0.1936338,142.0,20.805597,0.19366354,,,,,,,,,,,,,,,,,,,,,,,,,,,,,,,,,,,,,,,,,,,,,,,,,,,,,,,,,,,,,142.0,20.805597,-0.19086605,142.0,20.805597,-0.38737833,,,,,,,,,,,,,,,,,,,,,,,,,,,,,,,,,,,,,,,,,,,,,,,,,,,,,,,,,,,,,,,
142.0,20.835575,0.19590956,142.0,20.835575,0.19599883,,,,,,,,,,,,,,,,,,,,,,,,,,,,,,,,,,,,,,,,,,,,,,,,,,,,,,,,,,,,,142.0,20.835575,0.18025014,142.0,20.835575,0.05575604,,,,,,,,,,,,,,,,,,,,,,,,,,,,,,,,,,,,,,,,,,,,,,,,,,,,,,,,,,,,,,,
142.0,20.865555,0.19384204,142.0,20.865555,0.19379741,,,,,,,,,,,,,,,,,,,,,,,,,,,,,,,,,,,,,,,,,,,,,,,,,,,,,,,,,,,,,142.0,20.865555,-0.19035427,142.0,20.865555,-0.35216278,,,,,,,,,,,,,,,,,,,,,,,,,,,,,,,,,,,,,,,,,,,,,,,,,,,,,,,,,,,,,,,
142.0,20.895535,0.19302395,142.0,20.895535,0.1935743,,,,,,,,,,,,,,,,,,,,,,,,,,,,,,,,,,,,,,,,,,,,,,,,,,,,,,,,,,,,,142.0,20.895535,-0.31517926,142.0,20.895535,-0.40039113,,,,,,,,,,,,,,,,,,,,,,,,,,,,,,,,,,,,,,,,,,,,,,,,,,,,,,,,,,,,,,,
142.0,20.925514,0.19299419,142.0,20.925514,0.19504684,,,,,,,,,,,,,,,,,,,,,,,,,,,,,,,,,,,,,,,,,,,,,,,,,,,,,,,,,,,,,142.0,20.925514,-0.35233793,142.0,20.925514,-0.12583348,,,,,,,,,,,,,,,,,,,,,,,,,,,,,,,,,,,,,,,,,,,,,,,,,,,,,,,,,,,,,,,
142.0,20.955492,0.19552283,142.0,20.955492,0.19254796,,,,,,,,,,,,,,,,,,,,,,,,,,,,,,,,,,,,,,,,,,,,,,,,,,,,,,,,,,,,,142.0,20.955492,0.13097633,142.0,20.955492,-0.58791363,,,,,,,,,,,,,,,,,,,,,,,,,,,,,,,,,,,,,,,,,,,,,,,,,,,,,,,,,,,,,,,
142.0,20.985472,0.1939164,142.0,20.985472,0.19416927,,,,,,,,,,,,,,,,,,,,,,,,,,,,,,,,,,,,,,,,,,,,,,,,,,,,,,,,,,,,,142.0,20.985472,-0.17818077,142.0,20.985472,-0.30171517,,,,,,,,,,,,,,,,,,,,,,,,,,,,,,,,,,,,,,,,,,,,,,,,,,,,,,,,,,,,,,,
142.0,21.015451,0.19229513,142.0,21.015451,0.19674253,,,,,,,,,,,,,,,,,,,,,,,,,,,,,,,,,,,,,,,,,,,,,,,,,,,,,,,,,,,,,142.0,21.015451,-0.46036842,142.0,21.015451,0.16036613,,,,,,,,,,,,,,,,,,,,,,,,,,,,,,,,,,,,,,,,,,,,,,,,,,,,,,,,,,,,,,,
142.0,21.045431,0.19613269,142.0,21.045431,0.19428827,,,,,,,,,,,,,,,,,,,,,,,,,,,,,,,,,,,,,,,,,,,,,,,,,,,,,,,,,,,,,142.0,21.045431,0.21715552,142.0,21.045431,-0.24503213,,,,,,,,,,,,,,,,,,,,,,,,,,,,,,,,,,,,,,,,,,,,,,,,,,,,,,,,,,,,,,,
142.0,21.075409,0.19922654,142.0,21.075409,0.1958798,,,,,,,,,,,,,,,,,,,,,,,,,,,,,,,,,,,,,,,,,,,,,,,,,,,,,,,,,,,,,142.0,21.075409,0.8607117,142.0,21.075409,0.04475889,,,,,,,,,,,,,,,,,,,,,,,,,,,,,,,,,,,,,,,,,,,,,,,,,,,,,,,,,,,,,,,
142.0,21.105389,0.1930537,142.0,21.105389,0.19480887,,,,,,,,,,,,,,,,,,,,,,,,,,,,,,,,,,,,,,,,,,,,,,,,,,,,,,,,,,,,,142.0,21.105389,-0.3330972,142.0,21.105389,-0.17270403,,,,,,,,,,,,,,,,,,,,,,,,,,,,,,,,,,,,,,,,,,,,,,,,,,,,,,,,,,,,,,,
142.0,21.135368,0.19733751,142.0,21.135368,0.19534434,,,,,,,,,,,,,,,,,,,,,,,,,,,,,,,,,,,,,,,,,,,,,,,,,,,,,,,,,,,,,142.0,21.135368,0.48326573,142.0,21.135368,-0.031242635,,,,,,,,,,,,,,,,,,,,,,,,,,,,,,,,,,,,,,,,,,,,,,,,,,,,,,,,,,,,,,,
142.0,21.165348,0.19589467,142.0,21.165348,0.19632603,,,,,,,,,,,,,,,,,,,,,,,,,,,,,,,,,,,,,,,,,,,,,,,,,,,,,,,,,,,,,142.0,21.165348,0.1700719,142.0,21.165348,0.16900307,,,,,,,,,,,,,,,,,,,,,,,,,,,,,,,,,,,,,,,,,,,,,,,,,,,,,,,,,,,,,,,
142.0,21.195326,0.19461551,142.0,21.195326,0.19497247,,,,,,,,,,,,,,,,,,,,,,,,,,,,,,,,,,,,,,,,,,,,,,,,,,,,,,,,,,,,,142.0,21.195326,-0.0703962,142.0,21.195326,-0.14421412,,,,,,,,,,,,,,,,,,,,,,,,,,,,,,,,,,,,,,,,,,,,,,,,,,,,,,,,,,,,,,,
142.0,21.225306,0.19723338,142.0,21.225306,0.19579057,,,,,,,,,,,,,,,,,,,,,,,,,,,,,,,,,,,,,,,,,,,,,,,,,,,,,,,,,,,,,142.0,21.225306,0.4574221,142.0,21.225306,0.09619668,,,,,,,,,,,,,,,,,,,,,,,,,,,,,,,,,,,,,,,,,,,,,,,,,,,,,,,,,,,,,,,
142.0,21.255285,0.19326194,142.0,21.255285,0.19482376,,,,,,,,,,,,,,,,,,,,,,,,,,,,,,,,,,,,,,,,,,,,,,,,,,,,,,,,,,,,,142.0,21.255285,-0.3126661,142.0,21.255285,-0.1282161,,,,,,,,,,,,,,,,,,,,,,,,,,,,,,,,,,,,,,,,,,,,,,,,,,,,,,,,,,,,,,,
142.0,21.285265,0.19672765,142.0,21.285265,0.194556,,,,,,,,,,,,,,,,,,,,,,,,,,,,,,,,,,,,,,,,,,,,,,,,,,,,,,,,,,,,,142.0,21.285265,0.3694173,142.0,21.285265,-0.23916152,,,,,,,,,,,,,,,,,,,,,,,,,,,,,,,,,,,,,,,,,,,,,,,,,,,,,,,,,,,,,,,
142.0,21.315243,0.19500223,142.0,21.315243,0.19677228,,,,,,,,,,,,,,,,,,,,,,,,,,,,,,,,,,,,,,,,,,,,,,,,,,,,,,,,,,,,,142.0,21.315243,0.07982351,142.0,21.315243,0.22396763,,,,,,,,,,,,,,,,,,,,,,,,,,,,,,,,,,,,,,,,,,,,,,,,,,,,,,,,,,,,,,,
142.0,21.345222,0.19677228,142.0,21.345222,0.19247359,,,,,,,,,,,,,,,,,,,,,,,,,,,,,,,,,,,,,,,,,,,,,,,,,,,,,,,,,,,,,142.0,21.345222,0.3596512,142.0,21.345222,-0.57388246,,,,,,,,,,,,,,,,,,,,,,,,,,,,,,,,,,,,,,,,,,,,,,,,,,,,,,,,,,,,,,,
142.0,21.375202,0.19477913,142.0,21.375202,0.1967425,,,,,,,,,,,,,,,,,,,,,,,,,,,,,,,,,,,,,,,,,,,,,,,,,,,,,,,,,,,,,142.0,21.375202,0.025903502,142.0,21.375202,0.17946233,,,,,,,,,,,,,,,,,,,,,,,,,,,,,,,,,,,,,,,,,,,,,,,,,,,,,,,,,,,,,,,
142.0,21.405182,0.19485348,142.0,21.405182,0.19958352,,,,,,,,,,,,,,,,,,,,,,,,,,,,,,,,,,,,,,,,,,,,,,,,,,,,,,,,,,,,,142.0,21.405182,0.004838831,142.0,21.405182,0.706846,,,,,,,,,,,,,,,,,,,,,,,,,,,,,,,,,,,,,,,,,,,,,,,,,,,,,,,,,,,,,,,
142.0,21.435162,0.19242896,142.0,21.435162,0.19610293,,,,,,,,,,,,,,,,,,,,,,,,,,,,,,,,,,,,,,,,,,,,,,,,,,,,,,,,,,,,,142.0,21.435162,-0.44196987,142.0,21.435162,0.09125604,,,,,,,,,,,,,,,,,,,,,,,,,,,,,,,,,,,,,,,,,,,,,,,,,,,,,,,,,,,,,,,
142.0,21.46514,0.19312806,142.0,21.46514,0.19327681,,,,,,,,,,,,,,,,,,,,,,,,,,,,,,,,,,,,,,,,,,,,,,,,,,,,,,,,,,,,,142.0,21.46514,-0.42024243,142.0,21.46514,-0.43773922,,,,,,,,,,,,,,,,,,,,,,,,,,,,,,,,,,,,,,,,,,,,,,,,,,,,,,,,,,,,,,,
142.0,21.49512,0.19628142,142.0,21.49512,0.19500223,,,,,,,,,,,,,,,,,,,,,,,,,,,,,,,,,,,,,,,,,,,,,,,,,,,,,,,,,,,,,142.0,21.49512,0.23663412,142.0,21.49512,-0.0771736,,,,,,,,,,,,,,,,,,,,,,,,,,,,,,,,,,,,,,,,,,,,,,,,,,,,,,,,,,,,,,,
142.0,21.525099,0.19509147,142.0,21.525099,0.1924736,,,,,,,,,,,,,,,,,,,,,,,,,,,,,,,,,,,,,,,,,,,,,,,,,,,,,,,,,,,,,142.0,21.525099,0.0077713197,142.0,21.525099,-0.5801284,,,,,,,,,,,,,,,,,,,,,,,,,,,,,,,,,,,,,,,,,,,,,,,,,,,,,,,,,,,,,,,
142.0,21.555079,0.19579057,142.0,21.555079,0.19400567,,,,,,,,,,,,,,,,,,,,,,,,,,,,,,,,,,,,,,,,,,,,,,,,,,,,,,,,,,,,,142.0,21.555079,0.1698778,142.0,21.555079,-0.35544935,,,,,,,,,,,,,,,,,,,,,,,,,,,,,,,,,,,,,,,,,,,,,,,,,,,,,,,,,,,,,,,
142.0,21.585056,0.19672766,142.0,21.585056,0.19492786,,,,,,,,,,,,,,,,,,,,,,,,,,,,,,,,,,,,,,,,,,,,,,,,,,,,,,,,,,,,,142.0,21.585056,0.3810059,142.0,21.585056,-0.13116618,,,,,,,,,,,,,,,,,,,,,,,,,,,,,,,,,,,,,,,,,,,,,,,,,,,,,,,,,,,,,,,
142.0,21.615036,0.19509147,142.0,21.615036,0.19753087,,,,,,,,,,,,,,,,,,,,,,,,,,,,,,,,,,,,,,,,,,,,,,,,,,,,,,,,,,,,,142.0,21.615036,0.0061396626,142.0,21.615036,0.37637016,,,,,,,,,,,,,,,,,,,,,,,,,,,,,,,,,,,,,,,,,,,,,,,,,,,,,,,,,,,,,,,
142.0,21.645016,0.19760522,142.0,21.645016,0.19607317,,,,,,,,,,,,,,,,,,,,,,,,,,,,,,,,,,,,,,,,,,,,,,,,,,,,,,,,,,,,,142.0,21.645016,0.4987032,142.0,21.645016,0.15520181,,,,,,,,,,,,,,,,,,,,,,,,,,,,,,,,,,,,,,,,,,,,,,,,,,,,,,,,,,,,,,,
142.0,21.674995,0.19590956,142.0,21.674995,0.19686152,,,,,,,,,,,,,,,,,,,,,,,,,,,,,,,,,,,,,,,,,,,,,,,,,,,,,,,,,,,,,142.0,21.674995,0.1903755,142.0,21.674995,0.24956161,,,,,,,,,,,,,,,,,,,,,,,,,,,,,,,,,,,,,,,,,,,,,,,,,,,,,,,,,,,,,,,
142.0,21.704973,0.19653428,142.0,21.704973,0.19375278,,,,,,,,,,,,,,,,,,,,,,,,,,,,,,,,,,,,,,,,,,,,,,,,,,,,,,,,,,,,,142.0,21.704973,0.30733612,142.0,21.704973,-0.35544688,,,,,,,,,,,,,,,,,,,,,,,,,,,,,,,,,,,,,,,,,,,,,,,,,,,,,,,,,,,,,,,
142.0,21.734953,0.19705491,142.0,21.734953,0.1969805,,,,,,,,,,,,,,,,,,,,,,,,,,,,,,,,,,,,,,,,,,,,,,,,,,,,,,,,,,,,,142.0,21.734953,0.38229528,142.0,21.734953,0.28108802,,,,,,,,,,,,,,,,,,,,,,,,,,,,,,,,,,,,,,,,,,,,,,,,,,,,,,,,,,,,,,,
142.0,21.764933,0.19555257,142.0,21.764933,0.1966384,,,,,,,,,,,,,,,,,,,,,,,,,,,,,,,,,,,,,,,,,,,,,,,,,,,,,,,,,,,,,142.0,21.764933,0.17926711,142.0,21.764933,0.16649465,,,,,,,,,,,,,,,,,,,,,,,,,,,,,,,,,,,,,,,,,,,,,,,,,,,,,,,,,,,,,,,
142.0,21.794912,0.19644505,142.0,21.794912,0.19629629,,,,,,,,,,,,,,,,,,,,,,,,,,,,,,,,,,,,,,,,,,,,,,,,,,,,,,,,,,,,,142.0,21.794912,0.27251098,142.0,21.794912,0.15880606,,,,,,,,,,,,,,,,,,,,,,,,,,,,,,,,,,,,,,,,,,,,,,,,,,,,,,,,,,,,,,,
142.0,21.82489,0.19233973,142.0,21.82489,0.191834,,,,,,,,,,,,,,,,,,,,,,,,,,,,,,,,,,,,,,,,,,,,,,,,,,,,,,,,,,,,,142.0,21.82489,-0.45950058,142.0,21.82489,-0.6959436,,,,,,,,,,,,,,,,,,,,,,,,,,,,,,,,,,,,,,,,,,,,,,,,,,,,,,,,,,,,,,,
142.0,21.85487,0.19443701,142.0,21.85487,0.19596905,,,,,,,,,,,,,,,,,,,,,,,,,,,,,,,,,,,,,,,,,,,,,,,,,,,,,,,,,,,,,142.0,21.85487,-0.08770077,142.0,21.85487,0.100304365,,,,,,,,,,,,,,,,,,,,,,,,,,,,,,,,,,,,,,,,,,,,,,,,,,,,,,,,,,,,,,,
142.0,21.88485,0.19416927,142.0,21.88485,0.19586495,,,,,,,,,,,,,,,,,,,,,,,,,,,,,,,,,,,,,,,,,,,,,,,,,,,,,,,,,,,,,142.0,21.88485,-0.1317937,142.0,21.88485,0.070361525,,,,,,,,,,,,,,,,,,,,,,,,,,,,,,,,,,,,,,,,,,,,,,,,,,,,,,,,,,,,,,,
142.0,21.91483,0.19266696,142.0,21.91483,0.19515097,,,,,,,,,,,,,,,,,,,,,,,,,,,,,,,,,,,,,,,,,,,,,,,,,,,,,,,,,,,,,142.0,21.91483,-0.44232458,142.0,21.91483,-0.093501955,,,,,,,,,,,,,,,,,,,,,,,,,,,,,,,,,,,,,,,,,,,,,,,,,,,,,,,,,,,,,,,
142.0,21.944807,0.19753087,142.0,21.944807,0.19418414,,,,,,,,,,,,,,,,,,,,,,,,,,,,,,,,,,,,,,,,,,,,,,,,,,,,,,,,,,,,,142.0,21.944807,0.52318823,142.0,21.944807,-0.31019798,,,,,,,,,,,,,,,,,,,,,,,,,,,,,,,,,,,,,,,,,,,,,,,,,,,,,,,,,,,,,,,
142.0,21.974787,0.1927116,142.0,21.974787,0.19361892,,,,,,,,,,,,,,,,,,,,,,,,,,,,,,,,,,,,,,,,,,,,,,,,,,,,,,,,,,,,,142.0,21.974787,-0.37487224,142.0,21.974787,-0.30881506,,,,,,,,,,,,,,,,,,,,,,,,,,,,,,,,,,,,,,,,,,,,,,,,,,,,,,,,,,,,,,,
142.0,22.004766,0.19799197,142.0,22.004766,0.19558233,,,,,,,,,,,,,,,,,,,,,,,,,,,,,,,,,,,,,,,,,,,,,,,,,,,,,,,,,,,,,142.0,22.004766,0.5839178,142.0,22.004766,0.027831439,,,,,,,,,,,,,,,,,,,,,,,,,,,,,,,,,,,,,,,,,,,,,,,,,,,,,,,,,,,,,,,
142.0,22.034746,0.19587983,142.0,22.034746,0.19541872,,,,,,,,,,,,,,,,,,,,,,,,,,,,,,,,,,,,,,,,,,,,,,,,,,,,,,,,,,,,,142.0,22.034746,0.17991796,142.0,22.034746,-0.07822397,,,,,,,,,,,,,,,,,,,,,,,,,,,,,,,,,,,,,,,,,,,,,,,,,,,,,,,,,,,,,,,
142.0,22.064724,0.19253309,142.0,22.064724,0.19695075,,,,,,,,,,,,,,,,,,,,,,,,,,,,,,,,,,,,,,,,,,,,,,,,,,,,,,,,,,,,,142.0,22.064724,-0.40320313,142.0,22.064724,0.23769175,,,,,,,,,,,,,,,,,,,,,,,,,,,,,,,,,,,,,,,,,,,,,,,,,,,,,,,,,,,,,,,
142.0,22.094704,0.19607317,142.0,22.094704,0.1958947,,,,,,,,,,,,,,,,,,,,,,,,,,,,,,,,,,,,,,,,,,,,,,,,,,,,,,,,,,,,,142.0,22.094704,0.25092188,142.0,22.094704,0.09881912,,,,,,,,,,,,,,,,,,,,,,,,,,,,,,,,,,,,,,,,,,,,,,,,,,,,,,,,,,,,,,,
142.0,22.124683,0.19555259,142.0,22.124683,0.19349994,,,,,,,,,,,,,,,,,,,,,,,,,,,,,,,,,,,,,,,,,,,,,,,,,,,,,,,,,,,,,142.0,22.124683,0.07296037,142.0,22.124683,-0.4326718,,,,,,,,,,,,,,,,,,,,,,,,,,,,,,,,,,,,,,,,,,,,,,,,,,,,,,,,,,,,,,,
142.0,22.154663,0.19174474,142.0,22.154663,0.1960583,,,,,,,,,,,,,,,,,,,,,,,,,,,,,,,,,,,,,,,,,,,,,,,,,,,,,,,,,,,,,142.0,22.154663,-0.6037411,142.0,22.154663,0.1032373,,,,,,,,,,,,,,,,,,,,,,,,,,,,,,,,,,,,,,,,,,,,,,,,,,,,,,,,,,,,,,,
142.0,22.184643,0.19302393,142.0,22.184643,0.19567159,,,,,,,,,,,,,,,,,,,,,,,,,,,,,,,,,,,,,,,,,,,,,,,,,,,,,,,,,,,,,142.0,22.184643,-0.32549447,142.0,22.184643,0.034352183,,,,,,,,,,,,,,,,,,,,,,,,,,,,,,,,,,,,,,,,,,,,,,,,,,,,,,,,,,,,,,,
142.0,22.21462,0.19596906,142.0,22.21462,0.19762011,,,,,,,,,,,,,,,,,,,,,,,,,,,,,,,,,,,,,,,,,,,,,,,,,,,,,,,,,,,,,142.0,22.21462,0.16372304,142.0,22.21462,0.3303831,,,,,,,,,,,,,,,,,,,,,,,,,,,,,,,,,,,,,,,,,,,,,,,,,,,,,,,,,,,,,,,
142.0,22.2446,0.19171502,142.0,22.2446,0.19315782,,,,,,,,,,,,,,,,,,,,,,,,,,,,,,,,,,,,,,,,,,,,,,,,,,,,,,,,,,,,,142.0,22.2446,-0.59781134,142.0,22.2446,-0.45380646,,,,,,,,,,,,,,,,,,,,,,,,,,,,,,,,,,,,,,,,,,,,,,,,,,,,,,,,,,,,,,,
142.0,22.27458,0.1931132,142.0,22.27458,0.19940503,,,,,,,,,,,,,,,,,,,,,,,,,,,,,,,,,,,,,,,,,,,,,,,,,,,,,,,,,,,,,142.0,22.27458,-0.36412463,142.0,22.27458,0.7303298,,,,,,,,,,,,,,,,,,,,,,,,,,,,,,,,,,,,,,,,,,,,,,,,,,,,,,,,,,,,,,,
142.0,22.30456,0.19654918,142.0,22.30456,0.19715899,,,,,,,,,,,,,,,,,,,,,,,,,,,,,,,,,,,,,,,,,,,,,,,,,,,,,,,,,,,,,142.0,22.30456,0.3278385,142.0,22.30456,0.27009755,,,,,,,,,,,,,,,,,,,,,,,,,,,,,,,,,,,,,,,,,,,,,,,,,,,,,,,,,,,,,,,
142.0,22.334538,0.19332144,142.0,22.334538,0.19573109,,,,,,,,,,,,,,,,,,,,,,,,,,,,,,,,,,,,,,,,,,,,,,,,,,,,,,,,,,,,,142.0,22.334538,-0.27828926,142.0,22.334538,0.045503378,,,,,,,,,,,,,,,,,,,,,,,,,,,,,,,,,,,,,,,,,,,,,,,,,,,,,,,,,,,,,,,
142.0,22.364517,0.19689126,142.0,22.364517,0.19806632,,,,,,,,,,,,,,,,,,,,,,,,,,,,,,,,,,,,,,,,,,,,,,,,,,,,,,,,,,,,,142.0,22.364517,0.34616825,142.0,22.364517,0.47008577,,,,,,,,,,,,,,,,,,,,,,,,,,,,,,,,,,,,,,,,,,,,,,,,,,,,,,,,,,,,,,,
142.0,22.394497,0.19613267,142.0,22.394497,0.19553769,,,,,,,,,,,,,,,,,,,,,,,,,,,,,,,,,,,,,,,,,,,,,,,,,,,,,,,,,,,,,142.0,22.394497,0.28872228,142.0,22.394497,-0.03974223,,,,,,,,,,,,,,,,,,,,,,,,,,,,,,,,,,,,,,,,,,,,,,,,,,,,,,,,,,,,,,,
142.0,22.424477,0.19259259,142.0,22.424477,0.19480887,,,,,,,,,,,,,,,,,,,,,,,,,,,,,,,,,,,,,,,,,,,,,,,,,,,,,,,,,,,,,142.0,22.424477,-0.42099565,142.0,22.424477,-0.15483636,,,,,,,,,,,,,,,,,,,,,,,,,,,,,,,,,,,,,,,,,,,,,,,,,,,,,,,,,,,,,,,
142.0,22.454454,0.19712926,142.0,22.454454,0.19653429,,,,,,,,,,,,,,,,,,,,,,,,,,,,,,,,,,,,,,,,,,,,,,,,,,,,,,,,,,,,,142.0,22.454454,0.45363393,142.0,22.454454,0.13565972,,,,,,,,,,,,,,,,,,,,,,,,,,,,,,,,,,,,,,,,,,,,,,,,,,,,,,,,,,,,,,,
142.0,22.484434,0.19720364,142.0,22.484434,0.1977391,,,,,,,,,,,,,,,,,,,,,,,,,,,,,,,,,,,,,,,,,,,,,,,,,,,,,,,,,,,,,142.0,22.484434,0.45443428,142.0,22.484434,0.40606162,,,,,,,,,,,,,,,,,,,,,,,,,,,,,,,,,,,,,,,,,,,,,,,,,,,,,,,,,,,,,,,
142.0,22.514414,0.19531459,142.0,22.514414,0.19665326,,,,,,,,,,,,,,,,,,,,,,,,,,,,,,,,,,,,,,,,,,,,,,,,,,,,,,,,,,,,,142.0,22.514414,0.08930955,142.0,22.514414,0.21442816,,,,,,,,,,,,,,,,,,,,,,,,,,,,,,,,,,,,,,,,,,,,,,,,,,,,,,,,,,,,,,,
142.0,22.544394,0.19495761,142.0,22.544394,0.19402052,,,,,,,,,,,,,,,,,,,,,,,,,,,,,,,,,,,,,,,,,,,,,,,,,,,,,,,,,,,,,142.0,22.544394,0.009163987,142.0,22.544394,-0.3202416,,,,,,,,,,,,,,,,,,,,,,,,,,,,,,,,,,,,,,,,,,,,,,,,,,,,,,,,,,,,,,,
142.0,22.574371,0.19626655,142.0,22.574371,0.19474937,,,,,,,,,,,,,,,,,,,,,,,,,,,,,,,,,,,,,,,,,,,,,,,,,,,,,,,,,,,,,142.0,22.574371,0.27638865,142.0,22.574371,-0.18375725,,,,,,,,,,,,,,,,,,,,,,,,,,,,,,,,,,,,,,,,,,,,,,,,,,,,,,,,,,,,,,,
142.0,22.604351,0.1942734,142.0,22.604351,0.19590956,,,,,,,,,,,,,,,,,,,,,,,,,,,,,,,,,,,,,,,,,,,,,,,,,,,,,,,,,,,,,142.0,22.604351,-0.16003259,142.0,22.604351,0.053465094,,,,,,,,,,,,,,,,,,,,,,,,,,,,,,,,,,,,,,,,,,,,,,,,,,,,,,,,,,,,,,,
142.0,22.63433,0.19521046,142.0,22.63433,0.194794,,,,,,,,,,,,,,,,,,,,,,,,,,,,,,,,,,,,,,,,,,,,,,,,,,,,,,,,,,,,,142.0,22.63433,0.06376154,142.0,22.63433,-0.20740555,,,,,,,,,,,,,,,,,,,,,,,,,,,,,,,,,,,,,,,,,,,,,,,,,,,,,,,,,,,,,,,
142.0,22.66431,0.1940354,142.0,22.66431,0.19583519,,,,,,,,,,,,,,,,,,,,,,,,,,,,,,,,,,,,,,,,,,,,,,,,,,,,,,,,,,,,,142.0,22.66431,-0.16067053,142.0,22.66431,0.021382531,,,,,,,,,,,,,,,,,,,,,,,,,,,,,,,,,,,,,,,,,,,,,,,,,,,,,,,,,,,,,,,
142.0,22.694288,0.19458574,142.0,22.694288,0.19857207,,,,,,,,,,,,,,,,,,,,,,,,,,,,,,,,,,,,,,,,,,,,,,,,,,,,,,,,,,,,,142.0,22.694288,-0.039713282,142.0,22.694288,0.5830237,,,,,,,,,,,,,,,,,,,,,,,,,,,,,,,,,,,,,,,,,,,,,,,,,,,,,,,,,,,,,,,
142.0,22.724268,0.19531459,142.0,22.724268,0.19696563,,,,,,,,,,,,,,,,,,,,,,,,,,,,,,,,,,,,,,,,,,,,,,,,,,,,,,,,,,,,,142.0,22.724268,0.053191133,142.0,22.724268,0.22654277,,,,,,,,,,,,,,,,,,,,,,,,,,,,,,,,,,,,,,,,,,,,,,,,,,,,,,,,,,,,,,,
142.0,22.754248,0.19412465,142.0,22.754248,0.19778375,,,,,,,,,,,,,,,,,,,,,,,,,,,,,,,,,,,,,,,,,,,,,,,,,,,,,,,,,,,,,142.0,22.754248,-0.14124863,142.0,22.754248,0.39595297,,,,,,,,,,,,,,,,,,,,,,,,,,,,,,,,,,,,,,,,,,,,,,,,,,,,,,,,,,,,,,,
142.0,22.784227,0.19579057,142.0,22.784227,0.1970549,,,,,,,,,,,,,,,,,,,,,,,,,,,,,,,,,,,,,,,,,,,,,,,,,,,,,,,,,,,,,142.0,22.784227,0.17211914,142.0,22.784227,0.24949664,,,,,,,,,,,,,,,,,,,,,,,,,,,,,,,,,,,,,,,,,,,,,,,,,,,,,,,,,,,,,,,
142.0,22.814205,0.19522533,142.0,22.814205,0.1958798,,,,,,,,,,,,,,,,,,,,,,,,,,,,,,,,,,,,,,,,,,,,,,,,,,,,,,,,,,,,,142.0,22.814205,0.067037806,142.0,22.814205,-0.0070437193,,,,,,,,,,,,,,,,,,,,,,,,,,,,,,,,,,,,,,,,,,,,,,,,,,,,,,,,,,,,,,,
142.0,22.844185,0.19541872,142.0,22.844185,0.19376765,,,,,,,,,,,,,,,,,,,,,,,,,,,,,,,,,,,,,,,,,,,,,,,,,,,,,,,,,,,,,142.0,22.844185,0.09983555,142.0,22.844185,-0.30108207,,,,,,,,,,,,,,,,,,,,,,,,,,,,,,,,,,,,,,,,,,,,,,,,,,,,,,,,,,,,,,,
142.0,22.874165,0.19418414,142.0,22.874165,0.19162574,,,,,,,,,,,,,,,,,,,,,,,,,,,,,,,,,,,,,,,,,,,,,,,,,,,,,,,,,,,,,142.0,22.874165,-0.124402724,142.0,22.874165,-0.77026576,,,,,,,,,,,,,,,,,,,,,,,,,,,,,,,,,,,,,,,,,,,,,,,,,,,,,,,,,,,,,,,
142.0,22.904144,0.19637066,142.0,22.904144,0.19360405,,,,,,,,,,,,,,,,,,,,,,,,,,,,,,,,,,,,,,,,,,,,,,,,,,,,,,,,,,,,,142.0,22.904144,0.2962128,142.0,22.904144,-0.37658465,,,,,,,,,,,,,,,,,,,,,,,,,,,,,,,,,,,,,,,,,,,,,,,,,,,,,,,,,,,,,,,
142.0,22.934122,0.19546334,142.0,22.934122,0.19463038,,,,,,,,,,,,,,,,,,,,,,,,,,,,,,,,,,,,,,,,,,,,,,,,,,,,,,,,,,,,,142.0,22.934122,0.10983908,142.0,22.934122,-0.16197194,,,,,,,,,,,,,,,,,,,,,,,,,,,,,,,,,,,,,,,,,,,,,,,,,,,,,,,,,,,,,,,
142.0,22.964102,0.19474937,142.0,22.964102,0.1933958,,,,,,,,,,,,,,,,,,,,,,,,,,,,,,,,,,,,,,,,,,,,,,,,,,,,,,,,,,,,,142.0,22.964102,-0.007127563,142.0,22.964102,-0.37663373,,,,,,,,,,,,,,,,,,,,,,,,,,,,,,,,,,,,,,,,,,,,,,,,,,,,,,,,,,,,,,,
142.0,22.994081,0.19573107,142.0,22.994081,0.19680203,,,,,,,,,,,,,,,,,,,,,,,,,,,,,,,,,,,,,,,,,,,,,,,,,,,,,,,,,,,,,142.0,22.994081,0.21891305,142.0,22.994081,0.22975121,,,,,,,,,,,,,,,,,,,,,,,,,,,,,,,,,,,,,,,,,,,,,,,,,,,,,,,,,,,,,,,
142.0,23.024061,0.191715,142.0,23.024061,0.19178937,,,,,,,,,,,,,,,,,,,,,,,,,,,,,,,,,,,,,,,,,,,,,,,,,,,,,,,,,,,,,142.0,23.024061,-0.58248216,142.0,23.024061,-0.7013994,,,,,,,,,,,,,,,,,,,,,,,,,,,,,,,,,,,,,,,,,,,,,,,,,,,,,,,,,,,,,,,
142.0,23.05404,0.19702515,142.0,23.05404,0.19413951,,,,,,,,,,,,,,,,,,,,,,,,,,,,,,,,,,,,,,,,,,,,,,,,,,,,,,,,,,,,,142.0,23.05404,0.44141394,142.0,23.05404,-0.26767886,,,,,,,,,,,,,,,,,,,,,,,,,,,,,,,,,,,,,,,,,,,,,,,,,,,,,,,,,,,,,,,
142.0,23.084019,0.19564183,142.0,23.084019,0.19735236,,,,,,,,,,,,,,,,,,,,,,,,,,,,,,,,,,,,,,,,,,,,,,,,,,,,,,,,,,,,,142.0,23.084019,0.11191735,142.0,23.084019,0.27780488,,,,,,,,,,,,,,,,,,,,,,,,,,,,,,,,,,,,,,,,,,,,,,,,,,,,,,,,,,,,,,,
142.0,23.113998,0.19233973,142.0,23.113998,0.19454113,,,,,,,,,,,,,,,,,,,,,,,,,,,,,,,,,,,,,,,,,,,,,,,,,,,,,,,,,,,,,142.0,23.113998,-0.45495346,142.0,23.113998,-0.15306303,,,,,,,,,,,,,,,,,,,,,,,,,,,,,,,,,,,,,,,,,,,,,,,,,,,,,,,,,,,,,,,
142.0,23.143978,0.19391641,142.0,23.143978,0.19730777,,,,,,,,,,,,,,,,,,,,,,,,,,,,,,,,,,,,,,,,,,,,,,,,,,,,,,,,,,,,,142.0,23.143978,-0.15277444,142.0,23.143978,0.3067676,,,,,,,,,,,,,,,,,,,,,,,,,,,,,,,,,,,,,,,,,,,,,,,,,,,,,,,,,,,,,,,
142.0,23.173958,0.19519562,142.0,23.173958,0.19427338,,,,,,,,,,,,,,,,,,,,,,,,,,,,,,,,,,,,,,,,,,,,,,,,,,,,,,,,,,,,,142.0,23.173958,0.04311819,142.0,23.173958,-0.24663714,,,,,,,,,,,,,,,,,,,,,,,,,,,,,,,,,,,,,,,,,,,,,,,,,,,,,,,,,,,,,,,
142.0,23.203936,0.19546333,142.0,23.203936,0.19681688,,,,,,,,,,,,,,,,,,,,,,,,,,,,,,,,,,,,,,,,,,,,,,,,,,,,,,,,,,,,,142.0,23.203936,0.13849118,142.0,23.203936,0.23002669,,,,,,,,,,,,,,,,,,,,,,,,,,,,,,,,,,,,,,,,,,,,,,,,,,,,,,,,,,,,,,,
142.0,23.233915,0.19434777,142.0,23.233915,0.19577569,,,,,,,,,,,,,,,,,,,,,,,,,,,,,,,,,,,,,,,,,,,,,,,,,,,,,,,,,,,,,142.0,23.233915,-0.12155896,142.0,23.233915,-0.002427644,,,,,,,,,,,,,,,,,,,,,,,,,,,,,,,,,,,,,,,,,,,,,,,,,,,,,,,,,,,,,,,
142.0,23.263895,0.19463038,142.0,23.263895,0.19782835,,,,,,,,,,,,,,,,,,,,,,,,,,,,,,,,,,,,,,,,,,,,,,,,,,,,,,,,,,,,,142.0,23.263895,-0.063904025,142.0,23.263895,0.43803775,,,,,,,,,,,,,,,,,,,,,,,,,,,,,,,,,,,,,,,,,,,,,,,,,,,,,,,,,,,,,,,
142.0,23.293875,0.19537409,142.0,23.293875,0.19590956,,,,,,,,,,,,,,,,,,,,,,,,,,,,,,,,,,,,,,,,,,,,,,,,,,,,,,,,,,,,,142.0,23.293875,0.11810814,142.0,23.293875,0.047615707,,,,,,,,,,,,,,,,,,,,,,,,,,,,,,,,,,,,,,,,,,,,,,,,,,,,,,,,,,,,,,,
142.0,23.323853,0.19479398,142.0,23.323853,0.1956567,,,,,,,,,,,,,,,,,,,,,,,,,,,,,,,,,,,,,,,,,,,,,,,,,,,,,,,,,,,,,142.0,23.323853,-0.046994966,142.0,23.323853,-0.0076547614,,,,,,,,,,,,,,,,,,,,,,,,,,,,,,,,,,,,,,,,,,,,,,,,,,,,,,,,,,,,,,,
142.0,23.353832,0.19324705,142.0,23.353832,0.19495761,,,,,,,,,,,,,,,,,,,,,,,,,,,,,,,,,,,,,,,,,,,,,,,,,,,,,,,,,,,,,142.0,23.353832,-0.34955806,142.0,23.353832,-0.14972793,,,,,,,,,,,,,,,,,,,,,,,,,,,,,,,,,,,,,,,,,,,,,,,,,,,,,,,,,,,,,,,
142.0,23.383812,0.19366354,142.0,23.383812,0.19645993,,,,,,,,,,,,,,,,,,,,,,,,,,,,,,,,,,,,,,,,,,,,,,,,,,,,,,,,,,,,,142.0,23.383812,-0.24722123,142.0,23.383812,0.10931872,,,,,,,,,,,,,,,,,,,,,,,,,,,,,,,,,,,,,,,,,,,,,,,,,,,,,,,,,,,,,,,
142.0,23.413792,0.1965789,142.0,23.413792,0.19451135,,,,,,,,,,,,,,,,,,,,,,,,,,,,,,,,,,,,,,,,,,,,,,,,,,,,,,,,,,,,,142.0,23.413792,0.33747932,142.0,23.413792,-0.18869178,,,,,,,,,,,,,,,,,,,,,,,,,,,,,,,,,,,,,,,,,,,,,,,,,,,,,,,,,,,,,,,
142.0,23.44377,0.19532946,142.0,23.44377,0.19805147,,,,,,,,,,,,,,,,,,,,,,,,,,,,,,,,,,,,,,,,,,,,,,,,,,,,,,,,,,,,,142.0,23.44377,0.08750542,142.0,23.44377,0.4500066,,,,,,,,,,,,,,,,,,,,,,,,,,,,,,,,,,,,,,,,,,,,,,,,,,,,,,,,,,,,,,,
142.0,23.47375,0.19675739,142.0,23.47375,0.19680203,,,,,,,,,,,,,,,,,,,,,,,,,,,,,,,,,,,,,,,,,,,,,,,,,,,,,,,,,,,,,142.0,23.47375,0.2997122,142.0,23.47375,0.24265957,,,,,,,,,,,,,,,,,,,,,,,,,,,,,,,,,,,,,,,,,,,,,,,,,,,,,,,,,,,,,,,
142.0,23.503729,0.19086717,142.0,23.503729,0.19659379,,,,,,,,,,,,,,,,,,,,,,,,,,,,,,,,,,,,,,,,,,,,,,,,,,,,,,,,,,,,,142.0,23.503729,-0.71694046,142.0,23.503729,0.14957361,,,,,,,,,,,,,,,,,,,,,,,,,,,,,,,,,,,,,,,,,,,,,,,,,,,,,,,,,,,,,,,
142.0,23.533709,0.19672766,142.0,23.533709,0.19650455,,,,,,,,,,,,,,,,,,,,,,,,,,,,,,,,,,,,,,,,,,,,,,,,,,,,,,,,,,,,,142.0,23.533709,0.3579785,142.0,23.533709,0.14831254,,,,,,,,,,,,,,,,,,,,,,,,,,,,,,,,,,,,,,,,,,,,,,,,,,,,,,,,,,,,,,,
142.0,23.563686,0.19238435,142.0,23.563686,0.19689125,,,,,,,,,,,,,,,,,,,,,,,,,,,,,,,,,,,,,,,,,,,,,,,,,,,,,,,,,,,,,142.0,23.563686,-0.5104628,142.0,23.563686,0.19478759,,,,,,,,,,,,,,,,,,,,,,,,,,,,,,,,,,,,,,,,,,,,,,,,,,,,,,,,,,,,,,,
142.0,23.593666,0.1961178,142.0,23.593666,0.1964153,,,,,,,,,,,,,,,,,,,,,,,,,,,,,,,,,,,,,,,,,,,,,,,,,,,,,,,,,,,,,142.0,23.593666,0.3031102,142.0,23.593666,0.15998213,,,,,,,,,,,,,,,,,,,,,,,,,,,,,,,,,,,,,,,,,,,,,,,,,,,,,,,,,,,,,,,
142.0,23.623646,0.19381227,142.0,23.623646,0.19811095,,,,,,,,,,,,,,,,,,,,,,,,,,,,,,,,,,,,,,,,,,,,,,,,,,,,,,,,,,,,,142.0,23.623646,-0.17642,142.0,23.623646,0.47910058,,,,,,,,,,,,,,,,,,,,,,,,,,,,,,,,,,,,,,,,,,,,,,,,,,,,,,,,,,,,,,,
142.0,23.653625,0.19473448,142.0,23.653625,0.19244385,,,,,,,,,,,,,,,,,,,,,,,,,,,,,,,,,,,,,,,,,,,,,,,,,,,,,,,,,,,,,142.0,23.653625,-0.053162854,142.0,23.653625,-0.60166055,,,,,,,,,,,,,,,,,,,,,,,,,,,,,,,,,,,,,,,,,,,,,,,,,,,,,,,,,,,,,,,
142.0,23.683603,0.19678715,142.0,23.683603,0.19564183,,,,,,,,,,,,,,,,,,,,,,,,,,,,,,,,,,,,,,,,,,,,,,,,,,,,,,,,,,,,,142.0,23.683603,0.38870853,142.0,23.683603,0.028329704,,,,,,,,,,,,,,,,,,,,,,,,,,,,,,,,,,,,,,,,,,,,,,,,,,,,,,,,,,,,,,,
142.0,23.713583,0.19535922,142.0,23.713583,0.19660865,,,,,,,,,,,,,,,,,,,,,,,,,,,,,,,,,,,,,,,,,,,,,,,,,,,,,,,,,,,,,142.0,23.713583,0.06616381,142.0,23.713583,0.15265375,,,,,,,,,,,,,,,,,,,,,,,,,,,,,,,,,,,,,,,,,,,,,,,,,,,,,,,,,,,,,,,
142.0,23.743563,0.19482374,142.0,23.743563,0.19756061,,,,,,,,,,,,,,,,,,,,,,,,,,,,,,,,,,,,,,,,,,,,,,,,,,,,,,,,,,,,,142.0,23.743563,-0.019918837,142.0,23.743563,0.3270881,,,,,,,,,,,,,,,,,,,,,,,,,,,,,,,,,,,,,,,,,,,,,,,,,,,,,,,,,,,,,,,
142.0,23.773542,0.19463037,142.0,23.773542,0.19632605,,,,,,,,,,,,,,,,,,,,,,,,,,,,,,,,,,,,,,,,,,,,,,,,,,,,,,,,,,,,,142.0,23.773542,-0.07124367,142.0,23.773542,0.095014274,,,,,,,,,,,,,,,,,,,,,,,,,,,,,,,,,,,,,,,,,,,,,,,,,,,,,,,,,,,,,,,
142.0,23.80352,0.1940354,142.0,23.80352,0.19568644,,,,,,,,,,,,,,,,,,,,,,,,,,,,,,,,,,,,,,,,,,,,,,,,,,,,,,,,,,,,,142.0,23.80352,-0.19750735,142.0,23.80352,0.011749046,,,,,,,,,,,,,,,,,,,,,,,,,,,,,,,,,,,,,,,,,,,,,,,,,,,,,,,,,,,,,,,
142.0,23.8335,0.19561207,142.0,23.8335,0.19357428,,,,,,,,,,,,,,,,,,,,,,,,,,,,,,,,,,,,,,,,,,,,,,,,,,,,,,,,,,,,,142.0,23.8335,0.184743,142.0,23.8335,-0.4308378,,,,,,,,,,,,,,,,,,,,,,,,,,,,,,,,,,,,,,,,,,,,,,,,,,,,,,,,,,,,,,,
142.0,23.86348,0.19230999,142.0,23.86348,0.19492787,,,,,,,,,,,,,,,,,,,,,,,,,,,,,,,,,,,,,,,,,,,,,,,,,,,,,,,,,,,,,142.0,23.86348,-0.4863171,142.0,23.86348,-0.10299476,,,,,,,,,,,,,,,,,,,,,,,,,,,,,,,,,,,,,,,,,,,,,,,,,,,,,,,,,,,,,,,
142.0,23.89346,0.19303882,142.0,23.89346,0.19781347,,,,,,,,,,,,,,,,,,,,,,,,,,,,,,,,,,,,,,,,,,,,,,,,,,,,,,,,,,,,,142.0,23.89346,-0.33813965,142.0,23.89346,0.38053212,,,,,,,,,,,,,,,,,,,,,,,,,,,,,,,,,,,,,,,,,,,,,,,,,,,,,,,,,,,,,,,
142.0,23.923439,0.19546333,142.0,23.923439,0.19977689,,,,,,,,,,,,,,,,,,,,,,,,,,,,,,,,,,,,,,,,,,,,,,,,,,,,,,,,,,,,,142.0,23.923439,0.117662035,142.0,23.923439,0.72335654,,,,,,,,,,,,,,,,,,,,,,,,,,,,,,,,,,,,,,,,,,,,,,,,,,,,,,,,,,,,,,,
142.0,23.953417,0.1914919,142.0,23.953417,0.19671276,,,,,,,,,,,,,,,,,,,,,,,,,,,,,,,,,,,,,,,,,,,,,,,,,,,,,,,,,,,,,142.0,23.953417,-0.6017139,142.0,23.953417,0.18704587,,,,,,,,,,,,,,,,,,,,,,,,,,,,,,,,,,,,,,,,,,,,,,,,,,,,,,,,,,,,,,,
142.0,23.983397,0.19482376,142.0,23.983397,0.19641528,,,,,,,,,,,,,,,,,,,,,,,,,,,,,,,,,,,,,,,,,,,,,,,,,,,,,,,,,,,,,142.0,23.983397,-0.005673614,142.0,23.983397,0.101513416,,,,,,,,,,,,,,,,,,,,,,,,,,,,,,,,,,,,,,,,,,,,,,,,,,,,,,,,,,,,,,,
142.0,24.013376,0.19587982,142.0,24.013376,0.19504684,,,,,,,,,,,,,,,,,,,,,,,,,,,,,,,,,,,,,,,,,,,,,,,,,,,,,,,,,,,,,142.0,24.013376,0.10755243,142.0,24.013376,-0.10813633,,,,,,,,,,,,,,,,,,,,,,,,,,,,,,,,,,,,,,,,,,,,,,,,,,,,,,,,,,,,,,,
142.0,24.043356,0.194675,142.0,24.043356,0.19427338,,,,,,,,,,,,,,,,,,,,,,,,,,,,,,,,,,,,,,,,,,,,,,,,,,,,,,,,,,,,,142.0,24.043356,-0.024561008,142.0,24.043356,-0.24474607,,,,,,,,,,,,,,,,,,,,,,,,,,,,,,,,,,,,,,,,,,,,,,,,,,,,,,,,,,,,,,,
142.0,24.073334,0.19338094,142.0,24.073334,0.19631118,,,,,,,,,,,,,,,,,,,,,,,,,,,,,,,,,,,,,,,,,,,,,,,,,,,,,,,,,,,,,142.0,24.073334,-0.25765038,142.0,24.073334,0.07816767,,,,,,,,,,,,,,,,,,,,,,,,,,,,,,,,,,,,,,,,,,,,,,,,,,,,,,,,,,,,,,,
142.0,24.103313,0.19546333,142.0,24.103313,0.19640043,,,,,,,,,,,,,,,,,,,,,,,,,,,,,,,,,,,,,,,,,,,,,,,,,,,,,,,,,,,,,142.0,24.103313,0.07615268,142.0,24.103313,0.19204396,,,,,,,,,,,,,,,,,,,,,,,,,,,,,,,,,,,,,,,,,,,,,,,,,,,,,,,,,,,,,,,
142.0,24.133293,0.19384204,142.0,24.133293,0.19656402,,,,,,,,,,,,,,,,,,,,,,,,,,,,,,,,,,,,,,,,,,,,,,,,,,,,,,,,,,,,,142.0,24.133293,-0.18921371,142.0,24.133293,0.19279872,,,,,,,,,,,,,,,,,,,,,,,,,,,,,,,,,,,,,,,,,,,,,,,,,,,,,,,,,,,,,,,
142.0,24.163273,0.19463037,142.0,24.163273,0.19393128,,,,,,,,,,,,,,,,,,,,,,,,,,,,,,,,,,,,,,,,,,,,,,,,,,,,,,,,,,,,,142.0,24.163273,-0.061763592,142.0,24.163273,-0.33363885,,,,,,,,,,,,,,,,,,,,,,,,,,,,,,,,,,,,,,,,,,,,,,,,,,,,,,,,,,,,,,,
142.0,24.19325,0.19748624,142.0,24.19325,0.19396102,,,,,,,,,,,,,,,,,,,,,,,,,,,,,,,,,,,,,,,,,,,,,,,,,,,,,,,,,,,,,142.0,24.19325,0.5177743,142.0,24.19325,-0.26997635,,,,,,,,,,,,,,,,,,,,,,,,,,,,,,,,,,,,,,,,,,,,,,,,,,,,,,,,,,,,,,,
142.0,24.22323,0.19378252,142.0,24.22323,0.19384202,,,,,,,,,,,,,,,,,,,,,,,,,,,,,,,,,,,,,,,,,,,,,,,,,,,,,,,,,,,,,142.0,24.22323,-0.18354848,142.0,24.22323,-0.31907108,,,,,,,,,,,,,,,,,,,,,,,,,,,,,,,,,,,,,,,,,,,,,,,,,,,,,,,,,,,,,,,
142.0,24.25321,0.19706976,142.0,24.25321,0.19638553,,,,,,,,,,,,,,,,,,,,,,,,,,,,,,,,,,,,,,,,,,,,,,,,,,,,,,,,,,,,,142.0,24.25321,0.42799318,142.0,24.25321,0.1522055,,,,,,,,,,,,,,,,,,,,,,,,,,,,,,,,,,,,,,,,,,,,,,,,,,,,,,,,,,,,,,,
142.0,24.28319,0.19601367,142.0,24.28319,0.19671278,,,,,,,,,,,,,,,,,,,,,,,,,,,,,,,,,,,,,,,,,,,,,,,,,,,,,,,,,,,,,142.0,24.28319,0.22709185,142.0,24.28319,0.17947048,,,,,,,,,,,,,,,,,,,,,,,,,,,,,,,,,,,,,,,,,,,,,,,,,,,,,,,,,,,,,,,
142.0,24.313168,0.19526999,142.0,24.313168,0.19723338,,,,,,,,,,,,,,,,,,,,,,,,,,,,,,,,,,,,,,,,,,,,,,,,,,,,,,,,,,,,,142.0,24.313168,0.03416962,142.0,24.313168,0.32102552,,,,,,,,,,,,,,,,,,,,,,,,,,,,,,,,,,,,,,,,,,,,,,,,,,,,,,,,,,,,,,,
142.0,24.343147,0.19559719,142.0,24.343147,0.19753087,,,,,,,,,,,,,,,,,,,,,,,,,,,,,,,,,,,,,,,,,,,,,,,,,,,,,,,,,,,,,142.0,24.343147,0.1134991,142.0,24.343147,0.34752524,,,,,,,,,,,,,,,,,,,,,,,,,,,,,,,,,,,,,,,,,,,,,,,,,,,,,,,,,,,,,,,
142.0,24.373127,0.19485348,142.0,24.373127,0.19501708,,,,,,,,,,,,,,,,,,,,,,,,,,,,,,,,,,,,,,,,,,,,,,,,,,,,,,,,,,,,,142.0,24.373127,0.05074276,142.0,24.373127,-0.13292255,,,,,,,,,,,,,,,,,,,,,,,,,,,,,,,,,,,,,,,,,,,,,,,,,,,,,,,,,,,,,,,
142.0,24.403107,0.19585007,142.0,24.403107,0.19684665,,,,,,,,,,,,,,,,,,,,,,,,,,,,,,,,,,,,,,,,,,,,,,,,,,,,,,,,,,,,,142.0,24.403107,0.18323725,142.0,24.403107,0.29387763,,,,,,,,,,,,,,,,,,,,,,,,,,,,,,,,,,,,,,,,,,,,,,,,,,,,,,,,,,,,,,,
142.0,24.433084,0.19625166,142.0,24.433084,0.19506174,,,,,,,,,,,,,,,,,,,,,,,,,,,,,,,,,,,,,,,,,,,,,,,,,,,,,,,,,,,,,142.0,24.433084,0.25624746,142.0,24.433084,-0.10528709,,,,,,,,,,,,,,,,,,,,,,,,,,,,,,,,,,,,,,,,,,,,,,,,,,,,,,,,,,,,,,,
142.0,24.463064,0.1960583,142.0,24.463064,0.19540384,,,,,,,,,,,,,,,,,,,,,,,,,,,,,,,,,,,,,,,,,,,,,,,,,,,,,,,,,,,,,142.0,24.463064,0.21967837,142.0,24.463064,-0.04483883,,,,,,,,,,,,,,,,,,,,,,,,,,,,,,,,,,,,,,,,,,,,,,,,,,,,,,,,,,,,,,,
142.0,24.493044,0.19430313,142.0,24.493044,0.19434775,,,,,,,,,,,,,,,,,,,,,,,,,,,,,,,,,,,,,,,,,,,,,,,,,,,,,,,,,,,,,142.0,24.493044,-0.05473194,142.0,24.493044,-0.30708662,,,,,,,,,,,,,,,,,,,,,,,,,,,,,,,,,,,,,,,,,,,,,,,,,,,,,,,,,,,,,,,
142.0,24.523024,0.19384202,142.0,24.523024,0.1957757,,,,,,,,,,,,,,,,,,,,,,,,,,,,,,,,,,,,,,,,,,,,,,,,,,,,,,,,,,,,,142.0,24.523024,-0.1888534,142.0,24.523024,0.014542686,,,,,,,,,,,,,,,,,,,,,,,,,,,,,,,,,,,,,,,,,,,,,,,,,,,,,,,,,,,,,,,
142.0,24.553001,0.19070356,142.0,24.553001,0.19506171,,,,,,,,,,,,,,,,,,,,,,,,,,,,,,,,,,,,,,,,,,,,,,,,,,,,,,,,,,,,,142.0,24.553001,-0.77033746,142.0,24.553001,-0.09333174,,,,,,,,,,,,,,,,,,,,,,,,,,,,,,,,,,,,,,,,,,,,,,,,,,,,,,,,,,,,,,,
142.0,24.582981,0.19373791,142.0,24.582981,0.20177004,,,,,,,,,,,,,,,,,,,,,,,,,,,,,,,,,,,,,,,,,,,,,,,,,,,,,,,,,,,,,142.0,24.582981,-0.20788859,142.0,24.582981,1.1111124,,,,,,,,,,,,,,,,,,,,,,,,,,,,,,,,,,,,,,,,,,,,,,,,,,,,,,,,,,,,,,,
142.0,24.61296,0.1937528,142.0,24.61296,0.19909267,,,,,,,,,,,,,,,,,,,,,,,,,,,,,,,,,,,,,,,,,,,,,,,,,,,,,,,,,,,,,142.0,24.61296,-0.22412385,142.0,24.61296,0.6410442,,,,,,,,,,,,,,,,,,,,,,,,,,,,,,,,,,,,,,,,,,,,,,,,,,,,,,,,,,,,,,,
142.0,24.64294,0.19425851,142.0,24.64294,0.1975755,,,,,,,,,,,,,,,,,,,,,,,,,,,,,,,,,,,,,,,,,,,,,,,,,,,,,,,,,,,,,142.0,24.64294,-0.09854067,142.0,24.64294,0.32640734,,,,,,,,,,,,,,,,,,,,,,,,,,,,,,,,,,,,,,,,,,,,,,,,,,,,,,,,,,,,,,,
142.0,24.672918,0.19485348,142.0,24.672918,0.19424364,,,,,,,,,,,,,,,,,,,,,,,,,,,,,,,,,,,,,,,,,,,,,,,,,,,,,,,,,,,,,142.0,24.672918,-0.042766113,142.0,24.672918,-0.24539791,,,,,,,,,,,,,,,,,,,,,,,,,,,,,,,,,,,,,,,,,,,,,,,,,,,,,,,,,,,,,,,
142.0,24.702898,0.19003421,142.0,24.702898,0.19540384,,,,,,,,,,,,,,,,,,,,,,,,,,,,,,,,,,,,,,,,,,,,,,,,,,,,,,,,,,,,,142.0,24.702898,-0.9545374,142.0,24.702898,-0.016338693,,,,,,,,,,,,,,,,,,,,,,,,,,,,,,,,,,,,,,,,,,,,,,,,,,,,,,,,,,,,,,,
142.0,24.732878,0.19711438,142.0,24.732878,0.19196787,,,,,,,,,,,,,,,,,,,,,,,,,,,,,,,,,,,,,,,,,,,,,,,,,,,,,,,,,,,,,142.0,24.732878,0.4020228,142.0,24.732878,-0.6855029,,,,,,,,,,,,,,,,,,,,,,,,,,,,,,,,,,,,,,,,,,,,,,,,,,,,,,,,,,,,,,,
142.0,24.762857,0.19881006,142.0,24.762857,0.19808121,,,,,,,,,,,,,,,,,,,,,,,,,,,,,,,,,,,,,,,,,,,,,,,,,,,,,,,,,,,,,142.0,24.762857,0.7352124,142.0,24.762857,0.4595025,,,,,,,,,,,,,,,,,,,,,,,,,,,,,,,,,,,,,,,,,,,,,,,,,,,,,,,,,,,,,,,
142.0,24.792837,0.19430314,142.0,24.792837,0.1961773,,,,,,,,,,,,,,,,,,,,,,,,,,,,,,,,,,,,,,,,,,,,,,,,,,,,,,,,,,,,,142.0,24.792837,-0.097597435,142.0,24.792837,0.07515886,,,,,,,,,,,,,,,,,,,,,,,,,,,,,,,,,,,,,,,,,,,,,,,,,,,,,,,,,,,,,,,
142.0,24.822815,0.194794,142.0,24.822815,0.19941989,,,,,,,,,,,,,,,,,,,,,,,,,,,,,,,,,,,,,,,,,,,,,,,,,,,,,,,,,,,,,142.0,24.822815,-0.052821774,142.0,24.822815,0.6734016,,,,,,,,,,,,,,,,,,,,,,,,,,,,,,,,,,,,,,,,,,,,,,,,,,,,,,,,,,,,,,,
142.0,24.852795,0.19366354,142.0,24.852795,0.19531459,,,,,,,,,,,,,,,,,,,,,,,,,,,,,,,,,,,,,,,,,,,,,,,,,,,,,,,,,,,,,142.0,24.852795,-0.22369416,142.0,24.852795,-0.07608601,,,,,,,,,,,,,,,,,,,,,,,,,,,,,,,,,,,,,,,,,,,,,,,,,,,,,,,,,,,,,,,
142.0,24.882774,0.19424364,142.0,24.882774,0.19729288,,,,,,,,,,,,,,,,,,,,,,,,,,,,,,,,,,,,,,,,,,,,,,,,,,,,,,,,,,,,,142.0,24.882774,-0.15487677,142.0,24.882774,0.32594374,,,,,,,,,,,,,,,,,,,,,,,,,,,,,,,,,,,,,,,,,,,,,,,,,,,,,,,,,,,,,,,
142.0,24.912754,0.19483861,142.0,24.912754,0.19521047,,,,,,,,,,,,,,,,,,,,,,,,,,,,,,,,,,,,,,,,,,,,,,,,,,,,,,,,,,,,,142.0,24.912754,0.03250294,142.0,24.912754,-0.066052064,,,,,,,,,,,,,,,,,,,,,,,,,,,,,,,,,,,,,,,,,,,,,,,,,,,,,,,,,,,,,,,
142.0,24.942732,0.19390154,142.0,24.942732,0.19324705,,,,,,,,,,,,,,,,,,,,,,,,,,,,,,,,,,,,,,,,,,,,,,,,,,,,,,,,,,,,,142.0,24.942732,-0.20432478,142.0,24.942732,-0.51363385,,,,,,,,,,,,,,,,,,,,,,,,,,,,,,,,,,,,,,,,,,,,,,,,,,,,,,,,,,,,,,,
142.0,24.972712,0.19653429,142.0,24.972712,0.19574594,,,,,,,,,,,,,,,,,,,,,,,,,,,,,,,,,,,,,,,,,,,,,,,,,,,,,,,,,,,,,142.0,24.972712,0.31361365,142.0,24.972712,0.019322846,,,,,,,,,,,,,,,,,,,,,,,,,,,,,,,,,,,,,,,,,,,,,,,,,,,,,,,,,,,,,,,
142.0,25.002691,0.19660866,142.0,25.002691,0.19300908,,,,,,,,,,,,,,,,,,,,,,,,,,,,,,,,,,,,,,,,,,,,,,,,,,,,,,,,,,,,,142.0,25.002691,0.38145417,142.0,25.002691,-0.43336046,,,,,,,,,,,,,,,,,,,,,,,,,,,,,,,,,,,,,,,,,,,,,,,,,,,,,,,,,,,,,,,
142.0,25.032671,0.19214636,142.0,25.032671,0.197159,,,,,,,,,,,,,,,,,,,,,,,,,,,,,,,,,,,,,,,,,,,,,,,,,,,,,,,,,,,,,142.0,25.032671,-0.54559094,142.0,25.032671,0.26650262,,,,,,,,,,,,,,,,,,,,,,,,,,,,,,,,,,,,,,,,,,,,,,,,,,,,,,,,,,,,,,,
142.0,25.062649,0.19318755,142.0,25.062649,0.1984382,,,,,,,,,,,,,,,,,,,,,,,,,,,,,,,,,,,,,,,,,,,,,,,,,,,,,,,,,,,,,142.0,25.062649,-0.3323159,142.0,25.062649,0.5544121,,,,,,,,,,,,,,,,,,,,,,,,,,,,,,,,,,,,,,,,,,,,,,,,,,,,,,,,,,,,,,,
142.0,25.092628,0.1940949,142.0,25.092628,0.19510633,,,,,,,,,,,,,,,,,,,,,,,,,,,,,,,,,,,,,,,,,,,,,,,,,,,,,,,,,,,,,142.0,25.092628,-0.14219426,142.0,25.092628,-0.12026392,,,,,,,,,,,,,,,,,,,,,,,,,,,,,,,,,,,,,,,,,,,,,,,,,,,,,,,,,,,,,,,
142.0,25.122608,0.19598395,142.0,25.122608,0.1960137,,,,,,,,,,,,,,,,,,,,,,,,,,,,,,,,,,,,,,,,,,,,,,,,,,,,,,,,,,,,,142.0,25.122608,0.18728381,142.0,25.122608,0.05635492,,,,,,,,,,,,,,,,,,,,,,,,,,,,,,,,,,,,,,,,,,,,,,,,,,,,,,,,,,,,,,,
142.0,25.152588,0.19540384,142.0,25.152588,0.19769448,,,,,,,,,,,,,,,,,,,,,,,,,,,,,,,,,,,,,,,,,,,,,,,,,,,,,,,,,,,,,142.0,25.152588,0.15615293,142.0,25.152588,0.39753634,,,,,,,,,,,,,,,,,,,,,,,,,,,,,,,,,,,,,,,,,,,,,,,,,,,,,,,,,,,,,,,
142.0,25.182566,0.1982746,142.0,25.182566,0.1952551,,,,,,,,,,,,,,,,,,,,,,,,,,,,,,,,,,,,,,,,,,,,,,,,,,,,,,,,,,,,,142.0,25.182566,0.6675754,142.0,25.182566,-0.083702765,,,,,,,,,,,,,,,,,,,,,,,,,,,,,,,,,,,,,,,,,,,,,,,,,,,,,,,,,,,,,,,
142.0,25.212545,0.19410977,142.0,25.212545,0.19598393,,,,,,,,,,,,,,,,,,,,,,,,,,,,,,,,,,,,,,,,,,,,,,,,,,,,,,,,,,,,,142.0,25.212545,-0.17882076,142.0,25.212545,0.04515183,,,,,,,,,,,,,,,,,,,,,,,,,,,,,,,,,,,,,,,,,,,,,,,,,,,,,,,,,,,,,,,
142.0,25.242525,0.19289008,142.0,25.242525,0.19818534,,,,,,,,,,,,,,,,,,,,,,,,,,,,,,,,,,,,,,,,,,,,,,,,,,,,,,,,,,,,,142.0,25.242525,-0.37082523,142.0,25.242525,0.48477575,,,,,,,,,,,,,,,,,,,,,,,,,,,,,,,,,,,,,,,,,,,,,,,,,,,,,,,,,,,,,,,
142.0,25.272505,0.19735236,142.0,25.272505,0.20072885,,,,,,,,,,,,,,,,,,,,,,,,,,,,,,,,,,,,,,,,,,,,,,,,,,,,,,,,,,,,,142.0,25.272505,0.4745807,142.0,25.272505,0.9814718,,,,,,,,,,,,,,,,,,,,,,,,,,,,,,,,,,,,,,,,,,,,,,,,,,,,,,,,,,,,,,,
142.0,25.302483,0.19204225,142.0,25.302483,0.19680202,,,,,,,,,,,,,,,,,,,,,,,,,,,,,,,,,,,,,,,,,,,,,,,,,,,,,,,,,,,,,142.0,25.302483,-0.5588246,142.0,25.302483,0.24511926,,,,,,,,,,,,,,,,,,,,,,,,,,,,,,,,,,,,,,,,,,,,,,,,,,,,,,,,,,,,,,,
142.0,25.332462,0.19424362,142.0,25.332462,0.19434777,,,,,,,,,,,,,,,,,,,,,,,,,,,,,,,,,,,,,,,,,,,,,,,,,,,,,,,,,,,,,142.0,25.332462,-0.11134671,142.0,25.332462,-0.284822,,,,,,,,,,,,,,,,,,,,,,,,,,,,,,,,,,,,,,,,,,,,,,,,,,,,,,,,,,,,,,,
142.0,25.362442,0.19458574,142.0,25.362442,0.19589467,,,,,,,,,,,,,,,,,,,,,,,,,,,,,,,,,,,,,,,,,,,,,,,,,,,,,,,,,,,,,142.0,25.362442,-0.06435345,142.0,25.362442,0.020684851,,,,,,,,,,,,,,,,,,,,,,,,,,,,,,,,,,,,,,,,,,,,,,,,,,,,,,,,,,,,,,,
142.0,25.392422,0.1957757,142.0,25.392422,0.19510634,,,,,,,,,,,,,,,,,,,,,,,,,,,,,,,,,,,,,,,,,,,,,,,,,,,,,,,,,,,,,142.0,25.392422,0.13707516,142.0,25.392422,-0.07682325,,,,,,,,,,,,,,,,,,,,,,,,,,,,,,,,,,,,,,,,,,,,,,,,,,,,,,,,,,,,,,,
142.0,25.4224,0.19427338,142.0,25.4224,0.19593932,,,,,,,,,,,,,,,,,,,,,,,,,,,,,,,,,,,,,,,,,,,,,,,,,,,,,,,,,,,,,142.0,25.4224,-0.08407035,142.0,25.4224,0.0497876,,,,,,,,,,,,,,,,,,,,,,,,,,,,,,,,,,,,,,,,,,,,,,,,,,,,,,,,,,,,,,,
142.0,25.45238,0.19457088,142.0,25.45238,0.19544846,,,,,,,,,,,,,,,,,,,,,,,,,,,,,,,,,,,,,,,,,,,,,,,,,,,,,,,,,,,,,142.0,25.45238,-0.1487064,142.0,25.45238,-0.054738946,,,,,,,,,,,,,,,,,,,,,,,,,,,,,,,,,,,,,,,,,,,,,,,,,,,,,,,,,,,,,,,
142.0,25.482359,0.19436263,142.0,25.482359,0.19202739,,,,,,,,,,,,,,,,,,,,,,,,,,,,,,,,,,,,,,,,,,,,,,,,,,,,,,,,,,,,,142.0,25.482359,-0.10144106,142.0,25.482359,-0.66645825,,,,,,,,,,,,,,,,,,,,,,,,,,,,,,,,,,,,,,,,,,,,,,,,,,,,,,,,,,,,,,,
142.0,25.512339,0.19702514,142.0,25.512339,0.19468987,,,,,,,,,,,,,,,,,,,,,,,,,,,,,,,,,,,,,,,,,,,,,,,,,,,,,,,,,,,,,142.0,25.512339,0.3951016,142.0,25.512339,-0.16006352,,,,,,,,,,,,,,,,,,,,,,,,,,,,,,,,,,,,,,,,,,,,,,,,,,,,,,,,,,,,,,,
142.0,25.542316,0.1939759,142.0,25.542316,0.19677228,,,,,,,,,,,,,,,,,,,,,,,,,,,,,,,,,,,,,,,,,,,,,,,,,,,,,,,,,,,,,142.0,25.542316,-0.18461023,142.0,25.542316,0.15599659,,,,,,,,,,,,,,,,,,,,,,,,,,,,,,,,,,,,,,,,,,,,,,,,,,,,,,,,,,,,,,,
142.0,25.572296,0.19470476,142.0,25.572296,0.19477911,,,,,,,,,,,,,,,,,,,,,,,,,,,,,,,,,,,,,,,,,,,,,,,,,,,,,,,,,,,,,142.0,25.572296,-0.057593975,142.0,25.572296,-0.12992692,,,,,,,,,,,,,,,,,,,,,,,,,,,,,,,,,,,,,,,,,,,,,,,,,,,,,,,,,,,,,,,
142.0,25.602276,0.19510634,142.0,25.602276,0.1942734,,,,,,,,,,,,,,,,,,,,,,,,,,,,,,,,,,,,,,,,,,,,,,,,,,,,,,,,,,,,,142.0,25.602276,0.09066783,142.0,25.602276,-0.2331438,,,,,,,,,,,,,,,,,,,,,,,,,,,,,,,,,,,,,,,,,,,,,,,,,,,,,,,,,,,,,,,
142.0,25.632256,0.19503199,142.0,25.632256,0.19599882,,,,,,,,,,,,,,,,,,,,,,,,,,,,,,,,,,,,,,,,,,,,,,,,,,,,,,,,,,,,,142.0,25.632256,0.046846032,142.0,25.632256,0.105678305,,,,,,,,,,,,,,,,,,,,,,,,,,,,,,,,,,,,,,,,,,,,,,,,,,,,,,,,,,,,,,,
142.0,25.662235,0.19494274,142.0,25.662235,0.19399077,,,,,,,,,,,,,,,,,,,,,,,,,,,,,,,,,,,,,,,,,,,,,,,,,,,,,,,,,,,,,142.0,25.662235,0.012427364,142.0,25.662235,-0.29381946,,,,,,,,,,,,,,,,,,,,,,,,,,,,,,,,,,,,,,,,,,,,,,,,,,,,,,,,,,,,,,,
142.0,25.692213,0.19485348,142.0,25.692213,0.19364865,,,,,,,,,,,,,,,,,,,,,,,,,,,,,,,,,,,,,,,,,,,,,,,,,,,,,,,,,,,,,142.0,25.692213,0.011952479,142.0,25.692213,-0.40167248,,,,,,,,,,,,,,,,,,,,,,,,,,,,,,,,,,,,,,,,,,,,,,,,,,,,,,,,,,,,,,,
142.0,25.722193,0.19764987,142.0,25.722193,0.19590957,,,,,,,,,,,,,,,,,,,,,,,,,,,,,,,,,,,,,,,,,,,,,,,,,,,,,,,,,,,,,142.0,25.722193,0.50948894,142.0,25.722193,0.05995912,,,,,,,,,,,,,,,,,,,,,,,,,,,,,,,,,,,,,,,,,,,,,,,,,,,,,,,,,,,,,,,
142.0,25.752172,0.19537409,142.0,25.752172,0.19274133,,,,,,,,,,,,,,,,,,,,,,,,,,,,,,,,,,,,,,,,,,,,,,,,,,,,,,,,,,,,,142.0,25.752172,0.09262899,142.0,25.752172,-0.52018225,,,,,,,,,,,,,,,,,,,,,,,,,,,,,,,,,,,,,,,,,,,,,,,,,,,,,,,,,,,,,,,
142.0,25.782152,0.19247359,142.0,25.782152,0.20163617,,,,,,,,,,,,,,,,,,,,,,,,,,,,,,,,,,,,,,,,,,,,,,,,,,,,,,,,,,,,,142.0,25.782152,-0.5081482,142.0,25.782152,1.1264489,,,,,,,,,,,,,,,,,,,,,,,,,,,,,,,,,,,,,,,,,,,,,,,,,,,,,,,,,,,,,,,
142.0,25.81213,0.19587982,142.0,25.81213,0.1957162,,,,,,,,,,,,,,,,,,,,,,,,,,,,,,,,,,,,,,,,,,,,,,,,,,,,,,,,,,,,,142.0,25.81213,0.17820595,142.0,25.81213,0.032568138,,,,,,,,,,,,,,,,,,,,,,,,,,,,,,,,,,,,,,,,,,,,,,,,,,,,,,,,,,,,,,,
142.0,25.84211,0.19549309,142.0,25.84211,0.19696563,,,,,,,,,,,,,,,,,,,,,,,,,,,,,,,,,,,,,,,,,,,,,,,,,,,,,,,,,,,,,142.0,25.84211,0.138004,142.0,25.84211,0.26963177,,,,,,,,,,,,,,,,,,,,,,,,,,,,,,,,,,,,,,,,,,,,,,,,,,,,,,,,,,,,,,,
142.0,25.87209,0.19369328,142.0,25.87209,0.19796222,,,,,,,,,,,,,,,,,,,,,,,,,,,,,,,,,,,,,,,,,,,,,,,,,,,,,,,,,,,,,142.0,25.87209,-0.25397885,142.0,25.87209,0.42514336,,,,,,,,,,,,,,,,,,,,,,,,,,,,,,,,,,,,,,,,,,,,,,,,,,,,,,,,,,,,,,,
142.0,25.90207,0.19579057,142.0,25.90207,0.19748622,,,,,,,,,,,,,,,,,,,,,,,,,,,,,,,,,,,,,,,,,,,,,,,,,,,,,,,,,,,,,142.0,25.90207,0.17363101,142.0,25.90207,0.34118372,,,,,,,,,,,,,,,,,,,,,,,,,,,,,,,,,,,,,,,,,,,,,,,,,,,,,,,,,,,,,,,
142.0,25.932047,0.19396101,142.0,25.932047,0.19468987,,,,,,,,,,,,,,,,,,,,,,,,,,,,,,,,,,,,,,,,,,,,,,,,,,,,,,,,,,,,,142.0,25.932047,-0.17882513,142.0,25.932047,-0.16826865,,,,,,,,,,,,,,,,,,,,,,,,,,,,,,,,,,,,,,,,,,,,,,,,,,,,,,,,,,,,,,,
142.0,25.962027,0.19366354,142.0,25.962027,0.19684665,,,,,,,,,,,,,,,,,,,,,,,,,,,,,,,,,,,,,,,,,,,,,,,,,,,,,,,,,,,,,142.0,25.962027,-0.18825406,142.0,25.962027,0.21426275,,,,,,,,,,,,,,,,,,,,,,,,,,,,,,,,,,,,,,,,,,,,,,,,,,,,,,,,,,,,,,,
142.0,25.992006,0.19399077,142.0,25.992006,0.19534433,,,,,,,,,,,,,,,,,,,,,,,,,,,,,,,,,,,,,,,,,,,,,,,,,,,,,,,,,,,,,142.0,25.992006,-0.13838418,142.0,25.992006,-0.06497005,,,,,,,,,,,,,,,,,,,,,,,,,,,,,,,,,,,,,,,,,,,,,,,,,,,,,,,,,,,,,,,
142.0,26.021986,0.19485348,142.0,26.021986,0.1970995,,,,,,,,,,,,,,,,,,,,,,,,,,,,,,,,,,,,,,,,,,,,,,,,,,,,,,,,,,,,,142.0,26.021986,0.025751598,142.0,26.021986,0.25162083,,,,,,,,,,,,,,,,,,,,,,,,,,,,,,,,,,,,,,,,,,,,,,,,,,,,,,,,,,,,,,,
142.0,26.051964,0.19753087,142.0,26.051964,0.19821508,,,,,,,,,,,,,,,,,,,,,,,,,,,,,,,,,,,,,,,,,,,,,,,,,,,,,,,,,,,,,142.0,26.051964,0.51952046,142.0,26.051964,0.5059583,,,,,,,,,,,,,,,,,,,,,,,,,,,,,,,,,,,,,,,,,,,,,,,,,,,,,,,,,,,,,,,
142.0,26.081944,0.19152164,142.0,26.081944,0.19422878,,,,,,,,,,,,,,,,,,,,,,,,,,,,,,,,,,,,,,,,,,,,,,,,,,,,,,,,,,,,,142.0,26.081944,-0.63819456,142.0,26.081944,-0.25726643,,,,,,,,,,,,,,,,,,,,,,,,,,,,,,,,,,,,,,,,,,,,,,,,,,,,,,,,,,,,,,,
142.0,26.111923,0.19445187,142.0,26.111923,0.19759035,,,,,,,,,,,,,,,,,,,,,,,,,,,,,,,,,,,,,,,,,,,,,,,,,,,,,,,,,,,,,142.0,26.111923,-0.06484911,142.0,26.111923,0.36961147,,,,,,,,,,,,,,,,,,,,,,,,,,,,,,,,,,,,,,,,,,,,,,,,,,,,,,,,,,,,,,,
142.0,26.141903,0.19817045,142.0,26.141903,0.19529971,,,,,,,,,,,,,,,,,,,,,,,,,,,,,,,,,,,,,,,,,,,,,,,,,,,,,,,,,,,,,142.0,26.141903,0.6167241,142.0,26.141903,-0.04605776,,,,,,,,,,,,,,,,,,,,,,,,,,,,,,,,,,,,,,,,,,,,,,,,,,,,,,,,,,,,,,,
142.0,26.17188,0.19262233,142.0,26.17188,0.1961773,,,,,,,,,,,,,,,,,,,,,,,,,,,,,,,,,,,,,,,,,,,,,,,,,,,,,,,,,,,,,142.0,26.17188,-0.44286758,142.0,26.17188,0.10090637,,,,,,,,,,,,,,,,,,,,,,,,,,,,,,,,,,,,,,,,,,,,,,,,,,,,,,,,,,,,,,,
142.0,26.20186,0.19782835,142.0,26.20186,0.19912241,,,,,,,,,,,,,,,,,,,,,,,,,,,,,,,,,,,,,,,,,,,,,,,,,,,,,,,,,,,,,142.0,26.20186,0.56206924,142.0,26.20186,0.6524688,,,,,,,,,,,,,,,,,,,,,,,,,,,,,,,,,,,,,,,,,,,,,,,,,,,,,,,,,,,,,,,
142.0,26.23184,0.19495758,142.0,26.23184,0.19872081,,,,,,,,,,,,,,,,,,,,,,,,,,,,,,,,,,,,,,,,,,,,,,,,,,,,,,,,,,,,,142.0,26.23184,0.031879667,142.0,26.23184,0.5943772,,,,,,,,,,,,,,,,,,,,,,,,,,,,,,,,,,,,,,,,,,,,,,,,,,,,,,,,,,,,,,,
142.0,26.26182,0.19486837,142.0,26.26182,0.19367841,,,,,,,,,,,,,,,,,,,,,,,,,,,,,,,,,,,,,,,,,,,,,,,,,,,,,,,,,,,,,142.0,26.26182,0.015143995,142.0,26.26182,-0.3478437,,,,,,,,,,,,,,,,,,,,,,,,,,,,,,,,,,,,,,,,,,,,,,,,,,,,,,,,,,,,,,,
142.0,26.291798,0.1928157,142.0,26.291798,0.19608806,,,,,,,,,,,,,,,,,,,,,,,,,,,,,,,,,,,,,,,,,,,,,,,,,,,,,,,,,,,,,142.0,26.291798,-0.39691186,142.0,26.291798,0.10740646,,,,,,,,,,,,,,,,,,,,,,,,,,,,,,,,,,,,,,,,,,,,,,,,,,,,,,,,,,,,,,,
142.0,26.321777,0.19620705,142.0,26.321777,0.19645992,,,,,,,,,,,,,,,,,,,,,,,,,,,,,,,,,,,,,,,,,,,,,,,,,,,,,,,,,,,,,142.0,26.321777,0.21853852,142.0,26.321777,0.22421895,,,,,,,,,,,,,,,,,,,,,,,,,,,,,,,,,,,,,,,,,,,,,,,,,,,,,,,,,,,,,,,
142.0,26.351757,0.1958352,142.0,26.351757,0.19833408,,,,,,,,,,,,,,,,,,,,,,,,,,,,,,,,,,,,,,,,,,,,,,,,,,,,,,,,,,,,,142.0,26.351757,0.18040764,142.0,26.351757,0.47121778,,,,,,,,,,,,,,,,,,,,,,,,,,,,,,,,,,,,,,,,,,,,,,,,,,,,,,,,,,,,,,,
142.0,26.381737,0.19593933,142.0,26.381737,0.19654915,,,,,,,,,,,,,,,,,,,,,,,,,,,,,,,,,,,,,,,,,,,,,,,,,,,,,,,,,,,,,142.0,26.381737,0.18352975,142.0,26.381737,0.16461428,,,,,,,,,,,,,,,,,,,,,,,,,,,,,,,,,,,,,,,,,,,,,,,,,,,,,,,,,,,,,,,
142.0,26.411715,0.19586495,142.0,26.411715,0.1943329,,,,,,,,,,,,,,,,,,,,,,,,,,,,,,,,,,,,,,,,,,,,,,,,,,,,,,,,,,,,,142.0,26.411715,0.17533188,142.0,26.411715,-0.24446964,,,,,,,,,,,,,,,,,,,,,,,,,,,,,,,,,,,,,,,,,,,,,,,,,,,,,,,,,,,,,,,
142.0,26.441694,0.19532947,142.0,26.441694,0.1961178,,,,,,,,,,,,,,,,,,,,,,,,,,,,,,,,,,,,,,,,,,,,,,,,,,,,,,,,,,,,,142.0,26.441694,0.051058248,142.0,26.441694,0.087558284,,,,,,,,,,,,,,,,,,,,,,,,,,,,,,,,,,,,,,,,,,,,,,,,,,,,,,,,,,,,,,,
142.0,26.471674,0.19528484,142.0,26.471674,0.19820018,,,,,,,,,,,,,,,,,,,,,,,,,,,,,,,,,,,,,,,,,,,,,,,,,,,,,,,,,,,,,142.0,26.471674,0.08763373,142.0,26.471674,0.4274584,,,,,,,,,,,,,,,,,,,,,,,,,,,,,,,,,,,,,,,,,,,,,,,,,,,,,,,,,,,,,,,
142.0,26.501654,0.19457087,142.0,26.501654,0.1939164,,,,,,,,,,,,,,,,,,,,,,,,,,,,,,,,,,,,,,,,,,,,,,,,,,,,,,,,,,,,,142.0,26.501654,-0.06636015,142.0,26.501654,-0.30696595,,,,,,,,,,,,,,,,,,,,,,,,,,,,,,,,,,,,,,,,,,,,,,,,,,,,,,,,,,,,,,,
142.0,26.531633,0.19781345,142.0,26.531633,0.19587982,,,,,,,,,,,,,,,,,,,,,,,,,,,,,,,,,,,,,,,,,,,,,,,,,,,,,,,,,,,,,142.0,26.531633,0.5175281,142.0,26.531633,0.06142966,,,,,,,,,,,,,,,,,,,,,,,,,,,,,,,,,,,,,,,,,,,,,,,,,,,,,,,,,,,,,,,
142.0,26.561611,0.19172989,142.0,26.561611,0.19671278,,,,,,,,,,,,,,,,,,,,,,,,,,,,,,,,,,,,,,,,,,,,,,,,,,,,,,,,,,,,,142.0,26.561611,-0.6027434,142.0,26.561611,0.19758813,,,,,,,,,,,,,,,,,,,,,,,,,,,,,,,,,,,,,,,,,,,,,,,,,,,,,,,,,,,,,,,
142.0,26.59159,0.19747137,142.0,26.59159,0.1971144,,,,,,,,,,,,,,,,,,,,,,,,,,,,,,,,,,,,,,,,,,,,,,,,,,,,,,,,,,,,,142.0,26.59159,0.55802727,142.0,26.59159,0.29129085,,,,,,,,,,,,,,,,,,,,,,,,,,,,,,,,,,,,,,,,,,,,,,,,,,,,,,,,,,,,,,,
142.0,26.62157,0.19583519,142.0,26.62157,0.19394615,,,,,,,,,,,,,,,,,,,,,,,,,,,,,,,,,,,,,,,,,,,,,,,,,,,,,,,,,,,,,142.0,26.62157,0.20167801,142.0,26.62157,-0.34429547,,,,,,,,,,,,,,,,,,,,,,,,,,,,,,,,,,,,,,,,,,,,,,,,,,,,,,,,,,,,,,,
142.0,26.65155,0.19762011,142.0,26.65155,0.19680202,,,,,,,,,,,,,,,,,,,,,,,,,,,,,,,,,,,,,,,,,,,,,,,,,,,,,,,,,,,,,142.0,26.65155,0.4967336,142.0,26.65155,0.21452445,,,,,,,,,,,,,,,,,,,,,,,,,,,,,,,,,,,,,,,,,,,,,,,,,,,,,,,,,,,,,,,
142.0,26.681528,0.19909267,142.0,26.681528,0.19602855,,,,,,,,,,,,,,,,,,,,,,,,,,,,,,,,,,,,,,,,,,,,,,,,,,,,,,,,,,,,,142.0,26.681528,0.7861244,142.0,26.681528,0.054991655,,,,,,,,,,,,,,,,,,,,,,,,,,,,,,,,,,,,,,,,,,,,,,,,,,,,,,,,,,,,,,,
142.0,26.711508,0.19470474,142.0,26.711508,0.19666816,,,,,,,,,,,,,,,,,,,,,,,,,,,,,,,,,,,,,,,,,,,,,,,,,,,,,,,,,,,,,142.0,26.711508,-0.009960316,142.0,26.711508,0.16971259,,,,,,,,,,,,,,,,,,,,,,,,,,,,,,,,,,,,,,,,,,,,,,,,,,,,,,,,,,,,,,,
142.0,26.741488,0.19519562,142.0,26.741488,0.1936933,,,,,,,,,,,,,,,,,,,,,,,,,,,,,,,,,,,,,,,,,,,,,,,,,,,,,,,,,,,,,142.0,26.741488,0.049956456,142.0,26.741488,-0.35158044,,,,,,,,,,,,,,,,,,,,,,,,,,,,,,,,,,,,,,,,,,,,,,,,,,,,,,,,,,,,,,,
142.0,26.771467,0.19486837,142.0,26.771467,0.19574596,,,,,,,,,,,,,,,,,,,,,,,,,,,,,,,,,,,,,,,,,,,,,,,,,,,,,,,,,,,,,142.0,26.771467,0.0056099296,142.0,26.771467,0.037359077,,,,,,,,,,,,,,,,,,,,,,,,,,,,,,,,,,,,,,,,,,,,,,,,,,,,,,,,,,,,,,,
142.0,26.801445,0.19515097,142.0,26.801445,0.19410975,,,,,,,,,,,,,,,,,,,,,,,,,,,,,,,,,,,,,,,,,,,,,,,,,,,,,,,,,,,,,142.0,26.801445,0.089853674,142.0,26.801445,-0.33505845,,,,,,,,,,,,,,,,,,,,,,,,,,,,,,,,,,,,,,,,,,,,,,,,,,,,,,,,,,,,,,,
142.0,26.831425,0.19430313,142.0,26.831425,0.19379742,,,,,,,,,,,,,,,,,,,,,,,,,,,,,,,,,,,,,,,,,,,,,,,,,,,,,,,,,,,,,142.0,26.831425,-0.07612808,142.0,26.831425,-0.3322814,,,,,,,,,,,,,,,,,,,,,,,,,,,,,,,,,,,,,,,,,,,,,,,,,,,,,,,,,,,,,,,
142.0,26.861404,0.19147703,142.0,26.861404,0.19222073,,,,,,,,,,,,,,,,,,,,,,,,,,,,,,,,,,,,,,,,,,,,,,,,,,,,,,,,,,,,,142.0,26.861404,-0.64946395,142.0,26.861404,-0.64513063,,,,,,,,,,,,,,,,,,,,,,,,,,,,,,,,,,,,,,,,,,,,,,,,,,,,,,,,,,,,,,,
142.0,26.891384,0.1953592,142.0,26.891384,0.19790274,,,,,,,,,,,,,,,,,,,,,,,,,,,,,,,,,,,,,,,,,,,,,,,,,,,,,,,,,,,,,142.0,26.891384,0.05554164,142.0,26.891384,0.3910619,,,,,,,,,,,,,,,,,,,,,,,,,,,,,,,,,,,,,,,,,,,,,,,,,,,,,,,,,,,,,,,
142.0,26.921362,0.19483861,142.0,26.921362,0.19535922,,,,,,,,,,,,,,,,,,,,,,,,,,,,,,,,,,,,,,,,,,,,,,,,,,,,,,,,,,,,,142.0,26.921362,-0.031823892,142.0,26.921362,-0.05154379,,,,,,,,,,,,,,,,,,,,,,,,,,,,,,,,,,,,,,,,,,,,,,,,,,,,,,,,,,,,,,,
142.0,26.951342,0.19439238,142.0,26.951342,0.19385691,,,,,,,,,,,,,,,,,,,,,,,,,,,,,,,,,,,,,,,,,,,,,,,,,,,,,,,,,,,,,142.0,26.951342,-0.122322984,142.0,26.951342,-0.32816824,,,,,,,,,,,,,,,,,,,,,,,,,,,,,,,,,,,,,,,,,,,,,,,,,,,,,,,,,,,,,,,
142.0,26.981321,0.1963409,142.0,26.981321,0.19549309,,,,,,,,,,,,,,,,,,,,,,,,,,,,,,,,,,,,,,,,,,,,,,,,,,,,,,,,,,,,,142.0,26.981321,0.26862526,142.0,26.981321,-0.025885424,,,,,,,,,,,,,,,,,,,,,,,,,,,,,,,,,,,,,,,,,,,,,,,,,,,,,,,,,,,,,,,
142.0,27.011301,0.19372304,142.0,27.011301,0.1932917,,,,,,,,,,,,,,,,,,,,,,,,,,,,,,,,,,,,,,,,,,,,,,,,,,,,,,,,,,,,,142.0,27.011301,-0.20424072,142.0,27.011301,-0.4200109,,,,,,,,,,,,,,,,,,,,,,,,,,,,,,,,,,,,,,,,,,,,,,,,,,,,,,,,,,,,,,,
142.0,27.041279,0.19440725,142.0,27.041279,0.19396102,,,,,,,,,,,,,,,,,,,,,,,,,,,,,,,,,,,,,,,,,,,,,,,,,,,,,,,,,,,,,142.0,27.041279,-0.038959477,142.0,27.041279,-0.277252,,,,,,,,,,,,,,,,,,,,,,,,,,,,,,,,,,,,,,,,,,,,,,,,,,,,,,,,,,,,,,,
142.0,27.071259,0.19647479,142.0,27.071259,0.19344042,,,,,,,,,,,,,,,,,,,,,,,,,,,,,,,,,,,,,,,,,,,,,,,,,,,,,,,,,,,,,142.0,27.071259,0.29291064,142.0,27.071259,-0.42615038,,,,,,,,,,,,,,,,,,,,,,,,,,,,,,,,,,,,,,,,,,,,,,,,,,,,,,,,,,,,,,,
142.0,27.101238,0.19825971,142.0,27.101238,0.19360405,,,,,,,,,,,,,,,,,,,,,,,,,,,,,,,,,,,,,,,,,,,,,,,,,,,,,,,,,,,,,142.0,27.101238,0.61266756,142.0,27.101238,-0.3762983,,,,,,,,,,,,,,,,,,,,,,,,,,,,,,,,,,,,,,,,,,,,,,,,,,,,,,,,,,,,,,,
142.0,27.131218,0.19342558,142.0,27.131218,0.1976201,,,,,,,,,,,,,,,,,,,,,,,,,,,,,,,,,,,,,,,,,,,,,,,,,,,,,,,,,,,,,142.0,27.131218,-0.2694695,142.0,27.131218,0.37728006,,,,,,,,,,,,,,,,,,,,,,,,,,,,,,,,,,,,,,,,,,,,,,,,,,,,,,,,,,,,,,,
142.0,27.161196,0.19333631,142.0,27.161196,0.19555259,,,,,,,,,,,,,,,,,,,,,,,,,,,,,,,,,,,,,,,,,,,,,,,,,,,,,,,,,,,,,142.0,27.161196,-0.31125167,142.0,27.161196,-0.031840682,,,,,,,,,,,,,,,,,,,,,,,,,,,,,,,,,,,,,,,,,,,,,,,,,,,,,,,,,,,,,,,
142.0,27.191175,0.19596905,142.0,27.191175,0.19980663,,,,,,,,,,,,,,,,,,,,,,,,,,,,,,,,,,,,,,,,,,,,,,,,,,,,,,,,,,,,,142.0,27.191175,0.26387036,142.0,27.191175,0.75709575,,,,,,,,,,,,,,,,,,,,,,,,,,,,,,,,,,,,,,,,,,,,,,,,,,,,,,,,,,,,,,,
142.0,27.221155,0.19547823,142.0,27.221155,0.19689128,,,,,,,,,,,,,,,,,,,,,,,,,,,,,,,,,,,,,,,,,,,,,,,,,,,,,,,,,,,,,142.0,27.221155,0.08930106,142.0,27.221155,0.19793881,,,,,,,,,,,,,,,,,,,,,,,,,,,,,,,,,,,,,,,,,,,,,,,,,,,,,,,,,,,,,,,
142.0,27.251135,0.19168526,142.0,27.251135,0.19342555,,,,,,,,,,,,,,,,,,,,,,,,,,,,,,,,,,,,,,,,,,,,,,,,,,,,,,,,,,,,,142.0,27.251135,-0.6266326,142.0,27.251135,-0.3894459,,,,,,,,,,,,,,,,,,,,,,,,,,,,,,,,,,,,,,,,,,,,,,,,,,,,,,,,,,,,,,,
142.0,27.281113,0.19589469,142.0,27.281113,0.19671278,,,,,,,,,,,,,,,,,,,,,,,,,,,,,,,,,,,,,,,,,,,,,,,,,,,,,,,,,,,,,142.0,27.281113,0.14617029,142.0,27.281113,0.23811992,,,,,,,,,,,,,,,,,,,,,,,,,,,,,,,,,,,,,,,,,,,,,,,,,,,,,,,,,,,,,,,
142.0,27.311092,0.19214636,142.0,27.311092,0.19678715,,,,,,,,,,,,,,,,,,,,,,,,,,,,,,,,,,,,,,,,,,,,,,,,,,,,,,,,,,,,,142.0,27.311092,-0.45535463,142.0,27.311092,0.20648102,,,,,,,,,,,,,,,,,,,,,,,,,,,,,,,,,,,,,,,,,,,,,,,,,,,,,,,,,,,,,,,
142.0,27.341072,0.1957162,142.0,27.341072,0.19671279,,,,,,,,,,,,,,,,,,,,,,,,,,,,,,,,,,,,,,,,,,,,,,,,,,,,,,,,,,,,,142.0,27.341072,0.19851393,142.0,27.341072,0.15739813,,,,,,,,,,,,,,,,,,,,,,,,,,,,,,,,,,,,,,,,,,,,,,,,,,,,,,,,,,,,,,,
142.0,27.371052,0.19518071,142.0,27.371052,0.1942734,,,,,,,,,,,,,,,,,,,,,,,,,,,,,,,,,,,,,,,,,,,,,,,,,,,,,,,,,,,,,142.0,27.371052,0.06540694,142.0,27.371052,-0.22944927,,,,,,,,,,,,,,,,,,,,,,,,,,,,,,,,,,,,,,,,,,,,,,,,,,,,,,,,,,,,,,,
142.0,27.401031,0.19555259,142.0,27.401031,0.1963558,,,,,,,,,,,,,,,,,,,,,,,,,,,,,,,,,,,,,,,,,,,,,,,,,,,,,,,,,,,,,142.0,27.401031,0.13040598,142.0,27.401031,0.11054475,,,,,,,,,,,,,,,,,,,,,,,,,,,,,,,,,,,,,,,,,,,,,,,,,,,,,,,,,,,,,,,
142.0,27.43101,0.1954187,142.0,27.43101,0.19512123,,,,,,,,,,,,,,,,,,,,,,,,,,,,,,,,,,,,,,,,,,,,,,,,,,,,,,,,,,,,,142.0,27.43101,0.0722873,142.0,27.43101,-0.0976488,,,,,,,,,,,,,,,,,,,,,,,,,,,,,,,,,,,,,,,,,,,,,,,,,,,,,,,,,,,,,,,
142.0,27.460989,0.19586495,142.0,27.460989,0.19431801,,,,,,,,,,,,,,,,,,,,,,,,,,,,,,,,,,,,,,,,,,,,,,,,,,,,,,,,,,,,,142.0,27.460989,0.17984504,142.0,27.460989,-0.22280519,,,,,,,,,,,,,,,,,,,,,,,,,,,,,,,,,,,,,,,,,,,,,,,,,,,,,,,,,,,,,,,
142.0,27.490969,0.19251823,142.0,27.490969,0.19634092,,,,,,,,,,,,,,,,,,,,,,,,,,,,,,,,,,,,,,,,,,,,,,,,,,,,,,,,,,,,,142.0,27.490969,-0.50394017,142.0,27.490969,0.17696273,,,,,,,,,,,,,,,,,,,,,,,,,,,,,,,,,,,,,,,,,,,,,,,,,,,,,,,,,,,,,,,
142.0,27.520948,0.19448164,142.0,27.520948,0.19418414,,,,,,,,,,,,,,,,,,,,,,,,,,,,,,,,,,,,,,,,,,,,,,,,,,,,,,,,,,,,,142.0,27.520948,-0.08088493,142.0,27.520948,-0.2873186,,,,,,,,,,,,,,,,,,,,,,,,,,,,,,,,,,,,,,,,,,,,,,,,,,,,,,,,,,,,,,,
142.0,27.550926,0.19260746,142.0,27.550926,0.19297932,,,,,,,,,,,,,,,,,,,,,,,,,,,,,,,,,,,,,,,,,,,,,,,,,,,,,,,,,,,,,142.0,27.550926,-0.41472754,142.0,27.550926,-0.52966005,,,,,,,,,,,,,,,,,,,,,,,,,,,,,,,,,,,,,,,,,,,,,,,,,,,,,,,,,,,,,,,
142.0,27.580906,0.19018295,142.0,27.580906,0.19574594,,,,,,,,,,,,,,,,,,,,,,,,,,,,,,,,,,,,,,,,,,,,,,,,,,,,,,,,,,,,,142.0,27.580906,-0.8514917,142.0,27.580906,0.009275509,,,,,,,,,,,,,,,,,,,,,,,,,,,,,,,,,,,,,,,,,,,,,,,,,,,,,,,,,,,,,,,
142.0,27.610886,0.1960583,142.0,27.610886,0.19430313,,,,,,,,,,,,,,,,,,,,,,,,,,,,,,,,,,,,,,,,,,,,,,,,,,,,,,,,,,,,,142.0,27.610886,0.23462301,142.0,27.610886,-0.2618044,,,,,,,,,,,,,,,,,,,,,,,,,,,,,,,,,,,,,,,,,,,,,,,,,,,,,,,,,,,,,,,
142.0,27.640865,0.19598395,142.0,27.640865,0.19440725,,,,,,,,,,,,,,,,,,,,,,,,,,,,,,,,,,,,,,,,,,,,,,,,,,,,,,,,,,,,,142.0,27.640865,0.22580893,142.0,27.640865,-0.25468364,,,,,,,,,,,,,,,,,,,,,,,,,,,,,,,,,,,,,,,,,,,,,,,,,,,,,,,,,,,,,,,
142.0,27.670843,0.19586493,142.0,27.670843,0.19366354,,,,,,,,,,,,,,,,,,,,,,,,,,,,,,,,,,,,,,,,,,,,,,,,,,,,,,,,,,,,,142.0,27.670843,0.1609065,142.0,27.670843,-0.38748255,,,,,,,,,,,,,,,,,,,,,,,,,,,,,,,,,,,,,,,,,,,,,,,,,,,,,,,,,,,,,,,
142.0,27.700823,0.19204225,142.0,27.700823,0.1970995,,,,,,,,,,,,,,,,,,,,,,,,,,,,,,,,,,,,,,,,,,,,,,,,,,,,,,,,,,,,,142.0,27.700823,-0.5852465,142.0,27.700823,0.2621497,,,,,,,,,,,,,,,,,,,,,,,,,,,,,,,,,,,,,,,,,,,,,,,,,,,,,,,,,,,,,,,
142.0,27.730803,0.191834,142.0,27.730803,0.19796222,,,,,,,,,,,,,,,,,,,,,,,,,,,,,,,,,,,,,,,,,,,,,,,,,,,,,,,,,,,,,142.0,27.730803,-0.6077273,142.0,27.730803,0.41692632,,,,,,,,,,,,,,,,,,,,,,,,,,,,,,,,,,,,,,,,,,,,,,,,,,,,,,,,,,,,,,,
142.0,27.760782,0.19466013,142.0,27.760782,0.19477911,,,,,,,,,,,,,,,,,,,,,,,,,,,,,,,,,,,,,,,,,,,,,,,,,,,,,,,,,,,,,142.0,27.760782,-0.05304591,142.0,27.760782,-0.12311835,,,,,,,,,,,,,,,,,,,,,,,,,,,,,,,,,,,,,,,,,,,,,,,,,,,,,,,,,,,,,,,
142.0,27.79076,0.19824481,142.0,27.79076,0.19738214,,,,,,,,,,,,,,,,,,,,,,,,,,,,,,,,,,,,,,,,,,,,,,,,,,,,,,,,,,,,,142.0,27.79076,0.62439173,142.0,27.79076,0.31095484,,,,,,,,,,,,,,,,,,,,,,,,,,,,,,,,,,,,,,,,,,,,,,,,,,,,,,,,,,,,,,,
142.0,27.82074,0.19714414,142.0,27.82074,0.19367842,,,,,,,,,,,,,,,,,,,,,,,,,,,,,,,,,,,,,,,,,,,,,,,,,,,,,,,,,,,,,142.0,27.82074,0.44009802,142.0,27.82074,-0.35344568,,,,,,,,,,,,,,,,,,,,,,,,,,,,,,,,,,,,,,,,,,,,,,,,,,,,,,,,,,,,,,,
142.0,27.85072,0.19498736,142.0,27.85072,0.19516584,,,,,,,,,,,,,,,,,,,,,,,,,,,,,,,,,,,,,,,,,,,,,,,,,,,,,,,,,,,,,142.0,27.85072,0.055220224,142.0,27.85072,-0.063832015,,,,,,,,,,,,,,,,,,,,,,,,,,,,,,,,,,,,,,,,,,,,,,,,,,,,,,,,,,,,,,,
142.0,27.8807,0.1952551,142.0,27.8807,0.19509147,,,,,,,,,,,,,,,,,,,,,,,,,,,,,,,,,,,,,,,,,,,,,,,,,,,,,,,,,,,,,142.0,27.8807,0.09975886,142.0,27.8807,-0.11106843,,,,,,,,,,,,,,,,,,,,,,,,,,,,,,,,,,,,,,,,,,,,,,,,,,,,,,,,,,,,,,,
142.0,27.910677,0.19547822,142.0,27.910677,0.19526997,,,,,,,,,,,,,,,,,,,,,,,,,,,,,,,,,,,,,,,,,,,,,,,,,,,,,,,,,,,,,142.0,27.910677,0.077501856,142.0,27.910677,-0.083776176,,,,,,,,,,,,,,,,,,,,,,,,,,,,,,,,,,,,,,,,,,,,,,,,,,,,,,,,,,,,,,,
142.0,27.940657,0.19555257,142.0,27.940657,0.19845307,,,,,,,,,,,,,,,,,,,,,,,,,,,,,,,,,,,,,,,,,,,,,,,,,,,,,,,,,,,,,142.0,27.940657,0.1431927,142.0,27.940657,0.53236616,,,,,,,,,,,,,,,,,,,,,,,,,,,,,,,,,,,,,,,,,,,,,,,,,,,,,,,,,,,,,,,
142.0,27.970636,0.1925777,142.0,27.970636,0.19781347,,,,,,,,,,,,,,,,,,,,,,,,,,,,,,,,,,,,,,,,,,,,,,,,,,,,,,,,,,,,,142.0,27.970636,-0.47157586,142.0,27.970636,0.43563855,,,,,,,,,,,,,,,,,,,,,,,,,,,,,,,,,,,,,,,,,,,,,,,,,,,,,,,,,,,,,,,
142.0,28.000616,0.19601369,142.0,28.000616,0.19568644,,,,,,,,,,,,,,,,,,,,,,,,,,,,,,,,,,,,,,,,,,,,,,,,,,,,,,,,,,,,,142.0,28.000616,0.22888817,142.0,28.000616,0.027587917,,,,,,,,,,,,,,,,,,,,,,,,,,,,,,,,,,,,,,,,,,,,,,,,,,,,,,,,,,,,,,,
142.0,28.030594,0.19226536,142.0,28.030594,0.19497246,,,,,,,,,,,,,,,,,,,,,,,,,,,,,,,,,,,,,,,,,,,,,,,,,,,,,,,,,,,,,142.0,28.030594,-0.46534497,142.0,28.030594,-0.106961586,,,,,,,,,,,,,,,,,,,,,,,,,,,,,,,,,,,,,,,,,,,,,,,,,,,,,,,,,,,,,,,
142.0,28.060574,0.19396102,142.0,28.060574,0.19357428,,,,,,,,,,,,,,,,,,,,,,,,,,,,,,,,,,,,,,,,,,,,,,,,,,,,,,,,,,,,,142.0,28.060574,-0.23442739,142.0,28.060574,-0.38740036,,,,,,,,,,,,,,,,,,,,,,,,,,,,,,,,,,,,,,,,,,,,,,,,,,,,,,,,,,,,,,,
142.0,28.090553,0.19723338,142.0,28.090553,0.1939759,,,,,,,,,,,,,,,,,,,,,,,,,,,,,,,,,,,,,,,,,,,,,,,,,,,,,,,,,,,,,142.0,28.090553,0.48863846,142.0,28.090553,-0.2865002,,,,,,,,,,,,,,,,,,,,,,,,,,,,,,,,,,,,,,,,,,,,,,,,,,,,,,,,,,,,,,,
142.0,28.120533,0.194437,142.0,28.120533,0.19631118,,,,,,,,,,,,,,,,,,,,,,,,,,,,,,,,,,,,,,,,,,,,,,,,,,,,,,,,,,,,,142.0,28.120533,-0.066314615,142.0,28.120533,0.16899472,,,,,,,,,,,,,,,,,,,,,,,,,,,,,,,,,,,,,,,,,,,,,,,,,,,,,,,,,,,,,,,
142.0,28.150513,0.19596905,142.0,28.150513,0.1955972,,,,,,,,,,,,,,,,,,,,,,,,,,,,,,,,,,,,,,,,,,,,,,,,,,,,,,,,,,,,,142.0,28.150513,0.24352026,142.0,28.150513,0.0055554807,,,,,,,,,,,,,,,,,,,,,,,,,,,,,,,,,,,,,,,,,,,,,,,,,,,,,,,,,,,,,,,
142.0,28.18049,0.19482374,142.0,28.18049,0.19445188,,,,,,,,,,,,,,,,,,,,,,,,,,,,,,,,,,,,,,,,,,,,,,,,,,,,,,,,,,,,,142.0,28.18049,0.008299198,142.0,28.18049,-0.20663293,,,,,,,,,,,,,,,,,,,,,,,,,,,,,,,,,,,,,,,,,,,,,,,,,,,,,,,,,,,,,,,
142.0,28.21047,0.19338092,142.0,28.21047,0.19665328,,,,,,,,,,,,,,,,,,,,,,,,,,,,,,,,,,,,,,,,,,,,,,,,,,,,,,,,,,,,,142.0,28.21047,-0.2942354,142.0,28.21047,0.13762,,,,,,,,,,,,,,,,,,,,,,,,,,,,,,,,,,,,,,,,,,,,,,,,,,,,,,,,,,,,,,,
142.0,28.24045,0.19626656,142.0,28.24045,0.19751598,,,,,,,,,,,,,,,,,,,,,,,,,,,,,,,,,,,,,,,,,,,,,,,,,,,,,,,,,,,,,142.0,28.24045,0.26387998,142.0,28.24045,0.3447324,,,,,,,,,,,,,,,,,,,,,,,,,,,,,,,,,,,,,,,,,,,,,,,,,,,,,,,,,,,,,,,
142.0,28.27043,0.19463038,142.0,28.27043,0.19314295,,,,,,,,,,,,,,,,,,,,,,,,,,,,,,,,,,,,,,,,,,,,,,,,,,,,,,,,,,,,,142.0,28.27043,-0.11149486,142.0,28.27043,-0.47152063,,,,,,,,,,,,,,,,,,,,,,,,,,,,,,,,,,,,,,,,,,,,,,,,,,,,,,,,,,,,,,,
142.0,28.300407,0.19101591,142.0,28.300407,0.19784322,,,,,,,,,,,,,,,,,,,,,,,,,,,,,,,,,,,,,,,,,,,,,,,,,,,,,,,,,,,,,142.0,28.300407,-0.70203006,142.0,28.300407,0.37186274,,,,,,,,,,,,,,,,,,,,,,,,,,,,,,,,,,,,,,,,,,,,,,,,,,,,,,,,,,,,,,,
142.0,28.330387,0.19660866,142.0,28.330387,0.19394617,,,,,,,,,,,,,,,,,,,,,,,,,,,,,,,,,,,,,,,,,,,,,,,,,,,,,,,,,,,,,142.0,28.330387,0.3288543,142.0,28.330387,-0.31045887,,,,,,,,,,,,,,,,,,,,,,,,,,,,,,,,,,,,,,,,,,,,,,,,,,,,,,,,,,,,,,,
142.0,28.360367,0.19260748,142.0,28.360367,0.19399077,,,,,,,,,,,,,,,,,,,,,,,,,,,,,,,,,,,,,,,,,,,,,,,,,,,,,,,,,,,,,142.0,28.360367,-0.38518116,142.0,28.360367,-0.30152008,,,,,,,,,,,,,,,,,,,,,,,,,,,,,,,,,,,,,,,,,,,,,,,,,,,,,,,,,,,,,,,
142.0,28.390347,0.19811095,142.0,28.390347,0.19425851,,,,,,,,,,,,,,,,,,,,,,,,,,,,,,,,,,,,,,,,,,,,,,,,,,,,,,,,,,,,,142.0,28.390347,0.6183302,142.0,28.390347,-0.1945689,,,,,,,,,,,,,,,,,,,,,,,,,,,,,,,,,,,,,,,,,,,,,,,,,,,,,,,,,,,,,,,
142.0,28.420324,0.18987058,142.0,28.420324,0.19303882,,,,,,,,,,,,,,,,,,,,,,,,,,,,,,,,,,,,,,,,,,,,,,,,,,,,,,,,,,,,,142.0,28.420324,-0.94707274,142.0,28.420324,-0.44471306,,,,,,,,,,,,,,,,,,,,,,,,,,,,,,,,,,,,,,,,,,,,,,,,,,,,,,,,,,,,,,,
142.0,28.450304,0.19653429,142.0,28.450304,0.19439238,,,,,,,,,,,,,,,,,,,,,,,,,,,,,,,,,,,,,,,,,,,,,,,,,,,,,,,,,,,,,142.0,28.450304,0.30330622,142.0,28.450304,-0.24560052,,,,,,,,,,,,,,,,,,,,,,,,,,,,,,,,,,,,,,,,,,,,,,,,,,,,,,,,,,,,,,,
142.0,28.480284,0.19769448,142.0,28.480284,0.19919679,,,,,,,,,,,,,,,,,,,,,,,,,,,,,,,,,,,,,,,,,,,,,,,,,,,,,,,,,,,,,142.0,28.480284,0.5277355,142.0,28.480284,0.68331873,,,,,,,,,,,,,,,,,,,,,,,,,,,,,,,,,,,,,,,,,,,,,,,,,,,,,,,,,,,,,,,
142.0,28.510263,0.19259259,142.0,28.510263,0.1979771,,,,,,,,,,,,,,,,,,,,,,,,,,,,,,,,,,,,,,,,,,,,,,,,,,,,,,,,,,,,,142.0,28.510263,-0.433273,142.0,28.510263,0.45904848,,,,,,,,,,,,,,,,,,,,,,,,,,,,,,,,,,,,,,,,,,,,,,,,,,,,,,,,,,,,,,,
142.0,28.540241,0.19626655,142.0,28.540241,0.19385691,,,,,,,,,,,,,,,,,,,,,,,,,,,,,,,,,,,,,,,,,,,,,,,,,,,,,,,,,,,,,142.0,28.540241,0.26052517,142.0,28.540241,-0.36796635,,,,,,,,,,,,,,,,,,,,,,,,,,,,,,,,,,,,,,,,,,,,,,,,,,,,,,,,,,,,,,,
142.0,28.57022,0.1962368,142.0,28.57022,0.19776887,,,,,,,,,,,,,,,,,,,,,,,,,,,,,,,,,,,,,,,,,,,,,,,,,,,,,,,,,,,,,142.0,28.57022,0.2435476,142.0,28.57022,0.4694066,,,,,,,,,,,,,,,,,,,,,,,,,,,,,,,,,,,,,,,,,,,,,,,,,,,,,,,,,,,,,,,
142.0,28.6002,0.19470474,142.0,28.6002,0.1960583,,,,,,,,,,,,,,,,,,,,,,,,,,,,,,,,,,,,,,,,,,,,,,,,,,,,,,,,,,,,,142.0,28.6002,-0.0053278455,142.0,28.6002,0.030932864,,,,,,,,,,,,,,,,,,,,,,,,,,,,,,,,,,,,,,,,,,,,,,,,,,,,,,,,,,,,,,,
142.0,28.63018,0.19463038,142.0,28.63018,0.19574593,,,,,,,,,,,,,,,,,,,,,,,,,,,,,,,,,,,,,,,,,,,,,,,,,,,,,,,,,,,,,142.0,28.63018,-0.000768794,142.0,28.63018,0.06869123,,,,,,,,,,,,,,,,,,,,,,,,,,,,,,,,,,,,,,,,,,,,,,,,,,,,,,,,,,,,,,,
142.0,28.660158,0.194794,142.0,28.660158,0.19626655,,,,,,,,,,,,,,,,,,,,,,,,,,,,,,,,,,,,,,,,,,,,,,,,,,,,,,,,,,,,,142.0,28.660158,0.041745946,142.0,28.660158,0.11633921,,,,,,,,,,,,,,,,,,,,,,,,,,,,,,,,,,,,,,,,,,,,,,,,,,,,,,,,,,,,,,,
142.0,28.690138,0.1947345,142.0,28.690138,0.19518071,,,,,,,,,,,,,,,,,,,,,,,,,,,,,,,,,,,,,,,,,,,,,,,,,,,,,,,,,,,,,142.0,28.690138,-0.030697133,142.0,28.690138,-0.09445277,,,,,,,,,,,,,,,,,,,,,,,,,,,,,,,,,,,,,,,,,,,,,,,,,,,,,,,,,,,,,,,
142.0,28.720118,0.19574596,142.0,28.720118,0.19558233,,,,,,,,,,,,,,,,,,,,,,,,,,,,,,,,,,,,,,,,,,,,,,,,,,,,,,,,,,,,,142.0,28.720118,0.13999131,142.0,28.720118,0.004440253,,,,,,,,,,,,,,,,,,,,,,,,,,,,,,,,,,,,,,,,,,,,,,,,,,,,,,,,,,,,,,,
142.0,28.750097,0.19638555,142.0,28.750097,0.19480889,,,,,,,,,,,,,,,,,,,,,,,,,,,,,,,,,,,,,,,,,,,,,,,,,,,,,,,,,,,,,142.0,28.750097,0.27901673,142.0,28.750097,-0.17191084,,,,,,,,,,,,,,,,,,,,,,,,,,,,,,,,,,,,,,,,,,,,,,,,,,,,,,,,,,,,,,,
142.0,28.780075,0.19229512,142.0,28.780075,0.19400567,,,,,,,,,,,,,,,,,,,,,,,,,,,,,,,,,,,,,,,,,,,,,,,,,,,,,,,,,,,,,142.0,28.780075,-0.4771346,142.0,28.780075,-0.303285,,,,,,,,,,,,,,,,,,,,,,,,,,,,,,,,,,,,,,,,,,,,,,,,,,,,,,,,,,,,,,,
142.0,28.810055,0.19507661,142.0,28.810055,0.19439238,,,,,,,,,,,,,,,,,,,,,,,,,,,,,,,,,,,,,,,,,,,,,,,,,,,,,,,,,,,,,142.0,28.810055,0.03882408,142.0,28.810055,-0.20290425,,,,,,,,,,,,,,,,,,,,,,,,,,,,,,,,,,,,,,,,,,,,,,,,,,,,,,,,,,,,,,,
142.0,28.840034,0.19094153,142.0,28.840034,0.19796221,,,,,,,,,,,,,,,,,,,,,,,,,,,,,,,,,,,,,,,,,,,,,,,,,,,,,,,,,,,,,142.0,28.840034,-0.7241365,142.0,28.840034,0.43619943,,,,,,,,,,,,,,,,,,,,,,,,,,,,,,,,,,,,,,,,,,,,,,,,,,,,,,,,,,,,,,,
142.0,28.870014,0.19582033,142.0,28.870014,0.19650453,,,,,,,,,,,,,,,,,,,,,,,,,,,,,,,,,,,,,,,,,,,,,,,,,,,,,,,,,,,,,142.0,28.870014,0.30416614,142.0,28.870014,0.20648888,,,,,,,,,,,,,,,,,,,,,,,,,,,,,,,,,,,,,,,,,,,,,,,,,,,,,,,,,,,,,,,
142.0,28.899992,0.1933512,142.0,28.899992,0.19610293,,,,,,,,,,,,,,,,,,,,,,,,,,,,,,,,,,,,,,,,,,,,,,,,,,,,,,,,,,,,,142.0,28.899992,-0.27345556,142.0,28.899992,0.093986444,,,,,,,,,,,,,,,,,,,,,,,,,,,,,,,,,,,,,,,,,,,,,,,,,,,,,,,,,,,,,,,
142.0,28.929972,0.1922951,142.0,28.929972,0.19739701,,,,,,,,,,,,,,,,,,,,,,,,,,,,,,,,,,,,,,,,,,,,,,,,,,,,,,,,,,,,,142.0,28.929972,-0.52123904,142.0,28.929972,0.29000336,,,,,,,,,,,,,,,,,,,,,,,,,,,,,,,,,,,,,,,,,,,,,,,,,,,,,,,,,,,,,,,
142.0,28.959951,0.19604343,142.0,28.959951,0.19739698,,,,,,,,,,,,,,,,,,,,,,,,,,,,,,,,,,,,,,,,,,,,,,,,,,,,,,,,,,,,,142.0,28.959951,0.23339134,142.0,28.959951,0.2601498,,,,,,,,,,,,,,,,,,,,,,,,,,,,,,,,,,,,,,,,,,,,,,,,,,,,,,,,,,,,,,,
142.0,28.989931,0.19666816,142.0,28.989931,0.19516583,,,,,,,,,,,,,,,,,,,,,,,,,,,,,,,,,,,,,,,,,,,,,,,,,,,,,,,,,,,,,142.0,28.989931,0.3051493,142.0,28.989931,-0.13051812,,,,,,,,,,,,,,,,,,,,,,,,,,,,,,,,,,,,,,,,,,,,,,,,,,,,,,,,,,,,,,,
142.0,29.01991,0.19619219,142.0,29.01991,0.1914919,,,,,,,,,,,,,,,,,,,,,,,,,,,,,,,,,,,,,,,,,,,,,,,,,,,,,,,,,,,,,142.0,29.01991,0.23867811,142.0,29.01991,-0.798266,,,,,,,,,,,,,,,,,,,,,,,,,,,,,,,,,,,,,,,,,,,,,,,,,,,,,,,,,,,,,,,
142.0,29.049889,0.1954187,142.0,29.049889,0.19796222,,,,,,,,,,,,,,,,,,,,,,,,,,,,,,,,,,,,,,,,,,,,,,,,,,,,,,,,,,,,,142.0,29.049889,0.09105909,142.0,29.049889,0.41218093,,,,,,,,,,,,,,,,,,,,,,,,,,,,,,,,,,,,,,,,,,,,,,,,,,,,,,,,,,,,,,,
142.0,29.079868,0.1950766,142.0,29.079868,0.1946155,,,,,,,,,,,,,,,,,,,,,,,,,,,,,,,,,,,,,,,,,,,,,,,,,,,,,,,,,,,,,142.0,29.079868,0.02916855,142.0,29.079868,-0.16316053,,,,,,,,,,,,,,,,,,,,,,,,,,,,,,,,,,,,,,,,,,,,,,,,,,,,,,,,,,,,,,,
142.0,29.109848,0.19532947,142.0,29.109848,0.19817048,,,,,,,,,,,,,,,,,,,,,,,,,,,,,,,,,,,,,,,,,,,,,,,,,,,,,,,,,,,,,142.0,29.109848,0.098112404,142.0,29.109848,0.47631848,,,,,,,,,,,,,,,,,,,,,,,,,,,,,,,,,,,,,,,,,,,,,,,,,,,,,,,,,,,,,,,
142.0,29.139828,0.19254798,142.0,29.139828,0.19814071,,,,,,,,,,,,,,,,,,,,,,,,,,,,,,,,,,,,,,,,,,,,,,,,,,,,,,,,,,,,,142.0,29.139828,-0.43360463,142.0,29.139828,0.4054592,,,,,,,,,,,,,,,,,,,,,,,,,,,,,,,,,,,,,,,,,,,,,,,,,,,,,,,,,,,,,,,
142.0,29.169806,0.19836383,142.0,29.169806,0.19289008,,,,,,,,,,,,,,,,,,,,,,,,,,,,,,,,,,,,,,,,,,,,,,,,,,,,,,,,,,,,,142.0,29.169806,0.6612966,142.0,29.169806,-0.50450015,,,,,,,,,,,,,,,,,,,,,,,,,,,,,,,,,,,,,,,,,,,,,,,,,,,,,,,,,,,,,,,
142.0,29.199785,0.19632603,142.0,29.199785,0.19522534,,,,,,,,,,,,,,,,,,,,,,,,,,,,,,,,,,,,,,,,,,,,,,,,,,,,,,,,,,,,,142.0,29.199785,0.26128352,142.0,29.199785,-0.064262204,,,,,,,,,,,,,,,,,,,,,,,,,,,,,,,,,,,,,,,,,,,,,,,,,,,,,,,,,,,,,,,
142.0,29.229765,0.19549309,142.0,29.229765,0.19233972,,,,,,,,,,,,,,,,,,,,,,,,,,,,,,,,,,,,,,,,,,,,,,,,,,,,,,,,,,,,,142.0,29.229765,0.07469821,142.0,29.229765,-0.577137,,,,,,,,,,,,,,,,,,,,,,,,,,,,,,,,,,,,,,,,,,,,,,,,,,,,,,,,,,,,,,,
142.0,29.259745,0.19680203,142.0,29.259745,0.19769448,,,,,,,,,,,,,,,,,,,,,,,,,,,,,,,,,,,,,,,,,,,,,,,,,,,,,,,,,,,,,142.0,29.259745,0.33882126,142.0,29.259745,0.35358894,,,,,,,,,,,,,,,,,,,,,,,,,,,,,,,,,,,,,,,,,,,,,,,,,,,,,,,,,,,,,,,
142.0,29.289722,0.19446675,142.0,29.289722,0.19662353,,,,,,,,,,,,,,,,,,,,,,,,,,,,,,,,,,,,,,,,,,,,,,,,,,,,,,,,,,,,,142.0,29.289722,-0.10645738,142.0,29.289722,0.20379259,,,,,,,,,,,,,,,,,,,,,,,,,,,,,,,,,,,,,,,,,,,,,,,,,,,,,,,,,,,,,,,
142.0,29.319702,0.19546333,142.0,29.319702,0.19753087,,,,,,,,,,,,,,,,,,,,,,,,,,,,,,,,,,,,,,,,,,,,,,,,,,,,,,,,,,,,,142.0,29.319702,0.06084237,142.0,29.319702,0.3129677,,,,,,,,,,,,,,,,,,,,,,,,,,,,,,,,,,,,,,,,,,,,,,,,,,,,,,,,,,,,,,,
142.0,29.349682,0.19242898,142.0,29.349682,0.19668302,,,,,,,,,,,,,,,,,,,,,,,,,,,,,,,,,,,,,,,,,,,,,,,,,,,,,,,,,,,,,142.0,29.349682,-0.44151223,142.0,29.349682,0.14148627,,,,,,,,,,,,,,,,,,,,,,,,,,,,,,,,,,,,,,,,,,,,,,,,,,,,,,,,,,,,,,,
142.0,29.379662,0.19714414,142.0,29.379662,0.19460064,,,,,,,,,,,,,,,,,,,,,,,,,,,,,,,,,,,,,,,,,,,,,,,,,,,,,,,,,,,,,142.0,29.379662,0.42816523,142.0,29.379662,-0.16540194,,,,,,,,,,,,,,,,,,,,,,,,,,,,,,,,,,,,,,,,,,,,,,,,,,,,,,,,,,,,,,,
142.0,29.40964,0.19762011,142.0,29.40964,0.19446677,,,,,,,,,,,,,,,,,,,,,,,,,,,,,,,,,,,,,,,,,,,,,,,,,,,,,,,,,,,,,142.0,29.40964,0.51773334,142.0,29.40964,-0.1709755,,,,,,,,,,,,,,,,,,,,,,,,,,,,,,,,,,,,,,,,,,,,,,,,,,,,,,,,,,,,,,,
142.0,29.43962,0.19516584,142.0,29.43962,0.19463037,,,,,,,,,,,,,,,,,,,,,,,,,,,,,,,,,,,,,,,,,,,,,,,,,,,,,,,,,,,,,142.0,29.43962,0.043789517,142.0,29.43962,-0.2108146,,,,,,,,,,,,,,,,,,,,,,,,,,,,,,,,,,,,,,,,,,,,,,,,,,,,,,,,,,,,,,,
142.0,29.469599,0.1951361,142.0,29.469599,0.19561209,,,,,,,,,,,,,,,,,,,,,,,,,,,,,,,,,,,,,,,,,,,,,,,,,,,,,,,,,,,,,142.0,29.469599,-0.01715058,142.0,29.469599,-0.017993607,,,,,,,,,,,,,,,,,,,,,,,,,,,,,,,,,,,,,,,,,,,,,,,,,,,,,,,,,,,,,,,
142.0,29.499578,0.19403541,142.0,29.499578,0.19604343,,,,,,,,,,,,,,,,,,,,,,,,,,,,,,,,,,,,,,,,,,,,,,,,,,,,,,,,,,,,,142.0,29.499578,-0.16468602,142.0,29.499578,0.055787906,,,,,,,,,,,,,,,,,,,,,,,,,,,,,,,,,,,,,,,,,,,,,,,,,,,,,,,,,,,,,,,
142.0,29.529556,0.19384202,142.0,29.529556,0.19759035,,,,,,,,,,,,,,,,,,,,,,,,,,,,,,,,,,,,,,,,,,,,,,,,,,,,,,,,,,,,,142.0,29.529556,-0.21213081,142.0,29.529556,0.35979614,,,,,,,,,,,,,,,,,,,,,,,,,,,,,,,,,,,,,,,,,,,,,,,,,,,,,,,,,,,,,,,
142.0,29.559536,0.19589469,142.0,29.559536,0.19678716,,,,,,,,,,,,,,,,,,,,,,,,,,,,,,,,,,,,,,,,,,,,,,,,,,,,,,,,,,,,,142.0,29.559536,0.13663894,142.0,29.559536,0.25129732,,,,,,,,,,,,,,,,,,,,,,,,,,,,,,,,,,,,,,,,,,,,,,,,,,,,,,,,,,,,,,,
142.0,29.589516,0.19638555,142.0,29.589516,0.1962963,,,,,,,,,,,,,,,,,,,,,,,,,,,,,,,,,,,,,,,,,,,,,,,,,,,,,,,,,,,,,142.0,29.589516,0.27325976,142.0,29.589516,0.1432521,,,,,,,,,,,,,,,,,,,,,,,,,,,,,,,,,,,,,,,,,,,,,,,,,,,,,,,,,,,,,,,
142.0,29.619495,0.19410977,142.0,29.619495,0.19452627,,,,,,,,,,,,,,,,,,,,,,,,,,,,,,,,,,,,,,,,,,,,,,,,,,,,,,,,,,,,,142.0,29.619495,-0.12186415,142.0,29.619495,-0.19308494,,,,,,,,,,,,,,,,,,,,,,,,,,,,,,,,,,,,,,,,,,,,,,,,,,,,,,,,,,,,,,,
142.0,29.649473,0.19463037,142.0,29.649473,0.19524023,,,,,,,,,,,,,,,,,,,,,,,,,,,,,,,,,,,,,,,,,,,,,,,,,,,,,,,,,,,,,142.0,29.649473,-0.07332872,142.0,29.649473,-0.04896593,,,,,,,,,,,,,,,,,,,,,,,,,,,,,,,,,,,,,,,,,,,,,,,,,,,,,,,,,,,,,,,
142.0,29.679453,0.19843821,142.0,29.679453,0.19736724,,,,,,,,,,,,,,,,,,,,,,,,,,,,,,,,,,,,,,,,,,,,,,,,,,,,,,,,,,,,,142.0,29.679453,0.5999625,142.0,29.679453,0.3607718,,,,,,,,,,,,,,,,,,,,,,,,,,,,,,,,,,,,,,,,,,,,,,,,,,,,,,,,,,,,,,,
142.0,29.709433,0.19351478,142.0,29.709433,0.1952997,,,,,,,,,,,,,,,,,,,,,,,,,,,,,,,,,,,,,,,,,,,,,,,,,,,,,,,,,,,,,142.0,29.709433,-0.28503227,142.0,29.709433,-0.115324005,,,,,,,,,,,,,,,,,,,,,,,,,,,,,,,,,,,,,,,,,,,,,,,,,,,,,,,,,,,,,,,
142.0,29.739412,0.19647479,142.0,29.739412,0.19468987,,,,,,,,,,,,,,,,,,,,,,,,,,,,,,,,,,,,,,,,,,,,,,,,,,,,,,,,,,,,,142.0,29.739412,0.28913912,142.0,29.739412,-0.15432015,,,,,,,,,,,,,,,,,,,,,,,,,,,,,,,,,,,,,,,,,,,,,,,,,,,,,,,,,,,,,,,
142.0,29.76939,0.19318756,142.0,29.76939,0.19677228,,,,,,,,,,,,,,,,,,,,,,,,,,,,,,,,,,,,,,,,,,,,,,,,,,,,,,,,,,,,,142.0,29.76939,-0.32829565,142.0,29.76939,0.19004458,,,,,,,,,,,,,,,,,,,,,,,,,,,,,,,,,,,,,,,,,,,,,,,,,,,,,,,,,,,,,,,
142.0,29.79937,0.19665328,142.0,29.79937,0.19666816,,,,,,,,,,,,,,,,,,,,,,,,,,,,,,,,,,,,,,,,,,,,,,,,,,,,,,,,,,,,,142.0,29.79937,0.25313222,142.0,29.79937,0.16468385,,,,,,,,,,,,,,,,,,,,,,,,,,,,,,,,,,,,,,,,,,,,,,,,,,,,,,,,,,,,,,,
142.0,29.82935,0.19433288,142.0,29.82935,0.19635579,,,,,,,,,,,,,,,,,,,,,,,,,,,,,,,,,,,,,,,,,,,,,,,,,,,,,,,,,,,,,142.0,29.82935,-0.035732217,142.0,29.82935,0.14233345,,,,,,,,,,,,,,,,,,,,,,,,,,,,,,,,,,,,,,,,,,,,,,,,,,,,,,,,,,,,,,,
142.0,29.85933,0.18975163,142.0,29.85933,0.1990183,,,,,,,,,,,,,,,,,,,,,,,,,,,,,,,,,,,,,,,,,,,,,,,,,,,,,,,,,,,,,142.0,29.85933,-0.9912636,142.0,29.85933,0.6419315,,,,,,,,,,,,,,,,,,,,,,,,,,,,,,,,,,,,,,,,,,,,,,,,,,,,,,,,,,,,,,,
142.0,29.889309,0.19610293,142.0,29.889309,0.1954187,,,,,,,,,,,,,,,,,,,,,,,,,,,,,,,,,,,,,,,,,,,,,,,,,,,,,,,,,,,,,142.0,29.889309,0.24494511,142.0,29.889309,-0.0130735105,,,,,,,,,,,,,,,,,,,,,,,,,,,,,,,,,,,,,,,,,,,,,,,,,,,,,,,,,,,,,,,
142.0,29.919287,0.19294958,142.0,29.919287,0.19585006,,,,,,,,,,,,,,,,,,,,,,,,,,,,,,,,,,,,,,,,,,,,,,,,,,,,,,,,,,,,,142.0,29.919287,-0.33767375,142.0,29.919287,0.0067029926,,,,,,,,,,,,,,,,,,,,,,,,,,,,,,,,,,,,,,,,,,,,,,,,,,,,,,,,,,,,,,,
142.0,29.949266,0.19406514,142.0,29.949266,0.19950914,,,,,,,,,,,,,,,,,,,,,,,,,,,,,,,,,,,,,,,,,,,,,,,,,,,,,,,,,,,,,142.0,29.949266,-0.13580664,142.0,29.949266,0.69479436,,,,,,,,,,,,,,,,,,,,,,,,,,,,,,,,,,,,,,,,,,,,,,,,,,,,,,,,,,,,,,,
142.0,29.979246,0.19357428,142.0,29.979246,0.19364868,,,,,,,,,,,,,,,,,,,,,,,,,,,,,,,,,,,,,,,,,,,,,,,,,,,,,,,,,,,,,142.0,29.979246,-0.27449435,142.0,29.979246,-0.33412525,,,,,,,,,,,,,,,,,,,,,,,,,,,,,,,,,,,,,,,,,,,,,,,,,,,,,,,,,,,,,,,
