time,range_raw,copol_raw,time,range_raw,crosspol_raw,time,weather_inside_temperature,time,weather_outside_temperature,time,weather_inside_humidity,time,weather_outside_humidity,time,weather_wind_speed,time,weather_wind_direction,time,weather_barometric_pressure,time,weather_dew_point,time,weather_rain_rate,time,elevation_angle,time,azimuth_angle,time,copol_background,time,crosspol_background,time,telescope_temperature,time,detector_temperature,time,laser_temperature,time,date_yyyyMMdd,time,time_hhmmss,time,year,time,month,time,day,time,hour,time,minute,time,second,time,aod_age_secs,time,latitude,time,longitude,time,altitude,time,laser_energy,time,syncpulse,time,range_raw,copol_snr,time,range_raw,crosspol_snr,time,aeronet_aod,time,sda_aod_totals,time,sda_aod_fines,time,sda_aod_coarses,time,sda_ae_totals,time,sda_ae_fines,time,sda_dae_totals,time,sda_dae_fines,time,range_nrb,copol_nrb,time,range_nrb,crosspol_nrb,time,range_radiometer,radiometer_temperature,time,range_radiometer,radiometer_vaporDensity,time,range_radiometer,radiometer_liquid,time,range_radiometer,radiometer_relativeHumidity,time,number_of_clouds,number_of_cloud_outlines,clouds,time,number_of_clouds,pbls,time,range_vbp,extinction_coefficient,time,range_vbp,mass_concentration,time,range_vbp,VBP,time,range_nrb,depolarization_ratio,time,range_nrb,particle_type,time,number_of_particle_type,particle_type_mapping,time,lidar_ratio,time,aod
97.52778,0.029979246,30.998526,97.52778,0.029979246,18.747732,97.52778,33.833332,97.52778,34.64815,97.52778,22.0,97.52778,51.0,97.52778,0.0,97.52778,336.0,97.52778,963.7055,97.52778,23.028801,97.52778,0.0,97.52778,0.0,97.52778,0.0,97.52778,0.0006713795,97.52778,0.00059027533,97.52778,28.255554,97.52778,28.85889,97.52778,29.148888,97.52778,20240406,97.52778,124000,97.52778,2024.0,97.52778,4.0,97.52778,6.0,97.52778,12.0,97.52778,40.0,97.52778,0.0,97.52778,-1.0,97.52778,-999.0,97.52778,-999.0,97.52778,-999.0,97.52778,4.116889,97.52778,2500.0,97.52778,0.029979246,103239.164,97.52778,0.029979246,69214.28,97.52778,,97.52778,,97.52778,,97.52778,,97.52778,,97.52778,,97.52778,,97.52778,,97.52778,0.11991698,0.5693135,97.52778,0.11991698,0.044396255,,,,,,,,,,,,,97.52778,0.0,0.0,,97.52778,0.0,1.4390038,97.52778,0.11991698,0.28643203,97.52778,0.11991698,28.760302,97.52778,0.11991698,0.009547734,97.52778,0.11991698,0.07233771,97.52778,0.11991698,6.0,97.52778,0.0,WaterCloud,97.52778,30.0,97.52778,
97.52778,0.05995849,23.720673,97.52778,0.05995849,2.552774,,,,,,,,,,,,,,,,,,,,,,,,,,,,,,,,,,,,,,,,,,,,,,,,,,,,,,,,,,,,,97.52778,0.05995849,78998.625,97.52778,0.05995849,9420.686,,,,,,,,,,,,,,,,,97.52778,0.14989623,0.5524964,97.52778,0.14989623,0.040815778,,,,,,,,,,,,,97.52778,0.0,1.0,,97.52778,1.0,,97.52778,0.14989623,0.28253892,97.52778,0.14989623,28.743174,97.52778,0.14989623,0.009417964,97.52778,0.14989623,0.068790205,97.52778,0.14989623,6.0,97.52778,1.0,MixedCloud,,,,
97.52778,0.08993774,21.837318,97.52778,0.08993774,1.9986167,,,,,,,,,,,,,,,,,,,,,,,,,,,,,,,,,,,,,,,,,,,,,,,,,,,,,,,,,,,,,97.52778,0.08993774,72723.0,97.52778,0.08993774,7376.2153,,,,,,,,,,,,,,,,,97.52778,0.17987548,0.53743434,97.52778,0.17987548,0.03779675,,,,,,,,,,,,,97.52778,0.0,2.0,,97.52778,2.0,,97.52778,0.17987548,0.27940014,97.52778,0.17987548,28.72936,97.52778,0.17987548,0.009313338,97.52778,0.17987548,0.06569648,97.52778,0.17987548,6.0,97.52778,2.0,Ice/dust/ash,,,,
97.52778,0.11991698,20.300043,97.52778,0.11991698,1.686152,,,,,,,,,,,,,,,,,,,,,,,,,,,,,,,,,,,,,,,,,,,,,,,,,,,,,,,,,,,,,97.52778,0.11991698,67595.45,97.52778,0.11991698,6223.577,,,,,,,,,,,,,,,,,97.52778,0.20985472,0.5218226,97.52778,0.20985472,0.035311446,,,,,,,,,,,,,97.52778,1.0,0.0,,97.52778,3.0,,97.52778,0.20985472,0.27561724,97.52778,0.20985472,28.712715,97.52778,0.20985472,0.00918724,97.52778,0.20985472,0.06338032,97.52778,0.20985472,6.0,97.52778,3.0,Rain/Dust,,,,
97.52778,0.14989623,18.97281,97.52778,0.14989623,1.4655064,,,,,,,,,,,,,,,,,,,,,,,,,,,,,,,,,,,,,,,,,,,,,,,,,,,,,,,,,,,,,97.52778,0.14989623,63171.527,97.52778,0.14989623,5407.7065,,,,,,,,,,,,,,,,,97.52778,0.23983397,0.50707287,97.52778,0.23983397,0.033104453,,,,,,,,,,,,,97.52778,1.0,1.0,,97.52778,4.0,,97.52778,0.23983397,0.27206928,97.52778,0.23983397,28.697105,97.52778,0.23983397,0.009068975,97.52778,0.23983397,0.061282925,97.52778,0.23983397,6.0,97.52778,4.0,Molecular,,,,
97.52778,0.17987548,17.734167,97.52778,0.17987548,1.2860034,,,,,,,,,,,,,,,,,,,,,,,,,,,,,,,,,,,,,,,,,,,,,,,,,,,,,,,,,,,,,97.52778,0.17987548,59045.543,97.52778,0.17987548,4748.4526,,,,,,,,,,,,,,,,,97.52778,0.2698132,0.50276816,97.52778,0.2698132,0.031414602,,,,,,,,,,,,,97.52778,1.0,2.0,,97.52778,5.0,,97.52778,0.2698132,0.27492622,97.52778,0.2698132,28.709677,97.52778,0.2698132,0.009164208,97.52778,0.2698132,0.058806583,97.52778,0.2698132,6.0,97.52778,5.0,CleanAerosol,,,,
97.52778,0.20985472,16.472765,97.52778,0.20985472,1.1402795,,,,,,,,,,,,,,,,,,,,,,,,,,,,,,,,,,,,,,,,,,,,,,,,,,,,,,,,,,,,,97.52778,0.20985472,54859.047,97.52778,0.20985472,4208.1514,,,,,,,,,,,,,,,,,97.52778,0.29979247,0.498366,97.52778,0.29979247,0.030080609,,,,,,,,,,,,,97.52778,2.0,0.0,,97.52778,6.0,,97.52778,0.29979247,0.27777362,97.52778,0.29979247,28.722202,97.52778,0.29979247,0.00925912,97.52778,0.29979247,0.056919932,97.52778,0.29979247,6.0,97.52778,6.0,PollutedAerosol,,,,
97.52778,0.23983397,15.24959,97.52778,0.23983397,1.013952,,,,,,,,,,,,,,,,,,,,,,,,,,,,,,,,,,,,,,,,,,,,,,,,,,,,,,,,,,,,,97.52778,0.23983397,50793.98,97.52778,0.23983397,3742.4893,,,,,,,,,,,,,,,,,97.52778,0.3297717,0.49781165,97.52778,0.3297717,0.029010931,,,,,,,,,,,,,97.52778,2.0,1.0,,97.52778,7.0,,97.52778,0.3297717,0.28323007,97.52778,0.3297717,28.746212,97.52778,0.3297717,0.009441003,97.52778,0.3297717,0.05506487,97.52778,0.3297717,6.0,97.52778,7.0,Undetected,,,,
97.52778,0.2698132,14.117626,97.52778,0.2698132,0.8959243,,,,,,,,,,,,,,,,,,,,,,,,,,,,,,,,,,,,,,,,,,,,,,,,,,,,,,,,,,,,,97.52778,0.2698132,47018.293,97.52778,0.2698132,3307.284,,,,,,,,,,,,,,,,,97.52778,0.35975096,0.4992758,97.52778,0.35975096,0.025843529,,,,,,,,,,,,,97.52778,2.0,2.0,,97.52778,8.0,,97.52778,0.35975096,0.29023927,97.52778,0.35975096,28.777056,97.52778,0.35975096,0.009674642,97.52778,0.35975096,0.049213316,97.52778,0.35975096,5.0,,,,,,,
97.52778,0.29979247,13.003094,97.52778,0.29979247,0.8009371,,,,,,,,,,,,,,,,,,,,,,,,,,,,,,,,,,,,,,,,,,,,,,,,,,,,,,,,,,,,,97.52778,0.29979247,43312.86,97.52778,0.29979247,2957.298,,,,,,,,,,,,,,,,,97.52778,0.3897302,0.49411678,97.52778,0.3897302,0.027690154,,,,,,,,,,,,,97.52778,3.0,0.0,,97.52778,9.0,,97.52778,0.3897302,0.29299194,97.52778,0.3897302,28.789164,97.52778,0.3897302,0.009766397,97.52778,0.3897302,0.053050894,97.52778,0.3897302,6.0,,,,,,,
97.52778,0.3297717,11.910993,97.52778,0.3297717,0.70984674,,,,,,,,,,,,,,,,,,,,,,,,,,,,,,,,,,,,,,,,,,,,,,,,,,,,,,,,,,,,,97.52778,0.3297717,39671.473,97.52778,0.3297717,2619.9365,,,,,,,,,,,,,,,,,97.52778,0.41970944,0.49221835,97.52778,0.41970944,0.019951917,,,,,,,,,,,,,97.52778,3.0,1.0,,,,,97.52778,0.41970944,0.29807144,97.52778,0.41970944,28.811516,97.52778,0.41970944,0.009935714,97.52778,0.41970944,0.03894402,97.52778,0.41970944,5.0,,,,,,,
97.52778,0.35975096,10.775918,97.52778,0.35975096,0.62457234,,,,,,,,,,,,,,,,,,,,,,,,,,,,,,,,,,,,,,,,,,,,,,,,,,,,,,,,,,,,,97.52778,0.35975096,35899.848,97.52778,0.35975096,2303.9006,,,,,,,,,,,,,,,,,97.52778,0.4496887,0.49993038,97.52778,0.4496887,0.026518336,,,,,,,,,,,,,97.52778,3.0,2.0,,,,,97.52778,0.4496887,0.31022584,97.52778,0.4496887,28.864998,97.52778,0.4496887,0.010340862,97.52778,0.4496887,0.05040195,97.52778,0.4496887,6.0,,,,,,,
97.52778,0.3897302,9.64556,97.52778,0.3897302,0.55359215,,,,,,,,,,,,,,,,,,,,,,,,,,,,,,,,,,,,,,,,,,,,,,,,,,,,,,,,,,,,,97.52778,0.3897302,32138.83,97.52778,0.3897302,2041.8607,,,,,,,,,,,,,,,,,97.52778,0.47966793,0.50063264,97.52778,0.47966793,0.019394854,,,,,,,,,,,,,97.52778,4.0,0.0,,,,,97.52778,0.47966793,0.31784576,97.52778,0.47966793,28.89852,97.52778,0.47966793,0.010594859,97.52778,0.47966793,0.037300125,97.52778,0.47966793,5.0,,,,,,,
97.52778,0.41970944,8.66866,97.52778,0.41970944,0.48191282,,,,,,,,,,,,,,,,,,,,,,,,,,,,,,,,,,,,,,,,,,,,,,,,,,,,,,,,,,,,,97.52778,0.41970944,28881.244,97.52778,0.41970944,1777.9163,,,,,,,,,,,,,,,,,97.52778,0.5096472,0.5152955,97.52778,0.5096472,0.026649728,,,,,,,,,,,,,97.52778,4.0,1.0,,,,,97.52778,0.5096472,0.3362035,97.52778,0.5096472,28.979296,97.52778,0.5096472,0.011206784,97.52778,0.5096472,0.04917705,97.52778,0.5096472,5.0,,,,,,,
97.52778,0.44968867,7.89112,97.52778,0.44968867,0.4264763,,,,,,,,,,,,,,,,,,,,,,,,,,,,,,,,,,,,,,,,,,,,,,,,,,,,,,,,,,,,,97.52778,0.44968867,26283.537,97.52778,0.44968867,1571.5287,,,,,,,,,,,,,,,,,97.52778,0.5396264,0.52489144,97.52778,0.5396264,0.026593264,,,,,,,,,,,,,97.52778,4.0,2.0,,,,,97.52778,0.5396264,0.3517597,97.52778,0.5396264,29.047743,97.52778,0.5396264,0.011725323,97.52778,0.5396264,0.048222747,97.52778,0.5396264,5.0,,,,,,,
97.52778,0.47966793,7.1242447,97.52778,0.47966793,0.38598835,,,,,,,,,,,,,,,,,,,,,,,,,,,,,,,,,,,,,,,,,,,,,,,,,,,,,,,,,,,,,97.52778,0.47966793,23736.246,97.52778,0.47966793,1422.9349,,,,,,,,,,,,,,,,,97.52778,0.56960565,0.5228976,97.52778,0.56960565,0.026719026,,,,,,,,,,,,,97.52778,5.0,0.0,,,,,97.52778,0.56960565,0.35926995,97.52778,0.56960565,29.08079,97.52778,0.56960565,0.0119756665,97.52778,0.56960565,0.048633814,97.52778,0.56960565,5.0,,,,,,,
97.52778,0.5096472,6.57217,97.52778,0.5096472,0.34480143,,,,,,,,,,,,,,,,,,,,,,,,,,,,,,,,,,,,,,,,,,,,,,,,,,,,,,,,,,,,,97.52778,0.5096472,21894.83,97.52778,0.5096472,1272.2222,,,,,,,,,,,,,,,,,97.52778,0.59958494,0.5210979,97.52778,0.59958494,0.025599968,,,,,,,,,,,,,97.52778,5.0,1.0,,,,,97.52778,0.59958494,0.36708438,97.52778,0.59958494,29.11517,97.52778,0.59958494,0.012236146,97.52778,0.59958494,0.04683268,97.52778,0.59958494,5.0,,,,,,,
97.52778,0.5396264,6.029808,97.52778,0.5396264,0.31096238,,,,,,,,,,,,,,,,,,,,,,,,,,,,,,,,,,,,,,,,,,,,,,,,,,,,,,,,,,,,,97.52778,0.5396264,20085.54,97.52778,0.5396264,1147.1678,,,,,,,,,,,,,,,,,97.52778,0.62956417,0.5210889,97.52778,0.62956417,0.025655568,,,,,,,,,,,,,97.52778,5.0,2.0,,,,,97.52778,0.62956417,0.37662452,97.52778,0.62956417,29.157148,97.52778,0.62956417,0.012554151,97.52778,0.62956417,0.046927292,97.52778,0.62956417,5.0,,,,,,,
97.52778,0.56960565,5.4529676,97.52778,0.56960565,0.2829243,,,,,,,,,,,,,,,,,,,,,,,,,,,,,,,,,,,,,,,,,,,,,,,,,,,,,,,,,,,,,97.52778,0.56960565,18170.398,97.52778,0.56960565,1042.8011,,,,,,,,,,,,,,,,,97.52778,0.6595434,0.5151838,97.52778,0.6595434,0.012429299,,,,,,,,,,,,,97.52778,6.0,0.0,,,,,97.52778,0.6595434,0.38175613,97.52778,0.6595434,29.179728,97.52778,0.6595434,0.012725203,97.52778,0.6595434,0.023560077,97.52778,0.6595434,5.0,,,,,,,
97.52778,0.59958494,4.941142,97.52778,0.59958494,0.24692845,,,,,,,,,,,,,,,,,,,,,,,,,,,,,,,,,,,,,,,,,,,,,,,,,,,,,,,,,,,,,97.52778,0.59958494,16451.396,97.52778,0.59958494,910.01666,,,,,,,,,,,,,,,,,97.52778,0.6895227,0.51181996,97.52778,0.6895227,0.02462543,,,,,,,,,,,,,97.52778,6.0,1.0,,,,,97.52778,0.6895227,0.3892124,97.52778,0.6895227,29.212534,97.52778,0.6895227,0.012973745,97.52778,0.6895227,0.045923702,97.52778,0.6895227,5.0,,,,,,,
97.52778,0.62956417,4.506143,97.52778,0.62956417,0.22690766,,,,,,,,,,,,,,,,,,,,,,,,,,,,,,,,,,,,,,,,,,,,,,,,,,,,,,,,,,,,,97.52778,0.62956417,14993.386,97.52778,0.62956417,834.9788,,,,,,,,,,,,,,,,,97.52778,0.7195019,0.5097222,97.52778,0.7195019,0.024224145,,,,,,,,,,,,,97.52778,6.0,2.0,,,,,97.52778,0.7195019,0.39805067,97.52778,0.7195019,29.251425,97.52778,0.7195019,0.013268355,97.52778,0.7195019,0.045407135,97.52778,0.7195019,5.0,,,,,,,
97.52778,0.6595434,4.1015615,97.52778,0.6595434,0.20455155,,,,,,,,,,,,,,,,,,,,,,,,,,,,,,,,,,,,,,,,,,,,,,,,,,,,,,,,,,,,,97.52778,0.6595434,13649.424,97.52778,0.6595434,753.39526,,,,,,,,,,,,,,,,,97.52778,0.74948114,0.50776196,97.52778,0.74948114,0.0072008306,,,,,,,,,,,,,97.52778,7.0,0.0,,,,,97.52778,0.74948114,0.4075826,97.52778,0.74948114,29.293365,97.52778,0.74948114,0.013586086,97.52778,0.74948114,0.013906694,97.52778,0.74948114,5.0,,,,,,,
97.52778,0.6895226,3.75209,97.52778,0.6895226,0.18439685,,,,,,,,,,,,,,,,,,,,,,,,,,,,,,,,,,,,,,,,,,,,,,,,,,,,,,,,,,,,,97.52778,0.6895226,12492.112,97.52778,0.6895226,678.3533,,,,,,,,,,,,,,,,,97.52778,0.7794604,0.5020244,97.52778,0.7794604,0.023768637,,,,,,,,,,,,,97.52778,7.0,1.0,,,,,97.52778,0.7794604,0.4140489,97.52778,0.7794604,29.321817,97.52778,0.7794604,0.013801631,97.52778,0.7794604,0.04525585,97.52778,0.7794604,5.0,,,,,,,
97.52778,0.7195019,3.4497397,97.52778,0.7195019,0.1686152,,,,,,,,,,,,,,,,,,,,,,,,,,,,,,,,,,,,,,,,,,,,,,,,,,,,,,,,,,,,,97.52778,0.7195019,11490.647,97.52778,0.7195019,620.5574,,,,,,,,,,,,,,,,,97.52778,0.80943966,0.4911446,97.52778,0.80943966,0.022639565,,,,,,,,,,,,,97.52778,7.0,2.0,,,,,97.52778,0.80943966,0.41590402,97.52778,0.80943966,29.329977,97.52778,0.80943966,0.013863468,97.52778,0.80943966,0.044153422,97.52778,0.80943966,5.0,,,,,,,
97.52778,0.74948114,3.1735387,97.52778,0.74948114,0.15792055,,,,,,,,,,,,,,,,,,,,,,,,,,,,,,,,,,,,,,,,,,,,,,,,,,,,,,,,,,,,,97.52778,0.74948114,10569.787,97.52778,0.74948114,580.73895,,,,,,,,,,,,,,,,,97.52778,0.8394189,0.48257118,97.52778,0.8394189,0.015711783,,,,,,,,,,,,,97.52778,8.0,0.0,,,,,97.52778,0.8394189,0.41990572,97.52778,0.8394189,29.347586,97.52778,0.8394189,0.013996858,97.52778,0.8394189,0.03156965,97.52778,0.8394189,5.0,,,,,,,
97.52778,0.7794604,2.9301057,97.52778,0.7794604,0.14222819,,,,,,,,,,,,,,,,,,,,,,,,,,,,,,,,,,,,,,,,,,,,,,,,,,,,,,,,,,,,,97.52778,0.7794604,9761.22,97.52778,0.7794604,523.0686,,,,,,,,,,,,,,,,,97.52778,0.8693981,0.47436953,97.52778,0.8693981,0.02177947,,,,,,,,,,,,,97.52778,8.0,1.0,,,,,97.52778,0.8693981,0.42418244,97.52778,0.8693981,29.366402,97.52778,0.8693981,0.014139416,97.52778,0.8693981,0.043926943,97.52778,0.8693981,5.0,,,,,,,
97.52778,0.80943966,2.6910305,97.52778,0.80943966,0.12852892,,,,,,,,,,,,,,,,,,,,,,,,,,,,,,,,,,,,,,,,,,,,,,,,,,,,,,,,,,,,,97.52778,0.80943966,8965.926,97.52778,0.80943966,471.69037,,,,,,,,,,,,,,,,,97.52778,0.8993774,0.4650009,97.52778,0.8993774,0.02131902,,,,,,,,,,,,,97.52778,8.0,2.0,,,,,97.52778,0.8993774,0.42727327,97.52778,0.8993774,29.380005,97.52778,0.8993774,0.014242444,97.52778,0.8993774,0.043852434,97.52778,0.8993774,5.0,,,,,,,
97.52778,0.8394189,2.4725714,97.52778,0.8394189,0.1184144,,,,,,,,,,,,,,,,,,,,,,,,,,,,,,,,,,,,,,,,,,,,,,,,,,,,,,,,,,,,,97.52778,0.8394189,8235.213,97.52778,0.8394189,435.4662,,,,,,,,,,,,,,,,,97.52778,0.92935663,0.45246246,97.52778,0.92935663,0.018646657,,,,,,,,,,,,,97.52778,9.0,0.0,,,,,97.52778,0.92935663,0.42693916,97.52778,0.92935663,29.378532,97.52778,0.92935663,0.014231306,97.52778,0.92935663,0.03959676,97.52778,0.92935663,5.0,,,,,,,
97.52778,0.8693981,2.2865686,97.52778,0.8693981,0.10838911,,,,,,,,,,,,,,,,,,,,,,,,,,,,,,,,,,,,,,,,,,,,,,,,,,,,,,,,,,,,,97.52778,0.8693981,7612.9834,97.52778,0.8693981,397.91205,,,,,,,,,,,,,,,,,97.52778,0.95933586,0.44453844,97.52778,0.95933586,0.020151589,,,,,,,,,,,,,97.52778,9.0,1.0,,,,,97.52778,0.95933586,0.43123358,97.52778,0.95933586,29.397427,97.52778,0.95933586,0.0143744545,97.52778,0.95933586,0.043340012,97.52778,0.95933586,5.0,,,,,,,
97.52778,0.89937735,2.0944371,97.52778,0.89937735,0.10031235,,,,,,,,,,,,,,,,,,,,,,,,,,,,,,,,,,,,,,,,,,,,,,,,,,,,,,,,,,,,,97.52778,0.89937735,6971.947,97.52778,0.89937735,368.47324,,,,,,,,,,,,,,,,,97.52778,0.98931515,0.43820706,97.52778,0.98931515,0.019489396,,,,,,,,,,,,,97.52778,9.0,2.0,,,,,97.52778,0.98931515,0.4372507,97.52778,0.98931515,29.423903,97.52778,0.98931515,0.014575024,97.52778,0.98931515,0.0425779,97.52778,0.98931515,5.0,,,,,,,
97.52778,0.92935663,1.9278448,97.52778,0.92935663,0.09161088,,,,,,,,,,,,,,,,,,,,,,,,,,,,,,,,,,,,,,,,,,,,,,,,,,,,,,,,,,,,,97.52778,0.92935663,6417.0605,97.52778,0.92935663,335.99786,,,,,,,,,,,,,,,,,97.52778,1.0192944,0.42301825,97.52778,1.0192944,0.019147804,,,,,,,,,,,,,,,,,,,,97.52778,1.0192944,0.4334182,97.52778,1.0192944,29.40704,97.52778,1.0192944,0.014447274,97.52778,1.0192944,0.043309003,97.52778,1.0192944,5.0,,,,,,,
97.52778,0.95933586,1.7822846,97.52778,0.95933586,0.08405474,,,,,,,,,,,,,,,,,,,,,,,,,,,,,,,,,,,,,,,,,,,,,,,,,,,,,,,,,,,,,97.52778,0.95933586,5932.2676,97.52778,0.95933586,307.80383,,,,,,,,,,,,,,,,,97.52778,1.0492736,0.40785086,97.52778,1.0492736,0.01871625,,,,,,,,,,,,,,,,,,,,97.52778,1.0492736,0.42883497,97.52778,1.0492736,29.386875,97.52778,1.0492736,0.014294499,97.52778,1.0492736,0.043890122,97.52778,1.0492736,5.0,,,,,,,
97.52778,0.9893151,1.652878,97.52778,0.9893151,0.07655808,,,,,,,,,,,,,,,,,,,,,,,,,,,,,,,,,,,,,,,,,,,,,,,,,,,,,,,,,,,,,97.52778,0.9893151,5500.852,97.52778,0.9893151,280.2443,,,,,,,,,,,,,,,,,97.52778,1.0792528,0.39866292,97.52778,1.0792528,0.01759655,,,,,,,,,,,,,,,,,,,,97.52778,1.0792528,0.43066084,97.52778,1.0792528,29.394907,97.52778,1.0792528,0.014355361,97.52778,1.0792528,0.04228521,97.52778,1.0792528,5.0,,,,,,,
97.52778,1.0192944,1.5212554,97.52778,1.0192944,0.0719768,,,,,,,,,,,,,,,,,,,,,,,,,,,,,,,,,,,,,,,,,,,,,,,,,,,,,,,,,,,,,97.52778,1.0192944,5061.903,97.52778,1.0192944,263.3515,,,,,,,,,,,,,,,,,97.52778,1.1092321,0.38423723,97.52778,1.1092321,0.017074397,,,,,,,,,,,,,,,,,,,,97.52778,1.1092321,0.42604885,97.52778,1.1092321,29.374613,97.52778,1.1092321,0.01420163,97.52778,1.1092321,0.042539336,97.52778,1.1092321,5.0,,,,,,,
97.52778,1.0492736,1.3938569,97.52778,1.0492736,0.06674104,,,,,,,,,,,,,,,,,,,,,,,,,,,,,,,,,,,,,,,,,,,,,,,,,,,,,,,,,,,,,97.52778,1.0492736,4638.0493,97.52778,1.0492736,244.7289,,,,,,,,,,,,,,,,,97.52778,1.1392113,0.3765952,97.52778,1.1392113,0.016486645,,,,,,,,,,,,,,,,,,,,97.52778,1.1392113,0.4290942,97.52778,1.1392113,29.388014,97.52778,1.1392113,0.014303141,97.52778,1.1392113,0.041960143,97.52778,1.1392113,5.0,,,,,,,
97.52778,1.0792528,1.2873569,97.52778,1.0792528,0.05982448,,,,,,,,,,,,,,,,,,,,,,,,,,,,,,,,,,,,,,,,,,,,,,,,,,,,,,,,,,,,,97.52778,1.0792528,4284.8423,97.52778,1.0792528,219.21686,,,,,,,,,,,,,,,,,97.52778,1.1691906,0.3695825,97.52778,1.1691906,0.015893456,,,,,,,,,,,,,,,,,,,,97.52778,1.1691906,0.43284607,97.52778,1.1691906,29.404524,97.52778,1.1691906,0.014428202,97.52778,1.1691906,0.041179787,97.52778,1.1691906,5.0,,,,,,,
97.52778,1.1092321,1.1829541,97.52778,1.1092321,0.055302694,,,,,,,,,,,,,,,,,,,,,,,,,,,,,,,,,,,,,,,,,,,,,,,,,,,,,,,,,,,,,97.52778,1.1092321,3936.5068,97.52778,1.1092321,202.28847,,,,,,,,,,,,,,,,,97.52778,1.1991699,0.35928214,97.52778,1.1991699,0.015489478,,,,,,,,,,,,,,,,,,,,97.52778,1.1991699,0.4321484,97.52778,1.1991699,29.401451,97.52778,1.1991699,0.014404946,97.52778,1.1991699,0.041325346,97.52778,1.1991699,5.0,,,,,,,
97.52778,1.1392113,1.1023798,97.52778,1.1392113,0.051048636,,,,,,,,,,,,,,,,,,,,,,,,,,,,,,,,,,,,,,,,,,,,,,,,,,,,,,,,,,,,,97.52778,1.1392113,3668.0854,97.52778,1.1392113,186.40735,,,,,,,,,,,,,,,,,97.52778,1.2291491,0.35697693,97.52778,1.2291491,0.014595343,,,,,,,,,,,,,,,,,,,,97.52778,1.2291491,0.44181302,97.52778,1.2291491,29.443977,97.52778,1.2291491,0.014727101,97.52778,1.2291491,0.039297722,97.52778,1.2291491,5.0,,,,,,,
97.52778,1.1691905,1.0287669,97.52778,1.1691905,0.046898708,,,,,,,,,,,,,,,,,,,,,,,,,,,,,,,,,,,,,,,,,,,,,,,,,,,,,,,,,,,,,97.52778,1.1691905,3420.1082,97.52778,1.1691905,171.1115,,,,,,,,,,,,,,,,,97.52778,1.2591283,0.3453251,97.52778,1.2591283,0.014343124,,,,,,,,,,,,,,,,,,,,97.52778,1.2591283,0.43920383,97.52778,1.2591283,29.432495,97.52778,1.2591283,0.014640127,97.52778,1.2591283,0.039914712,97.52778,1.2591283,5.0,,,,,,,
97.52778,1.1991699,0.9592593,97.52778,1.1991699,0.04380485,,,,,,,,,,,,,,,,,,,,,,,,,,,,,,,,,,,,,,,,,,,,,,,,,,,,,,,,,,,,,97.52778,1.1991699,3191.1438,97.52778,1.1991699,159.76082,,,,,,,,,,,,,,,,,97.52778,1.2891076,0.33663836,97.52778,1.2891076,0.014012122,,,,,,,,,,,,,,,,,,,,97.52778,1.2891076,0.43997842,97.52778,1.2891076,29.435905,97.52778,1.2891076,0.014665946,97.52778,1.2891076,0.03995713,97.52778,1.2891076,5.0,,,,,,,
97.52778,1.2291491,0.90301937,97.52778,1.2291491,0.039565668,,,,,,,,,,,,,,,,,,,,,,,,,,,,,,,,,,,,,,,,,,,,,,,,,,,,,,,,,,,,,97.52778,1.2291491,3004.7363,97.52778,1.2291491,143.6736,,,,,,,,,,,,,,,,,97.52778,1.3190868,0.32716048,97.52778,1.3190868,0.013562389,,,,,,,,,,,,,,,,,,,,97.52778,1.3190868,0.43946552,97.52778,1.3190868,29.433647,97.52778,1.3190868,0.01464885,97.52778,1.3190868,0.039799485,97.52778,1.3190868,5.0,,,,,,,
97.52778,1.2591283,0.84091926,97.52778,1.2591283,0.037483267,,,,,,,,,,,,,,,,,,,,,,,,,,,,,,,,,,,,,,,,,,,,,,,,,,,,,,,,,,,,,97.52778,1.2591283,2798.1602,97.52778,1.2591283,135.91614,,,,,,,,,,,,,,,,,97.52778,1.349066,0.3184089,97.52778,1.349066,0.013446022,,,,,,,,,,,,,,,,,,,,97.52778,1.349066,0.4396173,97.52778,1.349066,29.434317,97.52778,1.349066,0.01465391,97.52778,1.349066,0.040535543,97.52778,1.349066,5.0,,,,,,,
97.52778,1.2891076,0.78472406,97.52778,1.2891076,0.03505875,,,,,,,,,,,,,,,,,,,,,,,,,,,,,,,,,,,,,,,,,,,,,,,,,,,,,,,,,,,,,97.52778,1.2891076,2610.6433,97.52778,1.2891076,127.54121,,,,,,,,,,,,,,,,,97.52778,1.3790454,0.3079859,97.52778,1.3790454,0.012720519,,,,,,,,,,,,,,,,,,,,97.52778,1.3790454,0.43641746,97.52778,1.3790454,29.420237,97.52778,1.3790454,0.014547247,97.52778,1.3790454,0.039673097,97.52778,1.3790454,5.0,,,,,,,
97.52778,1.3190868,0.7295255,97.52778,1.3190868,0.03273836,,,,,,,,,,,,,,,,,,,,,,,,,,,,,,,,,,,,,,,,,,,,,,,,,,,,,,,,,,,,,97.52778,1.3190868,2426.7913,97.52778,1.3190868,118.58477,,,,,,,,,,,,,,,,,97.52778,1.4090246,0.29472345,97.52778,1.4090246,0.012664574,,,,,,,,,,,,,,,,,,,,97.52778,1.4090246,0.42832845,97.52778,1.4090246,29.384644,97.52778,1.4090246,0.014277616,97.52778,1.4090246,0.04121884,97.52778,1.4090246,5.0,,,,,,,
97.52778,1.349066,0.6816153,97.52778,1.349066,0.031087313,,,,,,,,,,,,,,,,,,,,,,,,,,,,,,,,,,,,,,,,,,,,,,,,,,,,,,,,,,,,,97.52778,1.349066,2269.6016,97.52778,1.349066,112.66571,,,,,,,,,,,,,,,,,97.52778,1.4390038,0.27765548,97.52778,1.4390038,0.011275806,,,,,,,,,,,,,,,,,,,,97.52778,1.4390038,0.41304126,97.52778,1.4390038,29.317383,97.52778,1.4390038,0.013768042,97.52778,1.4390038,0.039189544,97.52778,1.4390038,5.0,,,,,,,
97.52778,1.3790452,0.63491,97.52778,1.3790452,0.028647926,,,,,,,,,,,,,,,,,,,,,,,,,,,,,,,,,,,,,,,,,,,,,,,,,,,,,,,,,,,,,97.52778,1.3790452,2114.2773,97.52778,1.3790452,103.66934,,,,,,,,,,,,,,,,,97.52778,1.468983,0.26227057,97.52778,1.468983,0.011452925,,,,,,,,,,,,,,,,,,,,97.52778,1.468983,0.3989384,97.52778,1.468983,29.255327,97.52778,1.468983,0.013297946,97.52778,1.468983,0.04194139,97.52778,1.468983,5.0,,,,,,,
97.52778,1.4090246,0.5828648,97.52778,1.4090246,0.02742823,,,,,,,,,,,,,,,,,,,,,,,,,,,,,,,,,,,,,,,,,,,,,,,,,,,,,,,,,,,,,97.52778,1.4090246,1941.3967,97.52778,1.4090246,99.38762,,,,,,,,,,,,,,,,,97.52778,1.4989623,0.23341765,97.52778,1.4989623,0.010730404,,,,,,,,,,,,,,,,,,,,97.52778,1.4989623,0.36005476,97.52778,1.4989623,29.084238,97.52778,1.4989623,0.0120018255,97.52778,1.4989623,0.044253513,97.52778,1.4989623,5.0,,,,,,,
97.52778,1.4390038,0.52934706,97.52778,1.4390038,0.023724528,,,,,,,,,,,,,,,,,,,,,,,,,,,,,,,,,,,,,,,,,,,,,,,,,,,,,,,,,,,,,97.52778,1.4390038,1761.7661,97.52778,1.4390038,85.6066,,,,,,,,,,,,,,,,,97.52778,1.5289415,0.20364867,97.52778,1.5289415,0.009931021,,,,,,,,,,,,,,,,,,,,97.52778,1.5289415,0.31655446,97.52778,1.5289415,28.89284,97.52778,1.5289415,0.010551816,97.52778,1.5289415,0.046685167,97.52778,1.5289415,5.0,,,,,,,
97.52778,1.468983,0.475383,97.52778,1.468983,0.023114681,,,,,,,,,,,,,,,,,,,,,,,,,,,,,,,,,,,,,,,,,,,,,,,,,,,,,,,,,,,,,97.52778,1.468983,1582.0956,97.52778,1.468983,83.32251,,,,,,,,,,,,,,,,,97.52778,1.5589207,0.18704088,97.52778,1.5589207,0.009006499,,,,,,,,,,,,,,,,,,,,97.52778,1.5589207,0.29373977,97.52778,1.5589207,28.792454,97.52778,1.5589207,0.009791325,97.52778,1.5589207,0.046065357,97.52778,1.5589207,5.0,,,,,,,
97.52778,1.4989623,0.4105161,97.52778,1.4989623,0.021166146,,,,,,,,,,,,,,,,,,,,,,,,,,,,,,,,,,,,,,,,,,,,,,,,,,,,,,,,,,,,,97.52778,1.4989623,1365.0083,97.52778,1.4989623,75.92234,,,,,,,,,,,,,,,,,97.52778,1.5889001,0.18007678,97.52778,1.5889001,0.007930689,,,,,,,,,,,,,,,,,,,,97.52778,1.5889001,0.28738242,97.52778,1.5889001,28.764482,97.52778,1.5889001,0.0095794145,97.52778,1.5889001,0.042173665,97.52778,1.5889001,5.0,,,,,,,
97.52778,1.5289415,0.3455303,97.52778,1.5289415,0.019009372,,,,,,,,,,,,,,,,,,,,,,,,,,,,,,,,,,,,,,,,,,,,,,,,,,,,,,,,,,,,,97.52778,1.5289415,1150.1345,97.52778,1.5289415,67.64316,,,,,,,,,,,,,,,,,97.52778,1.6188793,0.17726442,97.52778,1.6188793,0.0083223265,,,,,,,,,,,,,,,,,,,,97.52778,1.6188793,0.2883171,97.52778,1.6188793,28.768595,97.52778,1.6188793,0.00961057,97.52778,1.6188793,0.04481057,97.52778,1.6188793,5.0,,,,,,,
97.52778,1.5589207,0.30870146,97.52778,1.5589207,0.017045962,,,,,,,,,,,,,,,,,,,,,,,,,,,,,,,,,,,,,,,,,,,,,,,,,,,,,,,,,,,,,97.52778,1.5589207,1026.4458,97.52778,1.5589207,60.775208,,,,,,,,,,,,,,,,,97.52778,1.6488585,0.17973119,97.52778,1.6488585,0.008169534,,,,,,,,,,,,,,,,,,,,97.52778,1.6488585,0.29911366,97.52778,1.6488585,28.816101,97.52778,1.6488585,0.009970456,97.52778,1.6488585,0.043458182,97.52778,1.6488585,5.0,,,,,,,
97.52778,1.5889,0.28702962,97.52778,1.5889,0.014859438,,,,,,,,,,,,,,,,,,,,,,,,,,,,,,,,,,,,,,,,,,,,,,,,,,,,,,,,,,,,,97.52778,1.5889,954.22235,97.52778,1.5889,52.734123,,,,,,,,,,,,,,,,,97.52778,1.6788378,0.17787582,97.52778,1.6788378,0.008521039,,,,,,,,,,,,,,,,,,,,97.52778,1.6788378,0.30213478,97.52778,1.6788378,28.829393,97.52778,1.6788378,0.01007116,97.52778,1.6788378,0.045698877,97.52778,1.6788378,5.0,,,,,,,
97.52778,1.6188793,0.27176857,97.52778,1.6188793,0.014859438,,,,,,,,,,,,,,,,,,,,,,,,,,,,,,,,,,,,,,,,,,,,,,,,,,,,,,,,,,,,,97.52778,1.6188793,902.9711,97.52778,1.6188793,52.74648,,,,,,,,,,,,,,,,,97.52778,1.708817,0.1752059,97.52778,1.708817,0.007901398,,,,,,,,,,,,,,,,,,,,97.52778,1.708817,0.30343398,97.52778,1.708817,28.83511,97.52778,1.708817,0.010114466,97.52778,1.708817,0.043126583,97.52778,1.708817,5.0,,,,,,,
97.52778,1.6488585,0.26513463,97.52778,1.6488585,0.014130597,,,,,,,,,,,,,,,,,,,,,,,,,,,,,,,,,,,,,,,,,,,,,,,,,,,,,,,,,,,,,97.52778,1.6488585,880.78864,97.52778,1.6488585,50.0132,,,,,,,,,,,,,,,,,97.52778,1.7387962,0.17542437,97.52778,1.7387962,0.007252371,,,,,,,,,,,,,,,,,,,,97.52778,1.7387962,0.3107665,97.52778,1.7387962,28.867374,97.52778,1.7387962,0.010358882,97.52778,1.7387962,0.03970969,97.52778,1.7387962,5.0,,,,,,,
97.52778,1.6788378,0.2539491,97.52778,1.6788378,0.014160345,,,,,,,,,,,,,,,,,,,,,,,,,,,,,,,,,,,,,,,,,,,,,,,,,,,,,,,,,,,,,97.52778,1.6788378,843.35516,97.52778,1.6788378,50.349518,,,,,,,,,,,,,,,,,97.52778,1.7687756,0.17024024,97.52778,1.7687756,0.007298413,,,,,,,,,,,,,,,,,,,,97.52778,1.7687756,0.30734274,97.52778,1.7687756,28.852308,97.52778,1.7687756,0.010244759,97.52778,1.7687756,0.040967204,97.52778,1.7687756,5.0,,,,,,,
97.52778,1.708817,0.24340326,97.52778,1.708817,0.013089395,,,,,,,,,,,,,,,,,,,,,,,,,,,,,,,,,,,,,,,,,,,,,,,,,,,,,,,,,,,,,97.52778,1.708817,808.9626,97.52778,1.708817,46.234047,,,,,,,,,,,,,,,,,97.52778,1.7987548,0.16537793,97.52778,1.7987548,0.00716545,,,,,,,,,,,,,,,,,,,,97.52778,1.7987548,0.30385268,97.52778,1.7987548,28.836952,97.52778,1.7987548,0.010128423,97.52778,1.7987548,0.041627686,97.52778,1.7987548,5.0,,,,,,,
97.52778,1.7387962,0.23250037,97.52778,1.7387962,0.011601962,,,,,,,,,,,,,,,,,,,,,,,,,,,,,,,,,,,,,,,,,,,,,,,,,,,,,,,,,,,,,97.52778,1.7387962,772.60376,97.52778,1.7387962,40.7716,,,,,,,,,,,,,,,,,97.52778,1.828734,0.16094352,97.52778,1.828734,0.0072048157,,,,,,,,,,,,,,,,,,,,97.52778,1.828734,0.30117667,97.52778,1.828734,28.825174,97.52778,1.828734,0.0100392215,97.52778,1.828734,0.04277779,97.52778,1.828734,5.0,,,,,,,
97.52778,1.7687755,0.22173136,97.52778,1.7687755,0.011482969,,,,,,,,,,,,,,,,,,,,,,,,,,,,,,,,,,,,,,,,,,,,,,,,,,,,,,,,,,,,,97.52778,1.7687755,736.1361,97.52778,1.7687755,40.129463,,,,,,,,,,,,,,,,,97.52778,1.8587133,0.15937504,97.52778,1.8587133,0.0072365296,,,,,,,,,,,,,,,,,,,,97.52778,1.8587133,0.30432534,97.52778,1.8587133,28.83903,97.52778,1.8587133,0.010144179,97.52778,1.8587133,0.04330404,97.52778,1.8587133,5.0,,,,,,,
97.52778,1.7987547,0.21111113,97.52778,1.7987547,0.011066488,,,,,,,,,,,,,,,,,,,,,,,,,,,,,,,,,,,,,,,,,,,,,,,,,,,,,,,,,,,,,97.52778,1.7987547,700.949,97.52778,1.7987547,38.75097,,,,,,,,,,,,,,,,,97.52778,1.8886925,0.15495607,97.52778,1.8886925,0.0070105153,,,,,,,,,,,,,,,,,,,,97.52778,1.8886925,0.3011847,97.52778,1.8886925,28.825212,97.52778,1.8886925,0.01003949,97.52778,1.8886925,0.043207128,97.52778,1.8886925,5.0,,,,,,,
97.52778,1.828734,0.19477911,97.52778,1.828734,0.010664881,,,,,,,,,,,,,,,,,,,,,,,,,,,,,,,,,,,,,,,,,,,,,,,,,,,,,,,,,,,,,97.52778,1.828734,646.11725,97.52778,1.828734,37.30034,,,,,,,,,,,,,,,,,97.52778,1.9186717,0.15140948,97.52778,1.9186717,0.006972803,,,,,,,,,,,,,,,,,,,,97.52778,1.9186717,0.30015215,97.52778,1.9186717,28.82067,97.52778,1.9186717,0.010005072,97.52778,1.9186717,0.04389502,97.52778,1.9186717,5.0,,,,,,,
97.52778,1.8587133,0.18990034,97.52778,1.8587133,0.010516139,,,,,,,,,,,,,,,,,,,,,,,,,,,,,,,,,,,,,,,,,,,,,,,,,,,,,,,,,,,,,97.52778,1.8587133,629.87964,97.52778,1.8587133,36.73355,,,,,,,,,,,,,,,,,97.52778,1.948651,0.14514975,97.52778,1.948651,0.00645181,,,,,,,,,,,,,,,,,,,,97.52778,1.948651,0.29212964,97.52778,1.948651,28.78537,97.52778,1.948651,0.009737655,97.52778,1.948651,0.042471237,97.52778,1.948651,5.0,,,,,,,
97.52778,1.8886925,0.17795628,97.52778,1.8886925,0.009876543,,,,,,,,,,,,,,,,,,,,,,,,,,,,,,,,,,,,,,,,,,,,,,,,,,,,,,,,,,,,,97.52778,1.8886925,590.3337,97.52778,1.8886925,34.367203,,,,,,,,,,,,,,,,,97.52778,1.9786303,0.14173132,97.52778,1.9786303,0.0059697498,,,,,,,,,,,,,,,,,,,,97.52778,1.9786303,0.2900293,97.52778,1.9786303,28.77613,97.52778,1.9786303,0.009667642,97.52778,1.9786303,0.04052593,97.52778,1.9786303,5.0,,,,,,,
97.52778,1.9186717,0.16766326,97.52778,1.9186717,0.009593931,,,,,,,,,,,,,,,,,,,,,,,,,,,,,,,,,,,,,,,,,,,,,,,,,,,,,,,,,,,,,97.52778,1.9186717,556.17395,97.52778,1.9186717,33.362988,,,,,,,,,,,,,,,,,97.52778,2.0086095,0.1379273,97.52778,2.0086095,0.006082195,,,,,,,,,,,,,,,,,,,,97.52778,2.0086095,0.28738233,97.52778,2.0086095,28.764482,97.52778,2.0086095,0.009579411,97.52778,2.0086095,0.042380646,97.52778,2.0086095,5.0,,,,,,,
97.52778,1.948651,0.15670088,97.52778,1.948651,0.008790718,,,,,,,,,,,,,,,,,,,,,,,,,,,,,,,,,,,,,,,,,,,,,,,,,,,,,,,,,,,,,97.52778,1.948651,519.81714,97.52778,1.948651,30.27903,,,,,,,,,,,,,,,,,97.52778,2.0385888,0.13446021,97.52778,2.0385888,0.0055866856,,,,,,,,,,,,,,,,,,,,97.52778,2.0385888,0.28476894,97.52778,2.0385888,28.752983,97.52778,2.0385888,0.009492298,97.52778,2.0385888,0.04006597,97.52778,2.0385888,5.0,,,,,,,
97.52778,1.9786302,0.14893648,97.52778,1.9786302,0.008121375,,,,,,,,,,,,,,,,,,,,,,,,,,,,,,,,,,,,,,,,,,,,,,,,,,,,,,,,,,,,,97.52778,1.9786302,494.23474,97.52778,1.9786302,27.778757,,,,,,,,,,,,,,,,,97.52778,2.068568,0.13068981,97.52778,2.068568,0.0053807083,,,,,,,,,,,,,,,,,,,,97.52778,2.068568,0.28170308,97.52778,2.068568,28.739494,97.52778,2.068568,0.009390103,97.52778,2.068568,0.039594006,97.52778,2.068568,5.0,,,,,,,
97.52778,2.0086095,0.14112747,97.52778,2.0086095,0.008032127,,,,,,,,,,,,,,,,,,,,,,,,,,,,,,,,,,,,,,,,,,,,,,,,,,,,,,,,,,,,,97.52778,2.0086095,467.845,97.52778,2.0086095,27.505737,,,,,,,,,,,,,,,,,97.52778,2.0985472,0.12892419,97.52778,2.0985472,0.0059194877,,,,,,,,,,,,,,,,,,,,97.52778,2.0985472,0.28273094,97.52778,2.0985472,28.744015,97.52778,2.0985472,0.009424363,97.52778,2.0985472,0.043854464,97.52778,2.0985472,5.0,,,,,,,
97.52778,2.0385888,0.13363081,97.52778,2.0385888,0.007496653,,,,,,,,,,,,,,,,,,,,,,,,,,,,,,,,,,,,,,,,,,,,,,,,,,,,,,,,,,,,,97.52778,2.0385888,443.6511,97.52778,2.0385888,25.45606,,,,,,,,,,,,,,,,,97.52778,2.1285264,0.1250675,97.52778,2.1285264,0.005801211,,,,,,,,,,,,,,,,,,,,97.52778,2.1285264,0.27924365,97.52778,2.1285264,28.728676,97.52778,2.1285264,0.009308121,97.52778,2.1285264,0.044447523,97.52778,2.1285264,5.0,,,,,,,
97.52778,2.068568,0.124899596,97.52778,2.068568,0.006976052,,,,,,,,,,,,,,,,,,,,,,,,,,,,,,,,,,,,,,,,,,,,,,,,,,,,,,,,,,,,,97.52778,2.068568,413.89975,97.52778,2.068568,23.566265,,,,,,,,,,,,,,,,,97.52778,2.1585057,0.119853154,97.52778,2.1585057,0.005564112,,,,,,,,,,,,,,,,,,,,97.52778,2.1585057,0.27092063,97.52778,2.1585057,28.69205,97.52778,2.1585057,0.009030688,97.52778,2.1585057,0.04434414,97.52778,2.1585057,5.0,,,,,,,
97.52778,2.0985472,0.12034806,97.52778,2.0985472,0.007228916,,,,,,,,,,,,,,,,,,,,,,,,,,,,,,,,,,,,,,,,,,,,,,,,,,,,,,,,,,,,,97.52778,2.0985472,399.05383,97.52778,2.0985472,24.423286,,,,,,,,,,,,,,,,,97.52778,2.188485,0.11718721,97.52778,2.188485,0.005128558,,,,,,,,,,,,,,,,,,,,97.52778,2.188485,0.26960897,97.52778,2.188485,28.68628,97.52778,2.188485,0.008986967,97.52778,2.188485,0.042010844,97.52778,2.188485,5.0,,,,,,,
97.52778,2.1285264,0.11326788,97.52778,2.1285264,0.0069314297,,,,,,,,,,,,,,,,,,,,,,,,,,,,,,,,,,,,,,,,,,,,,,,,,,,,,,,,,,,,,97.52778,2.1285264,375.17267,97.52778,2.1285264,23.321503,,,,,,,,,,,,,,,,,97.52778,2.2184641,0.11426657,97.52778,2.2184641,0.005232863,,,,,,,,,,,,,,,,,,,,97.52778,2.2184641,0.26754177,97.52778,2.2184641,28.677185,97.52778,2.2184641,0.00891806,97.52778,2.2184641,0.04381694,97.52778,2.2184641,5.0,,,,,,,
97.52778,2.1585057,0.106083594,97.52778,2.1585057,0.006633943,,,,,,,,,,,,,,,,,,,,,,,,,,,,,,,,,,,,,,,,,,,,,,,,,,,,,,,,,,,,,97.52778,2.1585057,351.00342,97.52778,2.1585057,22.3963,,,,,,,,,,,,,,,,,97.52778,2.2484434,0.10890246,97.52778,2.2484434,0.00468162,,,,,,,,,,,,,,,,,,,,97.52778,2.2484434,0.2580175,97.52778,2.2484434,28.635277,97.52778,2.2484434,0.008600583,97.52778,2.2484434,0.041272424,97.52778,2.2484434,5.0,,,,,,,
97.52778,2.188485,0.10129407,97.52778,2.188485,0.006217463,,,,,,,,,,,,,,,,,,,,,,,,,,,,,,,,,,,,,,,,,,,,,,,,,,,,,,,,,,,,,97.52778,2.188485,335.38327,97.52778,2.188485,20.767967,,,,,,,,,,,,,,,,,97.52778,2.2784226,0.10279564,97.52778,2.2784226,0.0039678565,,,,,,,,,,,,,,,,,,,,97.52778,2.2784226,0.24567384,97.52778,2.2784226,28.580967,97.52778,2.2784226,0.008189129,97.52778,2.2784226,0.03722763,97.52778,2.2784226,5.0,,,,,,,
97.52778,2.2184641,0.095671564,97.52778,2.2184641,0.006113342,,,,,,,,,,,,,,,,,,,,,,,,,,,,,,,,,,,,,,,,,,,,,,,,,,,,,,,,,,,,,97.52778,2.2184641,316.2443,97.52778,2.2184641,20.368702,,,,,,,,,,,,,,,,,97.52778,2.308402,0.102051325,97.52778,2.308402,0.0040138313,,,,,,,,,,,,,,,,,,,,97.52778,2.308402,0.24847378,97.52778,2.308402,28.593285,97.52778,2.308402,0.008282459,97.52778,2.308402,0.03775915,97.52778,2.308402,5.0,,,,,,,
97.52778,2.2484434,0.089364864,97.52778,2.2484434,0.005503495,,,,,,,,,,,,,,,,,,,,,,,,,,,,,,,,,,,,,,,,,,,,,,,,,,,,,,,,,,,,,97.52778,2.2484434,295.30652,97.52778,2.2484434,18.14287,,,,,,,,,,,,,,,,,97.52778,2.3383813,0.09782572,97.52778,2.3383813,0.004139238,,,,,,,,,,,,,,,,,,,,97.52778,2.3383813,0.2408262,97.52778,2.3383813,28.559635,97.52778,2.3383813,0.00802754,97.52778,2.3383813,0.040612325,97.52778,2.3383813,5.0,,,,,,,
97.52778,2.2784226,0.08290941,97.52778,2.2784226,0.004908523,,,,,,,,,,,,,,,,,,,,,,,,,,,,,,,,,,,,,,,,,,,,,,,,,,,,,,,,,,,,,97.52778,2.2784226,274.2368,97.52778,2.2784226,16.075764,,,,,,,,,,,,,,,,,97.52778,2.3683605,0.09356551,97.52778,2.3683605,0.003962796,,,,,,,,,,,,,,,,,,,,97.52778,2.3683605,0.23249027,97.52778,2.3683605,28.522957,97.52778,2.3683605,0.0077496767,97.52778,2.3683605,0.04058586,97.52778,2.3683605,5.0,,,,,,,
97.52778,2.3084018,0.08064852,97.52778,2.3084018,0.0048787743,,,,,,,,,,,,,,,,,,,,,,,,,,,,,,,,,,,,,,,,,,,,,,,,,,,,,,,,,,,,,97.52778,2.3084018,266.40353,97.52778,2.3084018,15.909712,,,,,,,,,,,,,,,,,97.52778,2.3983397,0.091713466,97.52778,2.3983397,0.0038996367,,,,,,,,,,,,,,,,,,,,97.52778,2.3983397,0.23224431,97.52778,2.3983397,28.521873,97.52778,2.3983397,0.007741476,97.52778,2.3983397,0.040643904,97.52778,2.3983397,5.0,,,,,,,
97.52778,2.338381,0.07478804,97.52778,2.338381,0.0047449055,,,,,,,,,,,,,,,,,,,,,,,,,,,,,,,,,,,,,,,,,,,,,,,,,,,,,,,,,,,,,97.52778,2.338381,246.83319,97.52778,2.338381,15.365801,,,,,,,,,,,,,,,,,97.52778,2.428319,0.08954668,97.52778,2.428319,0.0034202696,,,,,,,,,,,,,,,,,,,,97.52778,2.428319,0.22917278,97.52778,2.428319,28.508362,97.52778,2.428319,0.007639093,97.52778,2.428319,0.036600716,97.52778,2.428319,5.0,,,,,,,
97.52778,2.3683605,0.07001339,97.52778,2.3683605,0.0046110367,,,,,,,,,,,,,,,,,,,,,,,,,,,,,,,,,,,,,,,,,,,,,,,,,,,,,,,,,,,,,97.52778,2.3683605,231.19409,97.52778,2.3683605,14.812642,,,,,,,,,,,,,,,,,97.52778,2.4582982,0.0906854,97.52778,2.4582982,0.0039934376,,,,,,,,,,,,,,,,,,,,97.52778,2.4582982,0.23699999,97.52778,2.4582982,28.542799,97.52778,2.4582982,0.0079,97.52778,2.4582982,0.04018342,97.52778,2.4582982,5.0,,,,,,,
97.52778,2.3983397,0.06773762,97.52778,2.3983397,0.004447419,,,,,,,,,,,,,,,,,,,,,,,,,,,,,,,,,,,,,,,,,,,,,,,,,,,,,,,,,,,,,97.52778,2.3983397,223.90758,97.52778,2.3983397,14.123509,,,,,,,,,,,,,,,,,97.52778,2.4882774,0.08768226,97.52778,2.4882774,0.003691834,,,,,,,,,,,,,,,,,,,,97.52778,2.4882774,0.23160474,97.52778,2.4882774,28.51906,97.52778,2.4882774,0.0077201575,97.52778,2.4882774,0.038833454,97.52778,2.4882774,5.0,,,,,,,
97.52778,2.428319,0.06464376,97.52778,2.428319,0.0040755617,,,,,,,,,,,,,,,,,,,,,,,,,,,,,,,,,,,,,,,,,,,,,,,,,,,,,,,,,,,,,97.52778,2.428319,213.00049,97.52778,2.428319,12.825891,,,,,,,,,,,,,,,,,97.52778,2.5182567,0.082335204,97.52778,2.5182567,0.003290772,,,,,,,,,,,,,,,,,,,,97.52778,2.5182567,0.21930306,97.52778,2.5182567,28.464931,97.52778,2.5182567,0.0073101018,97.52778,2.5182567,0.03620388,97.52778,2.5182567,5.0,,,,,,,
97.52778,2.4582982,0.06190689,97.52778,2.4582982,0.0042243046,,,,,,,,,,,,,,,,,,,,,,,,,,,,,,,,,,,,,,,,,,,,,,,,,,,,,,,,,,,,,97.52778,2.4582982,203.961,97.52778,2.4582982,13.481152,,,,,,,,,,,,,,,,,97.52778,2.548236,0.07835028,97.52778,2.548236,0.002618146,,,,,,,,,,,,,,,,,,,,97.52778,2.548236,0.21034424,97.52778,2.548236,28.425516,97.52778,2.548236,0.007011475,97.52778,2.548236,0.026261596,97.52778,2.548236,5.0,,,,,,,
97.52778,2.4882774,0.05884278,97.52778,2.4882774,0.0040606875,,,,,,,,,,,,,,,,,,,,,,,,,,,,,,,,,,,,,,,,,,,,,,,,,,,,,,,,,,,,,97.52778,2.4882774,193.87968,97.52778,2.4882774,12.877761,,,,,,,,,,,,,,,,,97.52778,2.5782151,0.07801839,97.52778,2.5782151,0.0033098832,,,,,,,,,,,,,,,,,,,,97.52778,2.5782151,0.21242537,97.52778,2.5782151,28.43467,97.52778,2.5782151,0.0070808446,97.52778,2.5782151,0.037588876,97.52778,2.5782151,5.0,,,,,,,
97.52778,2.5182567,0.05504983,97.52778,2.5182567,0.003763201,,,,,,,,,,,,,,,,,,,,,,,,,,,,,,,,,,,,,,,,,,,,,,,,,,,,,,,,,,,,,97.52778,2.5182567,180.82074,97.52778,2.5182567,11.723863,,,,,,,,,,,,,,,,,97.52778,2.6081944,0.07552573,97.52778,2.6081944,0.0024744147,,,,,,,,,,,,,,,,,,,,97.52778,2.6081944,0.20830646,97.52778,2.6081944,28.416548,97.52778,2.6081944,0.006943548,97.52778,2.6081944,0.02945496,97.52778,2.6081944,5.0,,,,,,,
97.52778,2.548236,0.05180723,97.52778,2.548236,0.0032872232,,,,,,,,,,,,,,,,,,,,,,,,,,,,,,,,,,,,,,,,,,,,,,,,,,,,,,,,,,,,,97.52778,2.548236,170.64854,97.52778,2.548236,10.018677,,,,,,,,,,,,,,,,,97.52778,2.6381736,0.078091875,97.52778,2.6381736,0.0023727266,,,,,,,,,,,,,,,,,,,,97.52778,2.6381736,0.21967036,97.52778,2.6381736,28.466549,97.52778,2.6381736,0.0073223454,97.52778,2.6381736,0.020975504,97.52778,2.6381736,5.0,,,,,,,
97.52778,2.5782151,0.050275177,97.52778,2.5782151,0.0036739549,,,,,,,,,,,,,,,,,,,,,,,,,,,,,,,,,,,,,,,,,,,,,,,,,,,,,,,,,,,,,97.52778,2.5782151,164.8205,97.52778,2.5782151,11.3902445,,,,,,,,,,,,,,,,,97.52778,2.6681528,0.07398276,97.52778,2.6681528,0.0022993004,,,,,,,,,,,,,,,,,,,,97.52778,2.6681528,0.21016747,97.52778,2.6681528,28.424736,97.52778,2.6681528,0.0070055816,97.52778,2.6681528,0.021278564,97.52778,2.6681528,5.0,,,,,,,
97.52778,2.6081944,0.04746393,97.52778,2.6081944,0.0031087312,,,,,,,,,,,,,,,,,,,,,,,,,,,,,,,,,,,,,,,,,,,,,,,,,,,,,,,,,,,,,97.52778,2.6081944,155.75261,97.52778,2.6081944,9.358566,,,,,,,,,,,,,,,,,97.52778,2.698132,0.06619001,97.52778,2.698132,0.002810495,,,,,,,,,,,,,,,,,,,,97.52778,2.698132,0.18616681,97.52778,2.698132,28.319132,97.52778,2.698132,0.00620556,97.52778,2.698132,0.034408495,97.52778,2.698132,5.0,,,,,,,
97.52778,2.6381736,0.047002826,97.52778,2.6381736,0.0028409935,,,,,,,,,,,,,,,,,,,,,,,,,,,,,,,,,,,,,,,,,,,,,,,,,,,,,,,,,,,,,97.52778,2.6381736,154.06607,97.52778,2.6381736,8.3731575,,,,,,,,,,,,,,,,,97.52778,2.7281115,0.06795399,97.52778,2.7281115,0.0032959024,,,,,,,,,,,,,,,,,,,,97.52778,2.7281115,0.1951161,97.52778,2.7281115,28.35851,97.52778,2.7281115,0.0065038707,97.52778,2.7281115,0.040020976,97.52778,2.7281115,5.0,,,,,,,
97.52778,2.6681528,0.044548564,97.52778,2.6681528,0.0030492342,,,,,,,,,,,,,,,,,,,,,,,,,,,,,,,,,,,,,,,,,,,,,,,,,,,,,,,,,,,,,97.52778,2.6681528,146.46541,97.52778,2.6681528,9.201053,,,,,,,,,,,,,,,,,97.52778,2.7580907,0.066281974,97.52778,2.7580907,0.00148007,,,,,,,,,,,,,,,,,,,,97.52778,2.7580907,0.19228064,97.52778,2.7580907,28.346033,97.52778,2.7580907,0.0064093545,97.52778,2.7580907,0.005947116,97.52778,2.7580907,4.0,,,,,,,
97.52778,2.698132,0.039997026,97.52778,2.698132,0.0030938569,,,,,,,,,,,,,,,,,,,,,,,,,,,,,,,,,,,,,,,,,,,,,,,,,,,,,,,,,,,,,97.52778,2.698132,130.99767,97.52778,2.698132,9.303657,,,,,,,,,,,,,,,,,97.52778,2.78807,0.066342324,97.52778,2.78807,0.0025789076,,,,,,,,,,,,,,,,,,,,97.52778,2.78807,0.19557242,97.52778,2.78807,28.360516,97.52778,2.78807,0.006519081,97.52778,2.78807,0.021207938,97.52778,2.78807,5.0,,,,,,,
97.52778,2.7281113,0.03971441,97.52778,2.7281113,0.0034359663,,,,,,,,,,,,,,,,,,,,,,,,,,,,,,,,,,,,,,,,,,,,,,,,,,,,,,,,,,,,,97.52778,2.7281113,130.30653,97.52778,2.7281113,10.526054,,,,,,,,,,,,,,,,,97.52778,2.8180492,0.06237535,97.52778,2.8180492,0.0022492225,,,,,,,,,,,,,,,,,,,,97.52778,2.8180492,0.18553172,97.52778,2.8180492,28.316338,97.52778,2.8180492,0.0061843903,97.52778,2.8180492,0.016482566,97.52778,2.8180492,5.0,,,,,,,
97.52778,2.7580905,0.037230406,97.52778,2.7580905,0.0022311467,,,,,,,,,,,,,,,,,,,,,,,,,,,,,,,,,,,,,,,,,,,,,,,,,,,,,,,,,,,,,97.52778,2.7580905,121.78763,97.52778,2.7580905,6.0446444,,,,,,,,,,,,,,,,,97.52778,2.8480284,0.058361847,97.52778,2.8480284,0.0024401625,,,,,,,,,,,,,,,,,,,,97.52778,2.8480284,0.17359722,97.52778,2.8480284,28.26383,97.52778,2.8480284,0.0057865735,97.52778,2.8480284,0.021063784,97.52778,2.8480284,5.0,,,,,,,
97.52778,2.78807,0.03647181,97.52778,2.78807,0.0028261195,,,,,,,,,,,,,,,,,,,,,,,,,,,,,,,,,,,,,,,,,,,,,,,,,,,,,,,,,,,,,97.52778,2.78807,119.57645,97.52778,2.78807,8.196507,,,,,,,,,,,,,,,,,97.52778,2.8780077,0.053780004,97.52778,2.8780077,0.0026520703,,,,,,,,,,,,,,,,,,,,97.52778,2.8780077,0.15866494,97.52778,2.8780077,28.198124,97.52778,2.8780077,0.005288832,97.52778,2.8780077,0.02551348,97.52778,2.8780077,5.0,,,,,,,
97.52778,2.8180492,0.033452325,97.52778,2.8180492,0.0026773764,,,,,,,,,,,,,,,,,,,,,,,,,,,,,,,,,,,,,,,,,,,,,,,,,,,,,,,,,,,,,97.52778,2.8180492,109.10789,97.52778,2.8180492,7.6799417,,,,,,,,,,,,,,,,,97.52778,2.9079869,0.057213645,97.52778,2.9079869,0.0023427971,,,,,,,,,,,,,,,,,,,,97.52778,2.9079869,0.17458989,97.52778,2.9079869,28.268196,97.52778,2.9079869,0.005819663,97.52778,2.9079869,0.014086489,97.52778,2.9079869,5.0,,,,,,,
97.52778,2.8480284,0.031042688,97.52778,2.8480284,0.0028707422,,,,,,,,,,,,,,,,,,,,,,,,,,,,,,,,,,,,,,,,,,,,,,,,,,,,,,,,,,,,,97.52778,2.8480284,101.23984,97.52778,2.8480284,8.552302,,,,,,,,,,,,,,,,,97.52778,2.937966,0.054645993,97.52778,2.937966,0.0022193445,,,,,,,,,,,,,,,,,,,,97.52778,2.937966,0.16729434,97.52778,2.937966,28.236094,97.52778,2.937966,0.0055764783,97.52778,2.937966,0.015207648,97.52778,2.937966,5.0,,,,,,,
97.52778,2.8780077,0.028692547,97.52778,2.8780077,0.0027814964,,,,,,,,,,,,,,,,,,,,,,,,,,,,,,,,,,,,,,,,,,,,,,,,,,,,,,,,,,,,,97.52778,2.8780077,93.291885,97.52778,2.8780077,8.074219,,,,,,,,,,,,,,,,,97.52778,2.9679453,0.053450897,97.52778,2.9679453,0.0026234651,,,,,,,,,,,,,,,,,,,,97.52778,2.9679453,0.16439427,97.52778,2.9679453,28.223335,97.52778,2.9679453,0.0054798094,97.52778,2.9679453,0.022381902,97.52778,2.9679453,5.0,,,,,,,
97.52778,2.9079869,0.029822996,97.52778,2.9079869,0.0027368735,,,,,,,,,,,,,,,,,,,,,,,,,,,,,,,,,,,,,,,,,,,,,,,,,,,,,,,,,,,,,97.52778,2.9079869,97.240265,97.52778,2.9079869,7.926602,,,,,,,,,,,,,,,,,97.52778,2.9979246,0.050361007,97.52778,2.9979246,0.0015365011,,,,,,,,,,,,,,,,,,,,97.52778,2.9979246,0.15496,97.52778,2.9979246,28.181824,97.52778,2.9979246,0.0051653334,97.52778,2.9979246,0.013230197,97.52778,2.9979246,5.0,,,,,,,
97.52778,2.937966,0.027398484,97.52778,2.937966,0.0025583815,,,,,,,,,,,,,,,,,,,,,,,,,,,,,,,,,,,,,,,,,,,,,,,,,,,,,,,,,,,,,97.52778,2.937966,88.97386,97.52778,2.937966,7.172672,,,,,,,,,,,,,,,,,97.52778,3.0279038,0.04462714,97.52778,3.0279038,0.0013991784,,,,,,,,,,,,,,,,,,,,97.52778,3.0279038,0.13643378,97.52778,3.0279038,28.100306,97.52778,3.0279038,0.004547793,97.52778,3.0279038,0.010519702,97.52778,3.0279038,5.0,,,,,,,
97.52778,2.9679453,0.026238287,97.52778,2.9679453,0.0025881303,,,,,,,,,,,,,,,,,,,,,,,,,,,,,,,,,,,,,,,,,,,,,,,,,,,,,,,,,,,,,97.52778,2.9679453,85.12557,97.52778,2.9679453,7.397863,,,,,,,,,,,,,,,,,97.52778,3.057883,0.045607764,97.52778,3.057883,0.0017919482,,,,,,,,,,,,,,,,,,,,97.52778,3.057883,0.14167342,97.52778,3.057883,28.123365,97.52778,3.057883,0.004722447,97.52778,3.057883,0.0072739217,97.52778,3.057883,4.0,,,,,,,
97.52778,2.9979246,0.024260003,97.52778,2.9979246,0.0021270267,,,,,,,,,,,,,,,,,,,,,,,,,,,,,,,,,,,,,,,,,,,,,,,,,,,,,,,,,,,,,97.52778,2.9979246,78.64805,97.52778,2.9979246,5.747095,,,,,,,,,,,,,,,,,97.52778,3.0878623,0.046166852,97.52778,3.0878623,0.002268946,,,,,,,,,,,,,,,,,,,,97.52778,3.0878623,0.14515309,97.52778,3.0878623,28.138676,97.52778,3.0878623,0.004838436,97.52778,3.0878623,0.01564561,97.52778,3.0878623,5.0,,,,,,,
97.52778,3.0279038,0.022013983,97.52778,3.0279038,0.002141901,,,,,,,,,,,,,,,,,,,,,,,,,,,,,,,,,,,,,,,,,,,,,,,,,,,,,,,,,,,,,97.52778,3.0279038,71.082504,97.52778,3.0279038,5.7205763,,,,,,,,,,,,,,,,,97.52778,3.1178415,0.04037477,97.52778,3.1178415,0.0013515846,,,,,,,,,,,,,,,,,,,,97.52778,3.1178415,0.124904804,97.52778,3.1178415,28.049582,97.52778,3.1178415,0.0041634934,97.52778,3.1178415,0.008557785,97.52778,3.1178415,4.0,,,,,,,
97.52778,3.057883,0.021478508,97.52778,3.057883,0.0022013981,,,,,,,,,,,,,,,,,,,,,,,,,,,,,,,,,,,,,,,,,,,,,,,,,,,,,,,,,,,,,97.52778,3.057883,69.3809,97.52778,3.057883,5.921751,,,,,,,,,,,,,,,,,97.52778,3.147821,0.03909282,97.52778,3.147821,0.0008801162,,,,,,,,,,,,,,,,,,,,97.52778,3.147821,0.120589584,97.52778,3.147821,28.030592,97.52778,3.147821,0.0040196525,97.52778,3.147821,1.0000001e-07,97.52778,3.147821,7.0,,,,,,,
97.52778,3.0878623,0.021181023,97.52778,3.0878623,0.0024096384,,,,,,,,,,,,,,,,,,,,,,,,,,,,,,,,,,,,,,,,,,,,,,,,,,,,,,,,,,,,,97.52778,3.0878623,68.24245,97.52778,3.0878623,6.6826334,,,,,,,,,,,,,,,,,97.52778,3.1778002,0.034616742,97.52778,3.1778002,0.0017291089,,,,,,,,,,,,,,,,,,,,97.52778,3.1778002,0.103581436,97.52778,3.1778002,27.955757,97.52778,3.1778002,0.0034527145,97.52778,3.1778002,0.0109077655,97.52778,3.1778002,5.0,,,,,,,
97.52778,3.1178415,0.018652387,97.52778,3.1178415,0.0019782833,,,,,,,,,,,,,,,,,,,,,,,,,,,,,,,,,,,,,,,,,,,,,,,,,,,,,,,,,,,,,97.52778,3.1178415,59.83528,97.52778,3.1178415,5.092713,,,,,,,,,,,,,,,,,97.52778,3.2077794,0.034558836,97.52778,3.2077794,0.0022833082,,,,,,,,,,,,,,,,,,,,97.52778,3.2077794,0.104552604,97.52778,3.2077794,27.96003,97.52778,3.2077794,0.0034850868,97.52778,3.2077794,0.022963678,97.52778,3.2077794,5.0,,,,,,,
97.52778,3.1478207,0.017596312,97.52778,3.1478207,0.0018444146,,,,,,,,,,,,,,,,,,,,,,,,,,,,,,,,,,,,,,,,,,,,,,,,,,,,,,,,,,,,,97.52778,3.1478207,56.321114,97.52778,3.1478207,4.57121,,,,,,,,,,,,,,,,,97.52778,3.2377586,0.03719832,97.52778,3.2377586,0.0016985572,,,,,,,,,,,,,,,,,,,,97.52778,3.2377586,0.115073234,97.52778,3.2377586,28.006323,97.52778,3.2377586,0.0038357745,97.52778,3.2377586,0.019880792,97.52778,3.2377586,5.0,,,,,,,
97.52778,3.1778,0.015618028,97.52778,3.1778,0.002141901,,,,,,,,,,,,,,,,,,,,,,,,,,,,,,,,,,,,,,,,,,,,,,,,,,,,,,,,,,,,,97.52778,3.1778,49.878925,97.52778,3.1778,5.8189387,,,,,,,,,,,,,,,,,97.52778,3.2677379,0.033581868,97.52778,3.2677379,0.0008662811,,,,,,,,,,,,,,,,,,,,97.52778,3.2677379,0.102950916,97.52778,3.2677379,27.952984,97.52778,3.2677379,0.003431697,97.52778,3.2677379,1.0000001e-07,97.52778,3.2677379,7.0,,,,,,,
97.52778,3.2077794,0.015543656,97.52778,3.2077794,0.0022757696,,,,,,,,,,,,,,,,,,,,,,,,,,,,,,,,,,,,,,,,,,,,,,,,,,,,,,,,,,,,,97.52778,3.2077794,49.646503,97.52778,3.2077794,6.1743374,,,,,,,,,,,,,,,,,97.52778,3.297717,0.032311838,97.52778,3.297717,0.0013204274,,,,,,,,,,,,,,,,,,,,97.52778,3.297717,0.09816687,97.52778,3.297717,27.931936,97.52778,3.297717,0.0032722289,97.52778,3.297717,0.02330298,97.52778,3.297717,5.0,,,,,,,
97.52778,3.2377586,0.016108878,97.52778,3.2377586,0.001993158,,,,,,,,,,,,,,,,,,,,,,,,,,,,,,,,,,,,,,,,,,,,,,,,,,,,,,,,,,,,,97.52778,3.2377586,51.642593,97.52778,3.2377586,5.2765775,,,,,,,,,,,,,,,,,97.52778,3.3276963,0.032522347,97.52778,3.3276963,0.0022852216,,,,,,,,,,,,,,,,,,,,97.52778,3.3276963,0.100693084,97.52778,3.3276963,27.94305,97.52778,3.3276963,0.0033564367,97.52778,3.3276963,0.012376131,97.52778,3.3276963,5.0,,,,,,,
97.52778,3.2677379,0.014457832,97.52778,3.2677379,0.0017402946,,,,,,,,,,,,,,,,,,,,,,,,,,,,,,,,,,,,,,,,,,,,,,,,,,,,,,,,,,,,,97.52778,3.2677379,46.136112,97.52778,3.2677379,4.2641416,,,,,,,,,,,,,,,,,97.52778,3.3576756,0.031293236,97.52778,3.3576756,0.0010157282,,,,,,,,,,,,,,,,,,,,97.52778,3.3576756,0.095650725,97.52778,3.3576756,27.920864,97.52778,3.3576756,0.0031883575,97.52778,3.3576756,0.01347923,97.52778,3.3576756,5.0,,,,,,,
97.52778,3.297717,0.013818237,97.52778,3.297717,0.0018295404,,,,,,,,,,,,,,,,,,,,,,,,,,,,,,,,,,,,,,,,,,,,,,,,,,,,,,,,,,,,,97.52778,3.297717,43.671898,97.52778,3.297717,4.5824547,,,,,,,,,,,,,,,,,97.52778,3.3876548,0.030764673,97.52778,3.3876548,0.0017236884,,,,,,,,,,,,,,,,,,,,97.52778,3.3876548,0.09390266,97.52778,3.3876548,27.913172,97.52778,3.3876548,0.0031300886,97.52778,3.3876548,1.0000001e-07,97.52778,3.3876548,7.0,,,,,,,
97.52778,3.3276963,0.013803359,97.52778,3.3276963,0.0021270267,,,,,,,,,,,,,,,,,,,,,,,,,,,,,,,,,,,,,,,,,,,,,,,,,,,,,,,,,,,,,97.52778,3.3276963,43.642582,97.52778,3.3276963,5.686217,,,,,,,,,,,,,,,,,97.52778,3.417634,0.027132452,97.52778,3.417634,0.0014630076,,,,,,,,,,,,,,,,,,,,97.52778,3.417634,0.08042532,97.52778,3.417634,27.853872,97.52778,3.417634,0.0026808442,97.52778,3.417634,1.0000001e-07,97.52778,3.417634,7.0,,,,,,,
97.52778,3.3576756,0.013208388,97.52778,3.3576756,0.0016956716,,,,,,,,,,,,,,,,,,,,,,,,,,,,,,,,,,,,,,,,,,,,,,,,,,,,,,,,,,,,,97.52778,3.3576756,41.78844,97.52778,3.3576756,4.0363607,,,,,,,,,,,,,,,,,97.52778,3.4476132,0.021777466,97.52778,3.4476132,0.0015170302,,,,,,,,,,,,,,,,,,,,97.52778,3.4476132,0.06022598,97.52778,3.4476132,27.764994,97.52778,3.4476132,0.0020075324,97.52778,3.4476132,1.0000001e-07,97.52778,3.4476132,7.0,,,,,,,
97.52778,3.3876548,0.012420051,97.52778,3.3876548,0.001993158,,,,,,,,,,,,,,,,,,,,,,,,,,,,,,,,,,,,,,,,,,,,,,,,,,,,,,,,,,,,,97.52778,3.3876548,39.140484,97.52778,3.3876548,5.127152,,,,,,,,,,,,,,,,,97.52778,3.4775925,0.020426974,97.52778,3.4775925,0.0010813185,,,,,,,,,,,,,,,,,,,,97.52778,3.4775925,0.05525758,97.52778,3.4775925,27.743134,97.52778,3.4775925,0.0018419193,97.52778,3.4775925,0.019727467,97.52778,3.4775925,5.0,,,,,,,
97.52778,3.417634,0.011081363,97.52778,3.417634,0.0017997918,,,,,,,,,,,,,,,,,,,,,,,,,,,,,,,,,,,,,,,,,,,,,,,,,,,,,,,,,,,,,97.52778,3.417634,34.531895,97.52778,3.417634,4.471148,,,,,,,,,,,,,,,,,97.52778,3.5075717,0.01707226,97.52778,3.5075717,0.0006212435,,,,,,,,,,,,,,,,,,,,97.52778,3.5075717,0.040058076,97.52778,3.5075717,27.676256,97.52778,3.5075717,0.0013352692,97.52778,3.5075717,1.0000001e-07,97.52778,3.5075717,7.0,,,,,,,
97.52778,3.4476132,0.009162577,97.52778,3.4476132,0.0018592891,,,,,,,,,,,,,,,,,,,,,,,,,,,,,,,,,,,,,,,,,,,,,,,,,,,,,,,,,,,,,97.52778,3.4476132,28.178503,97.52778,3.4476132,4.7062807,,,,,,,,,,,,,,,,,97.52778,3.5375512,0.015229247,97.52778,3.5375512,0.0018305675,,,,,,,,,,,,,,,,,,,,97.52778,3.5375512,0.032190055,97.52778,3.5375512,27.641638,97.52778,3.5375512,0.0010730019,97.52778,3.5375512,1.0000001e-07,97.52778,3.5375512,7.0,,,,,,,
97.52778,3.4775925,0.008433735,97.52778,3.4775925,0.0016212999,,,,,,,,,,,,,,,,,,,,,,,,,,,,,,,,,,,,,,,,,,,,,,,,,,,,,,,,,,,,,97.52778,3.4775925,25.709381,97.52778,3.4775925,3.80102,,,,,,,,,,,,,,,,,97.52778,3.5675304,0.011580441,97.52778,3.5675304,0.0012488344,,,,,,,,,,,,,,,,,,,,97.52778,3.5675304,0.016486468,97.52778,3.5675304,27.57254,97.52778,3.5675304,0.00054954895,97.52778,3.5675304,1.0000001e-07,97.52778,3.5675304,7.0,,,,,,,
97.52778,3.5075717,0.0071545443,97.52778,3.5075717,0.0016213,,,,,,,,,,,,,,,,,,,,,,,,,,,,,,,,,,,,,,,,,,,,,,,,,,,,,,,,,,,,,97.52778,3.5075717,21.765074,97.52778,3.5075717,3.8500965,,,,,,,,,,,,,,,,,97.52778,3.5975096,0.010840821,97.52778,3.5975096,0.0003653077,,,,,,,,,,,,,,,,,,,,97.52778,3.5975096,0.014294826,97.52778,3.5975096,27.562897,97.52778,3.5975096,0.00047649417,97.52778,3.5975096,1.0000001e-07,97.52778,3.5975096,7.0,,,,,,,
97.52778,3.537551,0.0065744463,97.52778,3.537551,0.001993158,,,,,,,,,,,,,,,,,,,,,,,,,,,,,,,,,,,,,,,,,,,,,,,,,,,,,,,,,,,,,97.52778,3.537551,19.565498,97.52778,3.537551,5.2073565,,,,,,,,,,,,,,,,,97.52778,3.6274889,0.0081224935,97.52778,3.6274889,0.0011097217,,,,,,,,,,,,,,,,,,,,97.52778,3.6274889,0.00248647,97.52778,3.6274889,27.510942,97.52778,3.6274889,8.288234e-05,97.52778,3.6274889,1.0000001e-07,97.52778,3.6274889,7.0,,,,,,,
97.52778,3.5675302,0.005161386,97.52778,3.5675302,0.0016361742,,,,,,,,,,,,,,,,,,,,,,,,,,,,,,,,,,,,,,,,,,,,,,,,,,,,,,,,,,,,,97.52778,3.5675302,14.975796,97.52778,3.5675302,3.8132281,,,,,,,,,,,,,,,,,97.52778,3.657468,0.010022947,97.52778,3.657468,0.0003675869,,,,,,,,,,,,,,,,,,,,97.52778,3.657468,0.01079782,97.52778,3.657468,27.547508,97.52778,3.657468,0.00035992733,97.52778,3.657468,1.0000001e-07,97.52778,3.657468,7.0,,,,,,,
97.52778,3.5975094,0.004938271,97.52778,3.5975094,0.0014130598,,,,,,,,,,,,,,,,,,,,,,,,,,,,,,,,,,,,,,,,,,,,,,,,,,,,,,,,,,,,,97.52778,3.5975094,14.214759,97.52778,3.5975094,3.1427221,,,,,,,,,,,,,,,,,97.52778,3.6874473,0.008854914,97.52778,3.6874473,0.0006714106,,,,,,,,,,,,,,,,,,,,97.52778,3.6874473,0.006171212,97.52778,3.6874473,27.527151,97.52778,3.6874473,0.00020570708,97.52778,3.6874473,1.0000001e-07,97.52778,3.6874473,7.0,,,,,,,
97.52778,3.6274889,0.004120184,97.52778,3.6274889,0.0015469282,,,,,,,,,,,,,,,,,,,,,,,,,,,,,,,,,,,,,,,,,,,,,,,,,,,,,,,,,,,,,97.52778,3.6274889,11.500746,97.52778,3.6274889,3.5260248,,,,,,,,,,,,,,,,,97.52778,3.7174265,0.009837203,97.52778,3.7174265,0.0011200471,,,,,,,,,,,,,,,,,,,,97.52778,3.7174265,0.010173549,97.52778,3.7174265,27.544762,97.52778,3.7174265,0.0003391183,97.52778,3.7174265,1.0000001e-07,97.52778,3.7174265,7.0,,,,,,,
97.52778,3.657468,0.004373048,97.52778,3.657468,0.0014130597,,,,,,,,,,,,,,,,,,,,,,,,,,,,,,,,,,,,,,,,,,,,,,,,,,,,,,,,,,,,,97.52778,3.657468,12.315312,97.52778,3.657468,2.9925373,,,,,,,,,,,,,,,,,97.52778,3.7474058,0.00830609,97.52778,3.7474058,0.00063594925,,,,,,,,,,,,,,,,,,,,97.52778,3.7474058,0.0038914094,97.52778,3.7474058,27.517124,97.52778,3.7474058,0.00012971365,97.52778,3.7474058,1.0000001e-07,97.52778,3.7474058,7.0,,,,,,,
97.52778,3.6874473,0.004016064,97.52778,3.6874473,0.0014576825,,,,,,,,,,,,,,,,,,,,,,,,,,,,,,,,,,,,,,,,,,,,,,,,,,,,,,,,,,,,,97.52778,3.6874473,11.109775,97.52778,3.6874473,3.2017653,,,,,,,,,,,,,,,,,97.52778,3.777385,0.0073525887,97.52778,3.777385,0.0011117087,,,,,,,,,,,,,,,,,,,,97.52778,3.777385,-0.00071411714,97.52778,3.777385,27.496857,97.52778,3.777385,-2.3803903e-05,97.52778,3.777385,1.0000001e-07,97.52778,3.777385,7.0,,,,,,,
97.52778,3.7174265,0.0044771675,97.52778,3.7174265,0.0015320542,,,,,,,,,,,,,,,,,,,,,,,,,,,,,,,,,,,,,,,,,,,,,,,,,,,,,,,,,,,,,97.52778,3.7174265,12.754103,97.52778,3.7174265,3.44828,,,,,,,,,,,,,,,,,97.52778,3.8073642,0.007129977,97.52778,3.8073642,0.000786093,,,,,,,,,,,,,,,,,,,,97.52778,3.8073642,-0.0014563692,97.52778,3.8073642,27.493595,97.52778,3.8073642,-4.8545633e-05,97.52778,3.8073642,1.0000001e-07,97.52778,3.8073642,7.0,,,,,,,
97.52778,3.7474058,0.003822698,97.52778,3.7474058,0.0013981852,,,,,,,,,,,,,,,,,,,,,,,,,,,,,,,,,,,,,,,,,,,,,,,,,,,,,,,,,,,,,97.52778,3.7474058,10.455384,97.52778,3.7474058,2.9581385,,,,,,,,,,,,,,,,,97.52778,3.8373435,0.0061782775,97.52778,3.8373435,0.00030491795,,,,,,,,,,,,,,,,,,,,97.52778,3.8373435,-0.004985411,97.52778,3.8373435,27.478065,97.52778,3.8373435,-0.00016618037,97.52778,3.8373435,1.0000001e-07,97.52778,3.8373435,7.0,,,,,,,
97.52778,3.777385,0.0034805888,97.52778,3.777385,0.0015618027,,,,,,,,,,,,,,,,,,,,,,,,,,,,,,,,,,,,,,,,,,,,,,,,,,,,,,,,,,,,,97.52778,3.777385,9.351311,97.52778,3.777385,3.5754797,,,,,,,,,,,,,,,,,97.52778,3.8673227,0.00639911,97.52778,3.8673227,0.00025526577,,,,,,,,,,,,,,,,,,,,97.52778,3.8673227,-0.0041336548,97.52778,3.8673227,27.481812,97.52778,3.8673227,-0.0001377885,97.52778,3.8673227,1.0000001e-07,97.52778,3.8673227,7.0,,,,,,,
97.52778,3.8073642,0.0034359659,97.52778,3.8073642,0.0013535623,,,,,,,,,,,,,,,,,,,,,,,,,,,,,,,,,,,,,,,,,,,,,,,,,,,,,,,,,,,,,97.52778,3.8073642,9.188999,97.52778,3.8073642,2.8298914,,,,,,,,,,,,,,,,,97.52778,3.897302,0.005872473,97.52778,3.897302,0.00024392582,,,,,,,,,,,,,,,,,,,,97.52778,3.897302,-0.0061889812,97.52778,3.897302,27.47277,97.52778,3.897302,-0.00020629939,97.52778,3.897302,1.0000001e-07,97.52778,3.897302,7.0,,,,,,,
97.52778,3.8373435,0.0030343598,97.52778,3.8373435,0.0012643165,,,,,,,,,,,,,,,,,,,,,,,,,,,,,,,,,,,,,,,,,,,,,,,,,,,,,,,,,,,,,97.52778,3.8373435,7.901815,97.52778,3.8373435,2.5083466,,,,,,,,,,,,,,,,,97.52778,3.9272811,0.0070049837,97.52778,3.9272811,0.0011586499,,,,,,,,,,,,,,,,,,,,97.52778,3.9272811,-0.0011304282,97.52778,3.9272811,27.49503,97.52778,3.9272811,-3.7680937e-05,97.52778,3.9272811,1.0000001e-07,97.52778,3.9272811,7.0,,,,,,,
97.52778,3.8673227,0.003183103,97.52778,3.8673227,0.0012643165,,,,,,,,,,,,,,,,,,,,,,,,,,,,,,,,,,,,,,,,,,,,,,,,,,,,,,,,,,,,,97.52778,3.8673227,8.406414,97.52778,3.8673227,2.499535,,,,,,,,,,,,,,,,,97.52778,3.9572606,0.006324268,97.52778,3.9572606,0.0006682567,,,,,,,,,,,,,,,,,,,,97.52778,3.9572606,-0.0032014374,97.52778,3.9572606,27.485912,97.52778,3.9572606,-0.000106714586,97.52778,3.9572606,1.0000001e-07,97.52778,3.9572606,7.0,,,,,,,
97.52778,3.897302,0.0029748625,97.52778,3.897302,0.0013833111,,,,,,,,,,,,,,,,,,,,,,,,,,,,,,,,,,,,,,,,,,,,,,,,,,,,,,,,,,,,,97.52778,3.897302,7.745942,97.52778,3.897302,2.9721198,,,,,,,,,,,,,,,,,97.52778,3.9872398,0.004660981,97.52778,3.9872398,0.0011049163,,,,,,,,,,,,,,,,,,,,97.52778,3.9872398,-0.010708345,97.52778,3.9872398,27.452887,97.52778,3.9872398,-0.0003569449,97.52778,3.9872398,1.0000001e-07,97.52778,3.9872398,7.0,,,,,,,
97.52778,3.9272811,0.003153354,97.52778,3.9272811,0.0014874312,,,,,,,,,,,,,,,,,,,,,,,,,,,,,,,,,,,,,,,,,,,,,,,,,,,,,,,,,,,,,97.52778,3.9272811,8.231405,97.52778,3.9272811,3.3043811,,,,,,,,,,,,,,,,,97.52778,4.017219,0.006750301,97.52778,4.017219,0.0001788438,,,,,,,,,,,,,,,,,,,,97.52778,4.017219,-0.0024815002,97.52778,4.017219,27.489082,97.52778,4.017219,-8.2716666e-05,97.52778,4.017219,1.0000001e-07,97.52778,4.017219,7.0,,,,,,,
97.52778,3.9572604,0.0030789827,97.52778,3.9572604,0.0014874312,,,,,,,,,,,,,,,,,,,,,,,,,,,,,,,,,,,,,,,,,,,,,,,,,,,,,,,,,,,,,97.52778,3.9572604,8.101071,97.52778,3.9572604,3.2926626,,,,,,,,,,,,,,,,,97.52778,4.0471983,0.004452686,97.52778,4.0471983,0.001061528,,,,,,,,,,,,,,,,,,,,97.52778,4.0471983,-0.0115956245,97.52778,4.0471983,27.44898,97.52778,4.0471983,-0.0003865208,97.52778,4.0471983,1.0000001e-07,97.52778,4.0471983,7.0,,,,,,,
97.52778,3.9872396,0.0025583815,97.52778,3.9872396,0.0014725568,,,,,,,,,,,,,,,,,,,,,,,,,,,,,,,,,,,,,,,,,,,,,,,,,,,,,,,,,,,,,97.52778,3.9872396,6.302055,97.52778,3.9872396,3.2301474,,,,,,,,,,,,,,,,,97.52778,4.0771775,0.0051973704,97.52778,4.0771775,0.0005604315,,,,,,,,,,,,,,,,,,,,97.52778,4.0771775,-0.008413515,97.52778,4.0771775,27.46298,97.52778,4.0771775,-0.0002804505,97.52778,4.0771775,1.0000001e-07,97.52778,4.0771775,7.0,,,,,,,
97.52778,4.017219,0.003183103,97.52778,4.017219,0.0012494421,,,,,,,,,,,,,,,,,,,,,,,,,,,,,,,,,,,,,,,,,,,,,,,,,,,,,,,,,,,,,97.52778,4.017219,8.402831,97.52778,4.017219,2.4367518,,,,,,,,,,,,,,,,,97.52778,4.1071568,0.005690446,97.52778,4.1071568,0.0011297738,,,,,,,,,,,,,,,,,,,,97.52778,4.1071568,-0.005096128,97.52778,4.1071568,27.477577,97.52778,4.1071568,-0.00016987094,97.52778,4.1071568,1.0000001e-07,97.52778,4.1071568,7.0,,,,,,,
97.52778,4.0471983,0.0024988845,97.52778,4.0471983,0.0014428082,,,,,,,,,,,,,,,,,,,,,,,,,,,,,,,,,,,,,,,,,,,,,,,,,,,,,,,,,,,,,97.52778,4.0471983,6.101901,97.52778,4.0471983,3.1882496,,,,,,,,,,,,,,,,,97.52778,4.137136,0.005729418,97.52778,4.137136,0.0001291212,,,,,,,,,,,,,,,,,,,,97.52778,4.137136,-0.006486443,97.52778,4.137136,27.471458,97.52778,4.137136,-0.00021621476,97.52778,4.137136,1.0000001e-07,97.52778,4.137136,7.0,,,,,,,
97.52778,4.0771775,0.0026030047,97.52778,4.0771775,0.001294065,,,,,,,,,,,,,,,,,,,,,,,,,,,,,,,,,,,,,,,,,,,,,,,,,,,,,,,,,,,,,97.52778,4.0771775,6.3858643,97.52778,4.0771775,2.6275072,,,,,,,,,,,,,,,,,97.52778,4.167115,0.004929317,97.52778,4.167115,0.0012005002,,,,,,,,,,,,,,,,,,,,97.52778,4.167115,-0.008573865,97.52778,4.167115,27.462273,97.52778,4.167115,-0.00028579548,97.52778,4.167115,1.0000001e-07,97.52778,4.167115,7.0,,,,,,,
97.52778,4.1071568,0.002662502,97.52778,4.1071568,0.0014130597,,,,,,,,,,,,,,,,,,,,,,,,,,,,,,,,,,,,,,,,,,,,,,,,,,,,,,,,,,,,,97.52778,4.1071568,6.6063476,97.52778,4.1071568,3.0662718,,,,,,,,,,,,,,,,,97.52778,4.1970944,0.0046748896,97.52778,4.1970944,0.000513911,,,,,,,,,,,,,,,,,,,,97.52778,4.1970944,-0.009692975,97.52778,4.1970944,27.45735,97.52778,4.1970944,-0.00032309917,97.52778,4.1970944,1.0000001e-07,97.52778,4.1970944,7.0,,,,,,,
97.52778,4.137136,0.0026327535,97.52778,4.137136,0.0012196937,,,,,,,,,,,,,,,,,,,,,,,,,,,,,,,,,,,,,,,,,,,,,,,,,,,,,,,,,,,,,97.52778,4.137136,6.560888,97.52778,4.137136,2.3456655,,,,,,,,,,,,,,,,,97.52778,4.2270737,0.0063750613,97.52778,4.2270737,0.00014502804,,,,,,,,,,,,,,,,,,,,97.52778,4.2270737,-0.0029659206,97.52778,4.2270737,27.48695,97.52778,4.2270737,-9.886401e-05,97.52778,4.2270737,1.0000001e-07,97.52778,4.2270737,7.0,,,,,,,
97.52778,4.167115,0.002424513,97.52778,4.167115,0.0014130595,,,,,,,,,,,,,,,,,,,,,,,,,,,,,,,,,,,,,,,,,,,,,,,,,,,,,,,,,,,,,97.52778,4.167115,5.813967,97.52778,4.167115,2.9862163,,,,,,,,,,,,,,,,,97.52778,4.257053,0.0054392465,97.52778,4.257053,0.0013535508,,,,,,,,,,,,,,,,,,,,97.52778,4.257053,-0.007382874,97.52778,4.257053,27.467516,97.52778,4.257053,-0.00024609582,97.52778,4.257053,1.0000001e-07,97.52778,4.257053,7.0,,,,,,,
97.52778,4.1970944,0.002424513,97.52778,4.1970944,0.0012345678,,,,,,,,,,,,,,,,,,,,,,,,,,,,,,,,,,,,,,,,,,,,,,,,,,,,,,,,,,,,,97.52778,4.1970944,5.892562,97.52778,4.1970944,2.3915744,,,,,,,,,,,,,,,,,97.52778,4.287032,0.006261127,97.52778,4.287032,0.0003724852,,,,,,,,,,,,,,,,,,,,97.52778,4.287032,-0.002699164,97.52778,4.287032,27.488121,97.52778,4.287032,-8.9972134e-05,97.52778,4.287032,1.0000001e-07,97.52778,4.287032,7.0,,,,,,,
97.52778,4.2270737,0.0028112447,97.52778,4.2270737,0.0012196935,,,,,,,,,,,,,,,,,,,,,,,,,,,,,,,,,,,,,,,,,,,,,,,,,,,,,,,,,,,,,97.52778,4.2270737,7.139311,97.52778,4.2270737,2.19628,,,,,,,,,,,,,,,,,97.52778,4.3170114,0.006388275,97.52778,4.3170114,0.001619779,,,,,,,,,,,,,,,,,,,,97.52778,4.3170114,-0.0027923915,97.52778,4.3170114,27.487713,97.52778,4.3170114,-9.307971e-05,97.52778,4.3170114,1.0000001e-07,97.52778,4.3170114,7.0,,,,,,,
97.52778,4.257053,0.002573256,97.52778,4.257053,0.0014725568,,,,,,,,,,,,,,,,,,,,,,,,,,,,,,,,,,,,,,,,,,,,,,,,,,,,,,,,,,,,,97.52778,4.257053,6.3859577,97.52778,4.257053,3.2812788,,,,,,,,,,,,,,,,,97.52778,4.3469906,0.006244546,97.52778,4.3469906,0.00059328094,,,,,,,,,,,,,,,,,,,,97.52778,4.3469906,-0.0027629605,97.52778,4.3469906,27.487843,97.52778,4.3469906,-9.209871e-05,97.52778,4.3469906,1.0000001e-07,97.52778,4.3469906,7.0,,,,,,,
97.52778,4.287032,0.0027219993,97.52778,4.287032,0.0012345678,,,,,,,,,,,,,,,,,,,,,,,,,,,,,,,,,,,,,,,,,,,,,,,,,,,,,,,,,,,,,97.52778,4.287032,6.780007,97.52778,4.287032,2.3981435,,,,,,,,,,,,,,,,,97.52778,4.37697,0.0044690757,97.52778,4.37697,0.0009797174,,,,,,,,,,,,,,,,,,,,97.52778,4.37697,-0.010144886,97.52778,4.37697,27.45536,97.52778,4.37697,-0.00033816288,97.52778,4.37697,1.0000001e-07,97.52778,4.37697,7.0,,,,,,,
97.52778,4.3170114,0.0026476276,97.52778,4.3170114,0.0014576825,,,,,,,,,,,,,,,,,,,,,,,,,,,,,,,,,,,,,,,,,,,,,,,,,,,,,,,,,,,,,97.52778,4.3170114,6.5997176,97.52778,4.3170114,3.239529,,,,,,,,,,,,,,,,,97.52778,4.406949,0.0044043986,97.52778,4.406949,0.0010462422,,,,,,,,,,,,,,,,,,,,97.52778,4.406949,-0.010980468,97.52778,4.406949,27.451685,97.52778,4.406949,-0.00036601556,97.52778,4.406949,1.0000001e-07,97.52778,4.406949,7.0,,,,,,,
97.52778,4.3469906,0.0025583815,97.52778,4.3469906,0.0012048193,,,,,,,,,,,,,,,,,,,,,,,,,,,,,,,,,,,,,,,,,,,,,,,,,,,,,,,,,,,,,97.52778,4.3469906,6.3211803,97.52778,4.3469906,2.2513566,,,,,,,,,,,,,,,,,97.52778,4.4369283,0.0062941182,97.52778,4.4369283,0.0010097494,,,,,,,,,,,,,,,,,,,,97.52778,4.4369283,-0.0029014817,97.52778,4.4369283,27.487232,97.52778,4.4369283,-9.671605e-05,97.52778,4.4369283,1.0000001e-07,97.52778,4.4369283,7.0,,,,,,,
97.52778,4.37697,0.0022460213,97.52778,4.37697,0.0013981853,,,,,,,,,,,,,,,,,,,,,,,,,,,,,,,,,,,,,,,,,,,,,,,,,,,,,,,,,,,,,97.52778,4.37697,5.219169,97.52778,4.37697,3.0010169,,,,,,,,,,,,,,,,,97.52778,4.4669075,0.006605321,97.52778,4.4669075,0.0009185259,,,,,,,,,,,,,,,,,,,,97.52778,4.4669075,-0.000916429,97.52778,4.4669075,27.495966,97.52778,4.4669075,-3.054763e-05,97.52778,4.4669075,1.0000001e-07,97.52778,4.4669075,7.0,,,,,,,
97.52778,4.406949,0.0022757696,97.52778,4.406949,0.0012791909,,,,,,,,,,,,,,,,,,,,,,,,,,,,,,,,,,,,,,,,,,,,,,,,,,,,,,,,,,,,,97.52778,4.406949,5.2932687,97.52778,4.406949,2.4793048,,,,,,,,,,,,,,,,,97.52778,4.4968867,0.005468477,97.52778,4.4968867,0.0013826774,,,,,,,,,,,,,,,,,,,,97.52778,4.4968867,-0.0060191224,97.52778,4.4968867,27.473516,97.52778,4.4968867,-0.00020063741,97.52778,4.4968867,1.0000001e-07,97.52778,4.4968867,7.0,,,,,,,
97.52778,4.4369283,0.0025583815,97.52778,4.4369283,0.0012791908,,,,,,,,,,,,,,,,,,,,,,,,,,,,,,,,,,,,,,,,,,,,,,,,,,,,,,,,,,,,,97.52778,4.4369283,6.27389,97.52778,4.4369283,2.5857248,,,,,,,,,,,,,,,,,97.52778,4.526866,0.0071076667,97.52778,4.526866,0.00015497087,,,,,,,,,,,,,,,,,,,,97.52778,4.526866,0.0013289622,97.52778,4.526866,27.505848,97.52778,4.526866,4.429874e-05,97.52778,4.526866,1.0000001e-07,97.52778,4.526866,7.0,,,,,,,
97.52778,4.4669075,0.0026476278,97.52778,4.4669075,0.0012643165,,,,,,,,,,,,,,,,,,,,,,,,,,,,,,,,,,,,,,,,,,,,,,,,,,,,,,,,,,,,,97.52778,4.4669075,6.55482,97.52778,4.4669075,2.4492986,,,,,,,,,,,,,,,,,97.52778,4.556845,0.005918809,97.52778,4.556845,0.0010728142,,,,,,,,,,,,,,,,,,,,97.52778,4.556845,-0.0043910765,97.52778,4.556845,27.480679,97.52778,4.556845,-0.00014636922,97.52778,4.556845,1.0000001e-07,97.52778,4.556845,7.0,,,,,,,
97.52778,4.4968867,0.0023501415,97.52778,4.4968867,0.0013684367,,,,,,,,,,,,,,,,,,,,,,,,,,,,,,,,,,,,,,,,,,,,,,,,,,,,,,,,,,,,,97.52778,4.4968867,5.546258,97.52778,4.4968867,2.8616302,,,,,,,,,,,,,,,,,97.52778,4.586825,0.006012316,97.52778,4.586825,0.00094996765,,,,,,,,,,,,,,,,,,,,97.52778,4.586825,-0.0021617194,97.52778,4.586825,27.490488,97.52778,4.586825,-7.205731e-05,97.52778,4.586825,1.0000001e-07,97.52778,4.586825,7.0,,,,,,,
97.52778,4.526866,0.0025583815,97.52778,4.526866,0.0011006991,,,,,,,,,,,,,,,,,,,,,,,,,,,,,,,,,,,,,,,,,,,,,,,,,,,,,,,,,,,,,97.52778,4.526866,6.286982,97.52778,4.526866,1.8770239,,,,,,,,,,,,,,,,,97.52778,4.616804,0.005255675,97.52778,4.616804,0.00012996851,,,,,,,,,,,,,,,,,,,,97.52778,4.616804,-0.006004197,97.52778,4.616804,27.473581,97.52778,4.616804,-0.0002001399,97.52778,4.616804,1.0000001e-07,97.52778,4.616804,7.0,,,,,,,
97.52778,4.556845,0.0023947642,97.52778,4.556845,0.0013238139,,,,,,,,,,,,,,,,,,,,,,,,,,,,,,,,,,,,,,,,,,,,,,,,,,,,,,,,,,,,,97.52778,4.556845,5.788686,97.52778,4.556845,2.6948833,,,,,,,,,,,,,,,,,97.52778,4.6467834,0.0056559625,97.52778,4.6467834,0.00056296826,,,,,,,,,,,,,,,,,,,,97.52778,4.6467834,-0.004716574,97.52778,4.6467834,27.479246,97.52778,4.6467834,-0.00015721914,97.52778,4.6467834,1.0000001e-07,97.52778,4.6467834,7.0,,,,,,,
97.52778,4.5868244,0.0023501413,97.52778,4.5868244,0.001234568,,,,,,,,,,,,,,,,,,,,,,,,,,,,,,,,,,,,,,,,,,,,,,,,,,,,,,,,,,,,,97.52778,4.5868244,5.574484,97.52778,4.5868244,2.3800433,,,,,,,,,,,,,,,,,97.52778,4.6767626,0.005636956,97.52778,4.6767626,-7.1314185e-05,,,,,,,,,,,,,,,,,,,,97.52778,4.6767626,-0.0043457127,97.52778,4.6767626,27.480879,97.52778,4.6767626,-0.00014485707,97.52778,4.6767626,1.0000001e-07,97.52778,4.6767626,7.0,,,,,,,
97.52778,4.6168036,0.0022608952,97.52778,4.6168036,0.0010858248,,,,,,,,,,,,,,,,,,,,,,,,,,,,,,,,,,,,,,,,,,,,,,,,,,,,,,,,,,,,,97.52778,4.6168036,5.327211,97.52778,4.6168036,1.8366457,,,,,,,,,,,,,,,,,97.52778,4.706742,0.0037936505,97.52778,4.706742,0.0001701379,,,,,,,,,,,,,,,,,,,,97.52778,4.706742,-0.012158474,97.52778,4.706742,27.4465,97.52778,4.706742,-0.00040528245,97.52778,4.706742,1.0000001e-07,97.52778,4.706742,7.0,,,,,,,
97.52778,4.646783,0.0022608954,97.52778,4.646783,0.0012345677,,,,,,,,,,,,,,,,,,,,,,,,,,,,,,,,,,,,,,,,,,,,,,,,,,,,,,,,,,,,,97.52778,4.646783,5.305004,97.52778,4.646783,2.3917685,,,,,,,,,,,,,,,,,97.52778,4.736721,0.005056499,97.52778,4.736721,8.195198e-05,,,,,,,,,,,,,,,,,,,,97.52778,4.736721,-0.00662516,97.52778,4.736721,27.470848,97.52778,4.736721,-0.00022083867,97.52778,4.736721,1.0000001e-07,97.52778,4.736721,7.0,,,,,,,
97.52778,4.676762,0.0023650154,97.52778,4.676762,0.0010412019,,,,,,,,,,,,,,,,,,,,,,,,,,,,,,,,,,,,,,,,,,,,,,,,,,,,,,,,,,,,,97.52778,4.676762,5.620404,97.52778,4.676762,1.6580012,,,,,,,,,,,,,,,,,97.52778,4.7667003,0.0061034034,97.52778,4.7667003,0.0011835571,,,,,,,,,,,,,,,,,,,,97.52778,4.7667003,-0.0018170313,97.52778,4.7667003,27.492008,97.52778,4.7667003,-6.056771e-05,97.52778,4.7667003,1.0000001e-07,97.52778,4.7667003,7.0,,,,,,,
97.52778,4.706742,0.0020229064,97.52778,4.706742,0.001189945,,,,,,,,,,,,,,,,,,,,,,,,,,,,,,,,,,,,,,,,,,,,,,,,,,,,,,,,,,,,,97.52778,4.706742,4.4557805,97.52778,4.706742,2.239875,,,,,,,,,,,,,,,,,97.52778,4.7966795,0.005729275,97.52778,4.7966795,-3.0393221e-05,,,,,,,,,,,,,,,,,,,,97.52778,4.7966795,-0.0030055388,97.52778,4.7966795,27.486776,97.52778,4.7966795,-0.00010018462,97.52778,4.7966795,1.0000001e-07,97.52778,4.7966795,7.0,,,,,,,
97.52778,4.736721,0.0021270262,97.52778,4.736721,0.0011453221,,,,,,,,,,,,,,,,,,,,,,,,,,,,,,,,,,,,,,,,,,,,,,,,,,,,,,,,,,,,,97.52778,4.736721,4.8467207,97.52778,4.736721,2.0505662,,,,,,,,,,,,,,,,,97.52778,4.8266587,0.00585772,97.52778,4.8266587,0.0008910889,,,,,,,,,,,,,,,,,,,,97.52778,4.8266587,-0.0028761162,97.52778,4.8266587,27.487347,97.52778,4.8266587,-9.587053e-05,97.52778,4.8266587,1.0000001e-07,97.52778,4.8266587,7.0,,,,,,,
97.52778,4.7667003,0.0023055184,97.52778,4.7667003,0.0013386881,,,,,,,,,,,,,,,,,,,,,,,,,,,,,,,,,,,,,,,,,,,,,,,,,,,,,,,,,,,,,97.52778,4.7667003,5.4745812,97.52778,4.7667003,2.7352877,,,,,,,,,,,,,,,,,97.52778,4.856638,0.007668096,97.52778,4.856638,0.0010011853,,,,,,,,,,,,,,,,,,,,97.52778,4.856638,0.0049753166,97.52778,4.856638,27.52189,97.52778,4.856638,0.0001658439,97.52778,4.856638,1.0000001e-07,97.52778,4.856638,7.0,,,,,,,
97.52778,4.7966795,0.002186524,97.52778,4.7966795,0.0010858248,,,,,,,,,,,,,,,,,,,,,,,,,,,,,,,,,,,,,,,,,,,,,,,,,,,,,,,,,,,,,97.52778,4.7966795,5.0382137,97.52778,4.7966795,1.8041357,,,,,,,,,,,,,,,,,97.52778,4.886617,0.004493041,97.52778,4.886617,0.0001237468,,,,,,,,,,,,,,,,,,,,97.52778,4.886617,-0.009131626,97.52778,4.886617,27.45982,97.52778,4.886617,-0.00030438756,97.52778,4.886617,1.0000001e-07,97.52778,4.886617,7.0,,,,,,,
97.52778,4.8266587,0.0022311467,97.52778,4.8266587,0.0012196936,,,,,,,,,,,,,,,,,,,,,,,,,,,,,,,,,,,,,,,,,,,,,,,,,,,,,,,,,,,,,97.52778,4.8266587,5.1926436,97.52778,4.8266587,2.2688468,,,,,,,,,,,,,,,,,97.52778,4.9165964,0.0055167736,97.52778,4.9165964,0.001712215,,,,,,,,,,,,,,,,,,,,97.52778,4.9165964,-0.0050070724,97.52778,4.9165964,27.477968,97.52778,4.9165964,-0.00016690239,97.52778,4.9165964,1.0000001e-07,97.52778,4.9165964,7.0,,,,,,,
97.52778,4.856638,0.0025583815,97.52778,4.856638,0.0012345678,,,,,,,,,,,,,,,,,,,,,,,,,,,,,,,,,,,,,,,,,,,,,,,,,,,,,,,,,,,,,97.52778,4.856638,6.2252836,97.52778,4.856638,2.36209,,,,,,,,,,,,,,,,,97.52778,4.9465756,0.006776584,97.52778,4.9465756,-0.00016312524,,,,,,,,,,,,,,,,,,,,97.52778,4.9465756,0.0005743598,97.52778,4.9465756,27.502525,97.52778,4.9465756,1.9145324e-05,97.52778,4.9465756,1.0000001e-07,97.52778,4.9465756,7.0,,,,,,,
97.52778,4.886617,0.0019485349,97.52778,4.886617,0.0011601964,,,,,,,,,,,,,,,,,,,,,,,,,,,,,,,,,,,,,,,,,,,,,,,,,,,,,,,,,,,,,97.52778,4.886617,4.235643,97.52778,4.886617,2.1700757,,,,,,,,,,,,,,,,,97.52778,4.976555,0.004980748,97.52778,4.976555,0.00018901813,,,,,,,,,,,,,,,,,,,,97.52778,4.976555,-0.0062387493,97.52778,4.976555,27.47255,97.52778,4.976555,-0.00020795832,97.52778,4.976555,1.0000001e-07,97.52778,4.976555,7.0,,,,,,,
97.52778,4.9165964,0.0021121523,97.52778,4.9165964,0.0012940649,,,,,,,,,,,,,,,,,,,,,,,,,,,,,,,,,,,,,,,,,,,,,,,,,,,,,,,,,,,,,97.52778,4.9165964,4.839357,97.52778,4.9165964,2.5766318,,,,,,,,,,,,,,,,,97.52778,5.006534,0.005140069,97.52778,5.006534,0.0009269734,,,,,,,,,,,,,,,,,,,,97.52778,5.006534,-0.005188239,97.52778,5.006534,27.477173,97.52778,5.006534,-0.0001729413,97.52778,5.006534,1.0000001e-07,97.52778,5.006534,7.0,,,,,,,
97.52778,4.9465756,0.0023055181,97.52778,4.9465756,0.0009817046,,,,,,,,,,,,,,,,,,,,,,,,,,,,,,,,,,,,,,,,,,,,,,,,,,,,,,,,,,,,,97.52778,4.9465756,5.409336,97.52778,4.9465756,1.4286336,,,,,,,,,,,,,,,,,97.52778,5.0365133,0.0049147625,97.52778,5.0365133,0.0011948545,,,,,,,,,,,,,,,,,,,,97.52778,5.0365133,-0.00609443,97.52778,5.0365133,27.473185,97.52778,5.0365133,-0.0002031477,97.52778,5.0365133,1.0000001e-07,97.52778,5.0365133,7.0,,,,,,,
97.52778,4.976555,0.001993158,97.52778,4.976555,0.0010858248,,,,,,,,,,,,,,,,,,,,,,,,,,,,,,,,,,,,,,,,,,,,,,,,,,,,,,,,,,,,,97.52778,4.976555,4.4351826,97.52778,4.976555,1.801208,,,,,,,,,,,,,,,,,97.52778,5.0664926,0.0057504913,97.52778,5.0664926,0.00010001415,,,,,,,,,,,,,,,,,,,,97.52778,5.0664926,-0.0040211375,97.52778,5.0664926,27.482307,97.52778,5.0664926,-0.00013403791,97.52778,5.0664926,1.0000001e-07,97.52778,5.0664926,7.0,,,,,,,
97.52778,5.006534,0.0020675294,97.52778,5.006534,0.0010560763,,,,,,,,,,,,,,,,,,,,,,,,,,,,,,,,,,,,,,,,,,,,,,,,,,,,,,,,,,,,,97.52778,5.006534,4.619323,97.52778,5.006534,1.7321795,,,,,,,,,,,,,,,,,97.52778,5.096472,0.006380166,97.52778,5.096472,0.00072532654,,,,,,,,,,,,,,,,,,,,97.52778,5.096472,0.00028069565,97.52778,5.096472,27.501236,97.52778,5.096472,9.356529e-06,97.52778,5.096472,1.0000001e-07,97.52778,5.096472,7.0,,,,,,,
97.52778,5.0365133,0.0018890378,97.52778,5.0365133,0.0011601964,,,,,,,,,,,,,,,,,,,,,,,,,,,,,,,,,,,,,,,,,,,,,,,,,,,,,,,,,,,,,97.52778,5.0365133,4.074213,97.52778,5.0365133,2.1303115,,,,,,,,,,,,,,,,,97.52778,5.126451,0.0053819115,97.52778,5.126451,0.0019310912,,,,,,,,,,,,,,,,,,,,97.52778,5.126451,-0.004075561,97.52778,5.126451,27.482067,97.52778,5.126451,-0.00013585202,97.52778,5.126451,1.0000001e-07,97.52778,5.126451,7.0,,,,,,,
97.52778,5.0664926,0.0020824033,97.52778,5.0664926,0.0009965788,,,,,,,,,,,,,,,,,,,,,,,,,,,,,,,,,,,,,,,,,,,,,,,,,,,,,,,,,,,,,97.52778,5.0664926,4.724449,97.52778,5.0664926,1.5143418,,,,,,,,,,,,,,,,,97.52778,5.1564302,0.0062068477,97.52778,5.1564302,1.35928085e-05,,,,,,,,,,,,,,,,,,,,97.52778,5.1564302,-0.00071906013,97.52778,5.1564302,27.496836,97.52778,5.1564302,-2.3968669e-05,97.52778,5.1564302,1.0000001e-07,97.52778,5.1564302,7.0,,,,,,,
97.52778,5.096472,0.002231147,97.52778,5.096472,0.0011750706,,,,,,,,,,,,,,,,,,,,,,,,,,,,,,,,,,,,,,,,,,,,,,,,,,,,,,,,,,,,,97.52778,5.096472,5.264295,97.52778,5.096472,2.2257898,,,,,,,,,,,,,,,,,97.52778,5.1864095,0.006037543,97.52778,5.1864095,0.0010349044,,,,,,,,,,,,,,,,,,,,97.52778,5.1864095,-0.00032356443,97.52778,5.1864095,27.498577,97.52778,5.1864095,-1.0785485e-05,97.52778,5.1864095,1.0000001e-07,97.52778,5.1864095,7.0,,,,,,,
97.52778,5.126451,0.002008032,97.52778,5.126451,0.0012791908,,,,,,,,,,,,,,,,,,,,,,,,,,,,,,,,,,,,,,,,,,,,,,,,,,,,,,,,,,,,,97.52778,5.126451,4.4423695,97.52778,5.126451,2.5086982,,,,,,,,,,,,,,,,,97.52778,5.2163887,0.0045646164,97.52778,5.2163887,0.0006123803,,,,,,,,,,,,,,,,,,,,97.52778,5.2163887,-0.0077593005,97.52778,5.2163887,27.46586,97.52778,5.2163887,-0.00025864333,97.52778,5.2163887,1.0000001e-07,97.52778,5.2163887,7.0,,,,,,,
97.52778,5.1564302,0.0021121523,97.52778,5.1564302,0.0009370816,,,,,,,,,,,,,,,,,,,,,,,,,,,,,,,,,,,,,,,,,,,,,,,,,,,,,,,,,,,,,97.52778,5.1564302,4.802096,97.52778,5.1564302,1.2528702,,,,,,,,,,,,,,,,,97.52778,5.246368,0.0064565022,97.52778,5.246368,-0.00026876206,,,,,,,,,,,,,,,,,,,,97.52778,5.246368,0.0020885281,97.52778,5.246368,27.509192,97.52778,5.246368,6.961759e-05,97.52778,5.246368,1.0000001e-07,97.52778,5.246368,7.0,,,,,,,
97.52778,5.1864095,0.0021121523,97.52778,5.1864095,0.0011899448,,,,,,,,,,,,,,,,,,,,,,,,,,,,,,,,,,,,,,,,,,,,,,,,,,,,,,,,,,,,,97.52778,5.1864095,4.7745814,97.52778,5.1864095,2.165157,,,,,,,,,,,,,,,,,97.52778,5.276347,0.004622924,97.52778,5.276347,0.0013522911,,,,,,,,,,,,,,,,,,,,97.52778,5.276347,-0.0071953484,97.52778,5.276347,27.468342,97.52778,5.276347,-0.00023984496,97.52778,5.276347,1.0000001e-07,97.52778,5.276347,7.0,,,,,,,
97.52778,5.2163887,0.0018890378,97.52778,5.2163887,0.0010858248,,,,,,,,,,,,,,,,,,,,,,,,,,,,,,,,,,,,,,,,,,,,,,,,,,,,,,,,,,,,,97.52778,5.2163887,4.0187683,97.52778,5.2163887,1.8657687,,,,,,,,,,,,,,,,,97.52778,5.3063264,0.0059281234,97.52778,5.3063264,0.001800146,,,,,,,,,,,,,,,,,,,,97.52778,5.3063264,-0.000118263066,97.52778,5.3063264,27.49948,97.52778,5.3063264,-3.9420943e-06,97.52778,5.3063264,1.0000001e-07,97.52778,5.3063264,7.0,,,,,,,
97.52778,5.246368,0.002097278,97.52778,5.246368,0.0009668302,,,,,,,,,,,,,,,,,,,,,,,,,,,,,,,,,,,,,,,,,,,,,,,,,,,,,,,,,,,,,97.52778,5.246368,4.7159257,97.52778,5.246368,1.404211,,,,,,,,,,,,,,,,,97.52778,5.3363056,0.0066497996,97.52778,5.3363056,-0.0002678382,,,,,,,,,,,,,,,,,,,,97.52778,5.3363056,0.0022108695,97.52778,5.3363056,27.509727,97.52778,5.3363056,7.369564e-05,97.52778,5.3363056,1.0000001e-07,97.52778,5.3363056,7.0,,,,,,,
97.52778,5.276347,0.0019039116,97.52778,5.276347,0.0011899449,,,,,,,,,,,,,,,,,,,,,,,,,,,,,,,,,,,,,,,,,,,,,,,,,,,,,,,,,,,,,97.52778,5.276347,4.0808578,97.52778,5.276347,2.2302916,,,,,,,,,,,,,,,,,97.52778,5.366285,0.005763976,97.52778,5.366285,2.393578e-05,,,,,,,,,,,,,,,,,,,,97.52778,5.366285,-0.001449663,97.52778,5.366285,27.493622,97.52778,5.366285,-4.8322097e-05,97.52778,5.366285,1.0000001e-07,97.52778,5.366285,7.0,,,,,,,
97.52778,5.3063264,0.0020377808,97.52778,5.3063264,0.0012791908,,,,,,,,,,,,,,,,,,,,,,,,,,,,,,,,,,,,,,,,,,,,,,,,,,,,,,,,,,,,,97.52778,5.3063264,4.4641895,97.52778,5.3063264,2.5590546,,,,,,,,,,,,,,,,,97.52778,5.396264,0.007825796,97.52778,5.396264,0.0004648686,,,,,,,,,,,,,,,,,,,,97.52778,5.396264,0.006950538,97.52778,5.396264,27.530582,97.52778,5.396264,0.0002316846,97.52778,5.396264,1.0000001e-07,97.52778,5.396264,7.0,,,,,,,
97.52778,5.3363056,0.0021121523,97.52778,5.3363056,0.0009965788,,,,,,,,,,,,,,,,,,,,,,,,,,,,,,,,,,,,,,,,,,,,,,,,,,,,,,,,,,,,,97.52778,5.3363056,4.7723503,97.52778,5.3363056,1.4724537,,,,,,,,,,,,,,,,,97.52778,5.426244,0.0073213344,97.52778,5.426244,0.002227349,,,,,,,,,,,,,,,,,,,,97.52778,5.426244,0.005609787,97.52778,5.426244,27.524683,97.52778,5.426244,0.00018699294,97.52778,5.426244,1.0000001e-07,97.52778,5.426244,7.0,,,,,,,
97.52778,5.366285,0.0018890376,97.52778,5.366285,0.0009668303,,,,,,,,,,,,,,,,,,,,,,,,,,,,,,,,,,,,,,,,,,,,,,,,,,,,,,,,,,,,,97.52778,5.366285,4.059175,97.52778,5.366285,1.371887,,,,,,,,,,,,,,,,,97.52778,5.456223,0.0052286866,97.52778,5.456223,-0.0006899382,,,,,,,,,,,,,,,,,,,,97.52778,5.456223,-0.0031882126,97.52778,5.456223,27.48597,97.52778,5.456223,-0.000106273765,97.52778,5.456223,1.0000001e-07,97.52778,5.456223,7.0,,,,,,,
97.52778,5.396264,0.0022460213,97.52778,5.396264,0.0010263275,,,,,,,,,,,,,,,,,,,,,,,,,,,,,,,,,,,,,,,,,,,,,,,,,,,,,,,,,,,,,97.52778,5.396264,5.305682,97.52778,5.396264,1.6367936,,,,,,,,,,,,,,,,,97.52778,5.4862022,0.0061696023,97.52778,5.4862022,0.00054421724,,,,,,,,,,,,,,,,,,,,97.52778,5.4862022,0.00015203841,97.52778,5.4862022,27.500668,97.52778,5.4862022,5.067947e-06,97.52778,5.4862022,1.0000001e-07,97.52778,5.4862022,7.0,,,,,,,
97.52778,5.4262433,0.0021121523,97.52778,5.4262433,0.0013684366,,,,,,,,,,,,,,,,,,,,,,,,,,,,,,,,,,,,,,,,,,,,,,,,,,,,,,,,,,,,,97.52778,5.4262433,4.7845416,97.52778,5.4262433,2.8580153,,,,,,,,,,,,,,,,,97.52778,5.5161815,0.0060470984,97.52778,5.5161815,0.00024949206,,,,,,,,,,,,,,,,,,,,97.52778,5.5161815,-0.0009174767,97.52778,5.5161815,27.495962,97.52778,5.5161815,-3.0582552e-05,97.52778,5.5161815,1.0000001e-07,97.52778,5.5161815,7.0,,,,,,,
97.52778,5.4562225,0.0018890376,97.52778,5.4562225,0.0008924587,,,,,,,,,,,,,,,,,,,,,,,,,,,,,,,,,,,,,,,,,,,,,,,,,,,,,,,,,,,,,97.52778,5.4562225,4.010315,97.52778,5.4562225,1.1632446,,,,,,,,,,,,,,,,,97.52778,5.5461607,0.0044120615,97.52778,5.5461607,0.0014589047,,,,,,,,,,,,,,,,,,,,97.52778,5.5461607,-0.0064804987,97.52778,5.5461607,27.471487,97.52778,5.5461607,-0.00021601662,97.52778,5.5461607,1.0000001e-07,97.52778,5.5461607,7.0,,,,,,,
97.52778,5.486202,0.0018741633,97.52778,5.486202,0.0011155733,,,,,,,,,,,,,,,,,,,,,,,,,,,,,,,,,,,,,,,,,,,,,,,,,,,,,,,,,,,,,97.52778,5.486202,4.044245,97.52778,5.486202,1.8952489,,,,,,,,,,,,,,,,,97.52778,5.57614,0.006116522,97.52778,5.57614,0.0027665298,,,,,,,,,,,,,,,,,,,,97.52778,5.57614,-0.0014145495,97.52778,5.57614,27.493778,97.52778,5.57614,-4.715166e-05,97.52778,5.57614,1.0000001e-07,97.52778,5.57614,7.0,,,,,,,
97.52778,5.516181,0.0018444146,97.52778,5.516181,0.0009817046,,,,,,,,,,,,,,,,,,,,,,,,,,,,,,,,,,,,,,,,,,,,,,,,,,,,,,,,,,,,,97.52778,5.516181,3.924802,97.52778,5.516181,1.4550548,,,,,,,,,,,,,,,,,97.52778,5.606119,0.008422088,97.52778,5.606119,0.00025158303,,,,,,,,,,,,,,,,,,,,97.52778,5.606119,0.009524601,97.52778,5.606119,27.541908,97.52778,5.606119,0.00031748667,97.52778,5.606119,1.0000001e-07,97.52778,5.606119,7.0,,,,,,,
97.52778,5.5461607,0.0016807973,97.52778,5.5461607,0.0011899448,,,,,,,,,,,,,,,,,,,,,,,,,,,,,,,,,,,,,,,,,,,,,,,,,,,,,,,,,,,,,97.52778,5.5461607,3.3766825,97.52778,5.5461607,2.221592,,,,,,,,,,,,,,,,,97.52778,5.6360984,0.0055115777,97.52778,5.6360984,0.0006371144,,,,,,,,,,,,,,,,,,,,97.52778,5.6360984,-0.0017460696,97.52778,5.6360984,27.49232,97.52778,5.6360984,-5.8202324e-05,97.52778,5.6360984,1.0000001e-07,97.52778,5.6360984,7.0,,,,,,,
97.52778,5.57614,0.0019336606,97.52778,5.57614,0.0012791908,,,,,,,,,,,,,,,,,,,,,,,,,,,,,,,,,,,,,,,,,,,,,,,,,,,,,,,,,,,,,97.52778,5.57614,4.2707686,97.52778,5.57614,2.5405924,,,,,,,,,,,,,,,,,97.52778,5.6660776,0.0043612528,97.52778,5.6660776,-0.00052268885,,,,,,,,,,,,,,,,,,,,97.52778,5.6660776,-0.0066386964,97.52778,5.6660776,27.470787,97.52778,5.6660776,-0.00022128987,97.52778,5.6660776,1.0000001e-07,97.52778,5.6660776,7.0,,,,,,,
97.52778,5.606119,0.002186524,97.52778,5.606119,0.0010114532,,,,,,,,,,,,,,,,,,,,,,,,,,,,,,,,,,,,,,,,,,,,,,,,,,,,,,,,,,,,,97.52778,5.606119,4.9637866,97.52778,5.606119,1.5604924,,,,,,,,,,,,,,,,,97.52778,5.696057,0.006251866,97.52778,5.696057,-0.00038056768,,,,,,,,,,,,,,,,,,,,97.52778,5.696057,-0.000320923,97.52778,5.696057,27.498589,97.52778,5.696057,-1.0697437e-05,97.52778,5.696057,1.0000001e-07,97.52778,5.696057,7.0,,,,,,,
97.52778,5.6360984,0.0017997918,97.52778,5.6360984,0.0010560761,,,,,,,,,,,,,,,,,,,,,,,,,,,,,,,,,,,,,,,,,,,,,,,,,,,,,,,,,,,,,97.52778,5.6360984,3.7824602,97.52778,5.6360984,1.7406427,,,,,,,,,,,,,,,,,97.52778,5.726036,0.0073735435,97.52778,5.726036,-0.0012442931,,,,,,,,,,,,,,,,,,,,97.52778,5.726036,0.0068787793,97.52778,5.726036,27.530266,97.52778,5.726036,0.00022929265,97.52778,5.726036,1.0000001e-07,97.52778,5.726036,7.0,,,,,,,
97.52778,5.6660776,0.0016956715,97.52778,5.6660776,0.0008924587,,,,,,,,,,,,,,,,,,,,,,,,,,,,,,,,,,,,,,,,,,,,,,,,,,,,,,,,,,,,,97.52778,5.6660776,3.385741,97.52778,5.6660776,1.131678,,,,,,,,,,,,,,,,,97.52778,5.7560153,0.0055083646,97.52778,5.7560153,0.00061498216,,,,,,,,,,,,,,,,,,,,97.52778,5.7560153,-0.002354758,97.52778,5.7560153,27.489641,97.52778,5.7560153,-7.849193e-05,97.52778,5.7560153,1.0000001e-07,97.52778,5.7560153,7.0,,,,,,,
97.52778,5.696057,0.0017700432,97.52778,5.696057,0.0009370816,,,,,,,,,,,,,,,,,,,,,,,,,,,,,,,,,,,,,,,,,,,,,,,,,,,,,,,,,,,,,97.52778,5.696057,3.707949,97.52778,5.696057,1.2706906,,,,,,,,,,,,,,,,,97.52778,5.7859945,0.004899953,97.52778,5.7859945,-0.0011832311,,,,,,,,,,,,,,,,,,,,97.52778,5.7859945,-0.004289819,97.52778,5.7859945,27.481125,97.52778,5.7859945,-0.00014299396,97.52778,5.7859945,1.0000001e-07,97.52778,5.7859945,7.0,,,,,,,
97.52778,5.726036,0.0019187863,97.52778,5.726036,0.00087758433,,,,,,,,,,,,,,,,,,,,,,,,,,,,,,,,,,,,,,,,,,,,,,,,,,,,,,,,,,,,,97.52778,5.726036,4.1974096,97.52778,5.726036,1.0711315,,,,,,,,,,,,,,,,,97.52778,5.8159738,0.007558877,97.52778,5.8159738,0.0010659762,,,,,,,,,,,,,,,,,,,,97.52778,5.8159738,0.007864327,97.52778,5.8159738,27.534605,97.52778,5.8159738,0.00026214423,97.52778,5.8159738,1.0000001e-07,97.52778,5.8159738,7.0,,,,,,,
97.52778,5.7560153,0.0018741632,97.52778,5.7560153,0.0010263275,,,,,,,,,,,,,,,,,,,,,,,,,,,,,,,,,,,,,,,,,,,,,,,,,,,,,,,,,,,,,97.52778,5.7560153,4.0308294,97.52778,5.7560153,1.6449765,,,,,,,,,,,,,,,,,97.52778,5.845953,0.005033678,97.52778,5.845953,-0.00029411877,,,,,,,,,,,,,,,,,,,,97.52778,5.845953,-0.0037088292,97.52778,5.845953,27.48368,97.52778,5.845953,-0.00012362763,97.52778,5.845953,1.0000001e-07,97.52778,5.845953,7.0,,,,,,,
97.52778,5.7859945,0.0016213,97.52778,5.7859945,0.00087758433,,,,,,,,,,,,,,,,,,,,,,,,,,,,,,,,,,,,,,,,,,,,,,,,,,,,,,,,,,,,,97.52778,5.7859945,3.2038345,97.52778,5.7859945,1.0514829,,,,,,,,,,,,,,,,,97.52778,5.875932,0.0037441598,97.52778,5.875932,-0.0011029145,,,,,,,,,,,,,,,,,,,,97.52778,5.875932,-0.010921181,97.52778,5.875932,27.451944,97.52778,5.875932,-0.00036403936,97.52778,5.875932,1.0000001e-07,97.52778,5.875932,7.0,,,,,,,
97.52778,5.8159738,0.0019782835,97.52778,5.8159738,0.0010858248,,,,,,,,,,,,,,,,,,,,,,,,,,,,,,,,,,,,,,,,,,,,,,,,,,,,,,,,,,,,,97.52778,5.8159738,4.354325,97.52778,5.8159738,1.8180621,,,,,,,,,,,,,,,,,97.52778,5.9059114,0.0072927345,97.52778,5.9059114,-0.00040139083,,,,,,,,,,,,,,,,,,,,97.52778,5.9059114,0.0064585116,97.52778,5.9059114,27.528418,97.52778,5.9059114,0.0002152837,97.52778,5.9059114,1.0000001e-07,97.52778,5.9059114,7.0,,,,,,,
97.52778,5.845953,0.0016213,97.52778,5.845953,0.00093708164,,,,,,,,,,,,,,,,,,,,,,,,,,,,,,,,,,,,,,,,,,,,,,,,,,,,,,,,,,,,,97.52778,5.845953,3.1448448,97.52778,5.845953,1.3054262,,,,,,,,,,,,,,,,,97.52778,5.9358907,0.005961745,97.52778,5.9358907,0.0016888534,,,,,,,,,,,,,,,,,,,,97.52778,5.9358907,0.0018197247,97.52778,5.9358907,27.508005,97.52778,5.9358907,6.065748e-05,97.52778,5.9358907,1.0000001e-07,97.52778,5.9358907,7.0,,,,,,,
97.52778,5.875932,0.0015469284,97.52778,5.875932,0.00084783573,,,,,,,,,,,,,,,,,,,,,,,,,,,,,,,,,,,,,,,,,,,,,,,,,,,,,,,,,,,,,97.52778,5.875932,2.9020345,97.52778,5.875932,0.9738261,,,,,,,,,,,,,,,,,97.52778,5.96587,0.0063021574,97.52778,5.96587,0.0008586696,,,,,,,,,,,,,,,,,,,,97.52778,5.96587,0.0027853413,97.52778,5.96587,27.512257,97.52778,5.96587,9.2844704e-05,97.52778,5.96587,1.0000001e-07,97.52778,5.96587,7.0,,,,,,,
97.52778,5.9059114,0.001903912,97.52778,5.9059114,0.0008924586,,,,,,,,,,,,,,,,,,,,,,,,,,,,,,,,,,,,,,,,,,,,,,,,,,,,,,,,,,,,,97.52778,5.9059114,4.146747,97.52778,5.9059114,1.1008092,,,,,,,,,,,,,,,,,97.52778,5.995849,0.0065035024,97.52778,5.995849,0.0004258239,,,,,,,,,,,,,,,,,,,,97.52778,5.995849,0.0,97.52778,5.995849,27.5,97.52778,5.995849,0.0,97.52778,5.995849,1.0000001e-07,97.52778,5.995849,7.0,,,,,,,
97.52778,5.9358907,0.0018146659,97.52778,5.9358907,0.0011006991,,,,,,,,,,,,,,,,,,,,,,,,,,,,,,,,,,,,,,,,,,,,,,,,,,,,,,,,,,,,,97.52778,5.9358907,3.8322172,97.52778,5.9358907,1.9170055,,,,,,,,,,,,,,,,,97.52778,6.0258284,0.006237232,97.52778,6.0258284,-0.00052139466,,,,,,,,,,,,,,,,,,,,,,,,,,,,,97.52778,6.0258284,1.0000001e-07,97.52778,6.0258284,7.0,,,,,,,
97.52778,5.96587,0.0018295404,97.52778,5.96587,0.0010709505,,,,,,,,,,,,,,,,,,,,,,,,,,,,,,,,,,,,,,,,,,,,,,,,,,,,,,,,,,,,,97.52778,5.96587,3.8760893,97.52778,5.96587,1.773285,,,,,,,,,,,,,,,,,97.52778,6.0558076,0.0069267056,97.52778,6.0558076,0.0023193588,,,,,,,,,,,,,,,,,,,,,,,,,,,,,97.52778,6.0558076,1.0000001e-07,97.52778,6.0558076,7.0,,,,,,,
97.52778,5.995849,0.0016956715,97.52778,5.995849,0.000996579,,,,,,,,,,,,,,,,,,,,,,,,,,,,,,,,,,,,,,,,,,,,,,,,,,,,,,,,,,,,,97.52778,5.995849,3.4017801,97.52778,5.995849,1.4905505,,,,,,,,,,,,,,,,,97.52778,6.085787,0.0070757847,97.52778,6.085787,0.0008833903,,,,,,,,,,,,,,,,,,,,,,,,,,,,,97.52778,6.085787,1.0000001e-07,97.52778,6.085787,7.0,,,,,,,
97.52778,6.0258284,0.0018295404,97.52778,6.0258284,0.0008180871,,,,,,,,,,,,,,,,,,,,,,,,,,,,,,,,,,,,,,,,,,,,,,,,,,,,,,,,,,,,,97.52778,6.0258284,3.8849154,97.52778,6.0258284,0.80469936,,,,,,,,,,,,,,,,,97.52778,6.115766,0.004320163,97.52778,6.115766,0.0029983418,,,,,,,,,,,,,,,,,,,,,,,,,,,,,97.52778,6.115766,1.0000001e-07,97.52778,6.115766,7.0,,,,,,,
97.52778,6.0558076,0.001903912,97.52778,6.0558076,0.001189945,,,,,,,,,,,,,,,,,,,,,,,,,,,,,,,,,,,,,,,,,,,,,,,,,,,,,,,,,,,,,97.52778,6.0558076,4.089308,97.52778,6.0558076,2.1980512,,,,,,,,,,,,,,,,,97.52778,6.1457453,0.003499863,97.52778,6.1457453,0.00072734203,,,,,,,,,,,,,,,,,,,,,,,,,,,,,97.52778,6.1457453,1.0000001e-07,97.52778,6.1457453,7.0,,,,,,,
97.52778,6.085787,0.0017997916,97.52778,6.085787,0.0010412019,,,,,,,,,,,,,,,,,,,,,,,,,,,,,,,,,,,,,,,,,,,,,,,,,,,,,,,,,,,,,97.52778,6.085787,3.7606344,97.52778,6.085787,1.6984191,,,,,,,,,,,,,,,,,97.52778,6.1757245,0.006464993,97.52778,6.1757245,0.0010181301,,,,,,,,,,,,,,,,,,,,,,,,,,,,,97.52778,6.1757245,1.0000001e-07,97.52778,6.1757245,7.0,,,,,,,
97.52778,6.115766,0.0016212999,97.52778,6.115766,0.0012196936,,,,,,,,,,,,,,,,,,,,,,,,,,,,,,,,,,,,,,,,,,,,,,,,,,,,,,,,,,,,,97.52778,6.115766,3.2022257,97.52778,6.115766,2.3888109,,,,,,,,,,,,,,,,,97.52778,6.2057037,0.005871461,97.52778,6.2057037,-0.0003175192,,,,,,,,,,,,,,,,,,,,,,,,,,,,,97.52778,6.2057037,1.0000001e-07,97.52778,6.2057037,7.0,,,,,,,
97.52778,6.1457453,0.0014130595,97.52778,6.1457453,0.0009965788,,,,,,,,,,,,,,,,,,,,,,,,,,,,,,,,,,,,,,,,,,,,,,,,,,,,,,,,,,,,,97.52778,6.1457453,2.4602697,97.52778,6.1457453,1.5018021,,,,,,,,,,,,,,,,,97.52778,6.235683,0.0060459306,97.52778,6.235683,0.0017039287,,,,,,,,,,,,,,,,,,,,,,,,,,,,,97.52778,6.235683,1.0000001e-07,97.52778,6.235683,7.0,,,,,,,
97.52778,6.1757245,0.0017551689,97.52778,6.1757245,0.000996579,,,,,,,,,,,,,,,,,,,,,,,,,,,,,,,,,,,,,,,,,,,,,,,,,,,,,,,,,,,,,97.52778,6.1757245,3.6252425,97.52778,6.1757245,1.5844973,,,,,,,,,,,,,,,,,97.52778,6.2656627,0.003400011,97.52778,6.2656627,-0.00028096873,,,,,,,,,,,,,,,,,,,,,,,,,,,,,97.52778,6.2656627,1.0000001e-07,97.52778,6.2656627,7.0,,,,,,,
97.52778,6.2057037,0.0016510487,97.52778,6.2057037,0.00087758445,,,,,,,,,,,,,,,,,,,,,,,,,,,,,,,,,,,,,,,,,,,,,,,,,,,,,,,,,,,,,97.52778,6.2057037,3.2882125,97.52778,6.2057037,1.0872108,,,,,,,,,,,,,,,,,97.52778,6.295642,0.008541336,97.52778,6.295642,0.00035456687,,,,,,,,,,,,,,,,,,,,,,,,,,,,,97.52778,6.295642,1.0000001e-07,97.52778,6.295642,7.0,,,,,,,
97.52778,6.235683,0.0016807971,97.52778,6.235683,0.0010560761,,,,,,,,,,,,,,,,,,,,,,,,,,,,,,,,,,,,,,,,,,,,,,,,,,,,,,,,,,,,,97.52778,6.235683,3.3308127,97.52778,6.235683,1.7272475,,,,,,,,,,,,,,,,,97.52778,6.325621,0.004923949,97.52778,6.325621,0.0015337177,,,,,,,,,,,,,,,,,,,,,,,,,,,,,97.52778,6.325621,1.0000001e-07,97.52778,6.325621,7.0,,,,,,,
97.52778,6.265662,0.0013535623,97.52778,6.265662,0.0009668302,,,,,,,,,,,,,,,,,,,,,,,,,,,,,,,,,,,,,,,,,,,,,,,,,,,,,,,,,,,,,97.52778,6.265662,2.2240515,97.52778,6.265662,1.3572227,,,,,,,,,,,,,,,,,97.52778,6.3556004,0.004531294,97.52778,6.3556004,0.003131842,,,,,,,,,,,,,,,,,,,,,,,,,,,,,97.52778,6.3556004,1.0000001e-07,97.52778,6.3556004,7.0,,,,,,,
97.52778,6.2956414,0.0018741633,97.52778,6.2956414,0.0010412019,,,,,,,,,,,,,,,,,,,,,,,,,,,,,,,,,,,,,,,,,,,,,,,,,,,,,,,,,,,,,97.52778,6.2956414,4.0560527,97.52778,6.2956414,1.6813815,,,,,,,,,,,,,,,,,97.52778,6.3855796,0.005927055,97.52778,6.3855796,0.0020009854,,,,,,,,,,,,,,,,,,,,,,,,,,,,,97.52778,6.3855796,1.0000001e-07,97.52778,6.3855796,7.0,,,,,,,
97.52778,6.3256207,0.0015023057,97.52778,6.3256207,0.0010858248,,,,,,,,,,,,,,,,,,,,,,,,,,,,,,,,,,,,,,,,,,,,,,,,,,,,,,,,,,,,,97.52778,6.3256207,2.8099108,97.52778,6.3256207,1.7678027,,,,,,,,,,,,,,,,,97.52778,6.415559,0.0040560113,97.52778,6.415559,0.0025316442,,,,,,,,,,,,,,,,,,,,,,,,,,,,,97.52778,6.415559,1.0000001e-07,97.52778,6.415559,7.0,,,,,,,
97.52778,6.3556,0.001532054,97.52778,6.3556,0.0012048193,,,,,,,,,,,,,,,,,,,,,,,,,,,,,,,,,,,,,,,,,,,,,,,,,,,,,,,,,,,,,97.52778,6.3556,2.8083255,97.52778,6.3556,2.184867,,,,,,,,,,,,,,,,,97.52778,6.445538,0.0066310316,97.52778,6.445538,0.00079030346,,,,,,,,,,,,,,,,,,,,,,,,,,,,,97.52778,6.445538,1.0000001e-07,97.52778,6.445538,7.0,,,,,,,
97.52778,6.385579,0.0016064257,97.52778,6.385579,0.0010858248,,,,,,,,,,,,,,,,,,,,,,,,,,,,,,,,,,,,,,,,,,,,,,,,,,,,,,,,,,,,,97.52778,6.385579,3.1390007,97.52778,6.385579,1.8493432,,,,,,,,,,,,,,,,,97.52778,6.4755173,0.006591751,97.52778,6.4755173,-0.0022940054,,,,,,,,,,,,,,,,,,,,,,,,,,,,,97.52778,6.4755173,1.0000001e-07,97.52778,6.4755173,7.0,,,,,,,
97.52778,6.415559,0.0014130597,97.52778,6.415559,0.0011304477,,,,,,,,,,,,,,,,,,,,,,,,,,,,,,,,,,,,,,,,,,,,,,,,,,,,,,,,,,,,,97.52778,6.415559,2.4725401,97.52778,6.415559,2.0642765,,,,,,,,,,,,,,,,,97.52778,6.5054965,0.0070810146,97.52778,6.5054965,0.0017480738,,,,,,,,,,,,,,,,,,,,,,,,,,,,,97.52778,6.5054965,1.0000001e-07,97.52778,6.5054965,7.0,,,,,,,
97.52778,6.445538,0.001710546,97.52778,6.445538,0.0009370816,,,,,,,,,,,,,,,,,,,,,,,,,,,,,,,,,,,,,,,,,,,,,,,,,,,,,,,,,,,,,97.52778,6.445538,3.4325323,97.52778,6.445538,1.259689,,,,,,,,,,,,,,,,,97.52778,6.5354757,0.006439416,97.52778,6.5354757,0.0019319797,,,,,,,,,,,,,,,,,,,,,,,,,,,,,97.52778,6.5354757,1.0000001e-07,97.52778,6.5354757,7.0,,,,,,,
97.52778,6.4755173,0.0016659229,97.52778,6.4755173,0.00072884123,,,,,,,,,,,,,,,,,,,,,,,,,,,,,,,,,,,,,,,,,,,,,,,,,,,,,,,,,,,,,97.52778,6.4755173,3.3155985,97.52778,6.4755173,0.5289083,,,,,,,,,,,,,,,,,97.52778,6.565455,0.007725122,97.52778,6.565455,-0.0006503424,,,,,,,,,,,,,,,,,,,,,,,,,,,,,97.52778,6.565455,1.0000001e-07,97.52778,6.565455,7.0,,,,,,,
97.52778,6.5054965,0.0017551687,97.52778,6.5054965,0.0010263275,,,,,,,,,,,,,,,,,,,,,,,,,,,,,,,,,,,,,,,,,,,,,,,,,,,,,,,,,,,,,97.52778,6.5054965,3.617078,97.52778,6.5054965,1.5839067,,,,,,,,,,,,,,,,,97.52778,6.595434,0.00513213,97.52778,6.595434,-0.00020506672,,,,,,,,,,,,,,,,,,,,,,,,,,,,,97.52778,6.595434,1.0000001e-07,97.52778,6.595434,7.0,,,,,,,
97.52778,6.5354757,0.0016659228,97.52778,6.5354757,0.0011155733,,,,,,,,,,,,,,,,,,,,,,,,,,,,,,,,,,,,,,,,,,,,,,,,,,,,,,,,,,,,,97.52778,6.5354757,3.325254,97.52778,6.5354757,1.9494894,,,,,,,,,,,,,,,,,97.52778,6.6254134,0.0070430767,97.52778,6.6254134,0.0005353727,,,,,,,,,,,,,,,,,,,,,,,,,,,,,97.52778,6.6254134,1.0000001e-07,97.52778,6.6254134,7.0,,,,,,,
97.52778,6.565455,0.0017105459,97.52778,6.565455,0.0008627101,,,,,,,,,,,,,,,,,,,,,,,,,,,,,,,,,,,,,,,,,,,,,,,,,,,,,,,,,,,,,97.52778,6.565455,3.4948905,97.52778,6.565455,0.99232894,,,,,,,,,,,,,,,,,97.52778,6.6553926,0.006610929,97.52778,6.6553926,0.0017314052,,,,,,,,,,,,,,,,,,,,,,,,,,,,,97.52778,6.6553926,1.0000001e-07,97.52778,6.6553926,7.0,,,,,,,
97.52778,6.595434,0.0014428082,97.52778,6.595434,0.00090733304,,,,,,,,,,,,,,,,,,,,,,,,,,,,,,,,,,,,,,,,,,,,,,,,,,,,,,,,,,,,,97.52778,6.595434,2.5348265,97.52778,6.595434,1.2074875,,,,,,,,,,,,,,,,,97.52778,6.685372,0.0028752044,97.52778,6.685372,0.0010590324,,,,,,,,,,,,,,,,,,,,,,,,,,,,,97.52778,6.685372,1.0000001e-07,97.52778,6.685372,7.0,,,,,,,
97.52778,6.6254134,0.0017700432,97.52778,6.6254134,0.0009222073,,,,,,,,,,,,,,,,,,,,,,,,,,,,,,,,,,,,,,,,,,,,,,,,,,,,,,,,,,,,,97.52778,6.6254134,3.7259684,97.52778,6.6254134,1.2018447,,,,,,,,,,,,,,,,,97.52778,6.715351,0.0048133405,97.52778,6.715351,-0.0009280965,,,,,,,,,,,,,,,,,,,,,,,,,,,,,97.52778,6.715351,1.0000001e-07,97.52778,6.715351,7.0,,,,,,,
97.52778,6.6553926,0.0016807974,97.52778,6.6553926,0.0010560761,,,,,,,,,,,,,,,,,,,,,,,,,,,,,,,,,,,,,,,,,,,,,,,,,,,,,,,,,,,,,97.52778,6.6553926,3.3730252,97.52778,6.6553926,1.6940409,,,,,,,,,,,,,,,,,97.52778,6.7453303,0.003741415,97.52778,6.7453303,0.001118639,,,,,,,,,,,,,,,,,,,,,,,,,,,,,97.52778,6.7453303,1.0000001e-07,97.52778,6.7453303,7.0,,,,,,,
97.52778,6.685372,0.0013684367,97.52778,6.685372,0.0009668303,,,,,,,,,,,,,,,,,,,,,,,,,,,,,,,,,,,,,,,,,,,,,,,,,,,,,,,,,,,,,97.52778,6.685372,2.2769182,97.52778,6.685372,1.4560485,,,,,,,,,,,,,,,,,97.52778,6.7753096,0.004205087,97.52778,6.7753096,-0.0010950941,,,,,,,,,,,,,,,,,,,,,,,,,,,,,97.52778,6.7753096,1.0000001e-07,97.52778,6.7753096,7.0,,,,,,,
97.52778,6.715351,0.001472557,97.52778,6.715351,0.00080321287,,,,,,,,,,,,,,,,,,,,,,,,,,,,,,,,,,,,,,,,,,,,,,,,,,,,,,,,,,,,,97.52778,6.715351,2.6439016,97.52778,6.715351,0.761299,,,,,,,,,,,,,,,,,97.52778,6.805289,0.0066141738,97.52778,6.805289,0.00076621096,,,,,,,,,,,,,,,,,,,,,,,,,,,,,97.52778,6.805289,1.0000001e-07,97.52778,6.805289,7.0,,,,,,,
97.52778,6.7453303,0.0013833111,97.52778,6.7453303,0.000996579,,,,,,,,,,,,,,,,,,,,,,,,,,,,,,,,,,,,,,,,,,,,,,,,,,,,,,,,,,,,,97.52778,6.7453303,2.3812006,97.52778,6.7453303,1.5166,,,,,,,,,,,,,,,,,97.52778,6.835268,0.0039736163,97.52778,6.835268,0.00049382955,,,,,,,,,,,,,,,,,,,,,,,,,,,,,97.52778,6.835268,1.0000001e-07,97.52778,6.835268,7.0,,,,,,,
97.52778,6.7753096,0.001427934,97.52778,6.7753096,0.00080321275,,,,,,,,,,,,,,,,,,,,,,,,,,,,,,,,,,,,,,,,,,,,,,,,,,,,,,,,,,,,,97.52778,6.7753096,2.5139234,97.52778,6.7753096,0.8017296,,,,,,,,,,,,,,,,,97.52778,6.8652472,0.0048797447,97.52778,6.8652472,0.0017773849,,,,,,,,,,,,,,,,,,,,,,,,,,,,,97.52778,6.8652472,1.0000001e-07,97.52778,6.8652472,7.0,,,,,,,
97.52778,6.805289,0.0015618027,97.52778,6.805289,0.0010114531,,,,,,,,,,,,,,,,,,,,,,,,,,,,,,,,,,,,,,,,,,,,,,,,,,,,,,,,,,,,,97.52778,6.805289,2.9557483,97.52778,6.805289,1.5550057,,,,,,,,,,,,,,,,,97.52778,6.8952265,0.0034833672,97.52778,6.8952265,0.002141779,,,,,,,,,,,,,,,,,,,,,,,,,,,,,97.52778,6.8952265,1.0000001e-07,97.52778,6.8952265,7.0,,,,,,,
97.52778,6.835268,0.0013535623,97.52778,6.835268,0.0009222073,,,,,,,,,,,,,,,,,,,,,,,,,,,,,,,,,,,,,,,,,,,,,,,,,,,,,,,,,,,,,97.52778,6.835268,2.2581506,97.52778,6.835268,1.1982232,,,,,,,,,,,,,,,,,97.52778,6.9252057,0.0062264996,97.52778,6.9252057,-0.00016056985,,,,,,,,,,,,,,,,,,,,,,,,,,,,,97.52778,6.9252057,1.0000001e-07,97.52778,6.9252057,7.0,,,,,,,
97.52778,6.8652472,0.0014725568,97.52778,6.8652472,0.000996579,,,,,,,,,,,,,,,,,,,,,,,,,,,,,,,,,,,,,,,,,,,,,,,,,,,,,,,,,,,,,97.52778,6.8652472,2.6240234,97.52778,6.8652472,1.4443227,,,,,,,,,,,,,,,,,97.52778,6.955185,0.0060870335,97.52778,6.955185,-0.00071009086,,,,,,,,,,,,,,,,,,,,,,,,,,,,,97.52778,6.955185,1.0000001e-07,97.52778,6.955185,7.0,,,,,,,
97.52778,6.8952265,0.0012791908,97.52778,6.8952265,0.0010263275,,,,,,,,,,,,,,,,,,,,,,,,,,,,,,,,,,,,,,,,,,,,,,,,,,,,,,,,,,,,,97.52778,6.8952265,2.0271144,97.52778,6.8952265,1.6433005,,,,,,,,,,,,,,,,,97.52778,6.985164,0.0058165845,97.52778,6.985164,0.0017572879,,,,,,,,,,,,,,,,,,,,,,,,,,,,,97.52778,6.985164,1.0000001e-07,97.52778,6.985164,7.0,,,,,,,
97.52778,6.9252057,0.0015171799,97.52778,6.9252057,0.0009519559,,,,,,,,,,,,,,,,,,,,,,,,,,,,,,,,,,,,,,,,,,,,,,,,,,,,,,,,,,,,,97.52778,6.9252057,2.8145397,97.52778,6.9252057,1.3323646,,,,,,,,,,,,,,,,,97.52778,7.0151434,0.008029172,97.52778,7.0151434,0.00019417197,,,,,,,,,,,,,,,,,,,,,,,,,,,,,97.52778,7.0151434,1.0000001e-07,97.52778,7.0151434,7.0,,,,,,,
97.52778,6.955185,0.0014725567,97.52778,6.955185,0.0008924588,,,,,,,,,,,,,,,,,,,,,,,,,,,,,,,,,,,,,,,,,,,,,,,,,,,,,,,,,,,,,97.52778,6.955185,2.7051244,97.52778,6.955185,1.0987945,,,,,,,,,,,,,,,,,97.52778,7.0451226,0.010435979,97.52778,7.0451226,-6.922262e-05,,,,,,,,,,,,,,,,,,,,,,,,,,,,,97.52778,7.0451226,1.0000001e-07,97.52778,7.0451226,7.0,,,,,,,
97.52778,6.985164,0.001427934,97.52778,6.985164,0.0009370816,,,,,,,,,,,,,,,,,,,,,,,,,,,,,,,,,,,,,,,,,,,,,,,,,,,,,,,,,,,,,97.52778,6.985164,2.5096495,97.52778,6.985164,1.2645353,,,,,,,,,,,,,,,,,97.52778,7.0751023,0.0055144336,97.52778,7.0751023,0.0017551181,,,,,,,,,,,,,,,,,,,,,,,,,,,,,97.52778,7.0751023,1.0000001e-07,97.52778,7.0751023,7.0,,,,,,,
97.52778,7.0151434,0.0016361744,97.52778,7.0151434,0.00087758433,,,,,,,,,,,,,,,,,,,,,,,,,,,,,,,,,,,,,,,,,,,,,,,,,,,,,,,,,,,,,97.52778,7.0151434,3.2146335,97.52778,7.0151434,1.0040836,,,,,,,,,,,,,,,,,97.52778,7.1050816,0.00808547,97.52778,7.1050816,0.000855095,,,,,,,,,,,,,,,,,,,,,,,,,,,,,97.52778,7.1050816,1.0000001e-07,97.52778,7.1050816,7.0,,,,,,,
97.52778,7.0451226,0.0018592891,97.52778,7.0451226,0.00087758445,,,,,,,,,,,,,,,,,,,,,,,,,,,,,,,,,,,,,,,,,,,,,,,,,,,,,,,,,,,,,97.52778,7.0451226,3.9680552,97.52778,7.0451226,1.097156,,,,,,,,,,,,,,,,,97.52778,7.135061,0.003163679,97.52778,7.135061,0.00013365524,,,,,,,,,,,,,,,,,,,,,,,,,,,,,97.52778,7.135061,1.0000001e-07,97.52778,7.135061,7.0,,,,,,,
97.52778,7.075102,0.0014279338,97.52778,7.075102,0.0010114532,,,,,,,,,,,,,,,,,,,,,,,,,,,,,,,,,,,,,,,,,,,,,,,,,,,,,,,,,,,,,97.52778,7.075102,2.540676,97.52778,7.075102,1.5079087,,,,,,,,,,,,,,,,,97.52778,7.16504,0.007164341,97.52778,7.16504,0.0040088817,,,,,,,,,,,,,,,,,,,,,,,,,,,,,97.52778,7.16504,1.0000001e-07,97.52778,7.16504,7.0,,,,,,,
97.52778,7.105081,0.0016213,97.52778,7.105081,0.0009222072,,,,,,,,,,,,,,,,,,,,,,,,,,,,,,,,,,,,,,,,,,,,,,,,,,,,,,,,,,,,,97.52778,7.105081,3.160814,97.52778,7.105081,1.2126487,,,,,,,,,,,,,,,,,97.52778,7.1950192,0.004488324,97.52778,7.1950192,0.0018406846,,,,,,,,,,,,,,,,,,,,,,,,,,,,,97.52778,7.1950192,1.0000001e-07,97.52778,7.1950192,7.0,,,,,,,
97.52778,7.1350603,0.0012643165,97.52778,7.1350603,0.0008180871,,,,,,,,,,,,,,,,,,,,,,,,,,,,,,,,,,,,,,,,,,,,,,,,,,,,,,,,,,,,,97.52778,7.1350603,1.9343774,97.52778,7.1350603,0.8806969,,,,,,,,,,,,,,,,,97.52778,7.2249985,0.0065050204,97.52778,7.2249985,0.0009084081,,,,,,,,,,,,,,,,,,,,,,,,,,,,,97.52778,7.2249985,1.0000001e-07,97.52778,7.2249985,7.0,,,,,,,
97.52778,7.1650395,0.001487431,97.52778,7.1650395,0.0012048194,,,,,,,,,,,,,,,,,,,,,,,,,,,,,,,,,,,,,,,,,,,,,,,,,,,,,,,,,,,,,97.52778,7.1650395,2.770063,97.52778,7.1650395,2.3435676,,,,,,,,,,,,,,,,,97.52778,7.2549777,0.0054093557,97.52778,7.2549777,-0.0014706885,,,,,,,,,,,,,,,,,,,,,,,,,,,,,97.52778,7.2549777,1.0000001e-07,97.52778,7.2549777,7.0,,,,,,,
97.52778,7.195019,0.0013386882,97.52778,7.195019,0.0010263275,,,,,,,,,,,,,,,,,,,,,,,,,,,,,,,,,,,,,,,,,,,,,,,,,,,,,,,,,,,,,97.52778,7.195019,2.1760628,97.52778,7.195019,1.6151104,,,,,,,,,,,,,,,,,97.52778,7.284957,0.0036260507,97.52778,7.284957,0.000565773,,,,,,,,,,,,,,,,,,,,,,,,,,,,,97.52778,7.284957,1.0000001e-07,97.52778,7.284957,7.0,,,,,,,
97.52778,7.224998,0.0015023056,97.52778,7.224998,0.0009222073,,,,,,,,,,,,,,,,,,,,,,,,,,,,,,,,,,,,,,,,,,,,,,,,,,,,,,,,,,,,,97.52778,7.224998,2.7478383,97.52778,7.224998,1.1719875,,,,,,,,,,,,,,,,,97.52778,7.314936,0.007000323,97.52778,7.314936,0.003785777,,,,,,,,,,,,,,,,,,,,,,,,,,,,,97.52778,7.314936,1.0000001e-07,97.52778,7.314936,7.0,,,,,,,
97.52778,7.2549777,0.0013089394,97.52778,7.2549777,0.0007883385,,,,,,,,,,,,,,,,,,,,,,,,,,,,,,,,,,,,,,,,,,,,,,,,,,,,,,,,,,,,,97.52778,7.2549777,2.0912256,97.52778,7.2549777,0.71432084,,,,,,,,,,,,,,,,,97.52778,7.3449154,0.0063461075,97.52778,7.3449154,0.0026653437,,,,,,,,,,,,,,,,,,,,,,,,,,,,,97.52778,7.3449154,1.0000001e-07,97.52778,7.3449154,7.0,,,,,,,
97.52778,7.284957,0.001294065,97.52778,7.284957,0.00090733304,,,,,,,,,,,,,,,,,,,,,,,,,,,,,,,,,,,,,,,,,,,,,,,,,,,,,,,,,,,,,97.52778,7.284957,2.084996,97.52778,7.284957,1.1603913,,,,,,,,,,,,,,,,,97.52778,7.3748946,0.0062557673,97.52778,7.3748946,-0.002981015,,,,,,,,,,,,,,,,,,,,,,,,,,,,,97.52778,7.3748946,1.0000001e-07,97.52778,7.3748946,7.0,,,,,,,
97.52778,7.314936,0.001532054,97.52778,7.314936,0.0010858248,,,,,,,,,,,,,,,,,,,,,,,,,,,,,,,,,,,,,,,,,,,,,,,,,,,,,,,,,,,,,97.52778,7.314936,2.877425,97.52778,7.314936,1.819703,,,,,,,,,,,,,,,,,97.52778,7.404874,0.005325425,97.52778,7.404874,0.002524213,,,,,,,,,,,,,,,,,,,,,,,,,,,,,97.52778,7.404874,1.0000001e-07,97.52778,7.404874,7.0,,,,,,,
97.52778,7.3449154,0.001427934,97.52778,7.3449154,0.0010114532,,,,,,,,,,,,,,,,,,,,,,,,,,,,,,,,,,,,,,,,,,,,,,,,,,,,,,,,,,,,,97.52778,7.3449154,2.5330687,97.52778,7.3449154,1.6020074,,,,,,,,,,,,,,,,,97.52778,7.434853,0.005578934,97.52778,7.434853,0.0012858107,,,,,,,,,,,,,,,,,,,,,,,,,,,,,97.52778,7.434853,1.0000001e-07,97.52778,7.434853,7.0,,,,,,,
97.52778,7.3748946,0.0013981855,97.52778,7.3748946,0.0006395954,,,,,,,,,,,,,,,,,,,,,,,,,,,,,,,,,,,,,,,,,,,,,,,,,,,,,,,,,,,,,97.52778,7.3748946,2.40077,97.52778,7.3748946,0.1964148,,,,,,,,,,,,,,,,,97.52778,7.4648323,0.0051955706,97.52778,7.4648323,0.00038475735,,,,,,,,,,,,,,,,,,,,,,,,,,,,,97.52778,7.4648323,1.0000001e-07,97.52778,7.4648323,7.0,,,,,,,
97.52778,7.404874,0.001383311,97.52778,7.404874,0.0010412018,,,,,,,,,,,,,,,,,,,,,,,,,,,,,,,,,,,,,,,,,,,,,,,,,,,,,,,,,,,,,97.52778,7.404874,2.3603382,97.52778,7.404874,1.6359968,,,,,,,,,,,,,,,,,97.52778,7.4948115,0.0057864157,97.52778,7.4948115,-0.00022450788,,,,,,,,,,,,,,,,,,,,,,,,,,,,,97.52778,7.4948115,1.0000001e-07,97.52778,7.4948115,7.0,,,,,,,
97.52778,7.434853,0.0013535623,97.52778,7.434853,0.0009222072,,,,,,,,,,,,,,,,,,,,,,,,,,,,,,,,,,,,,,,,,,,,,,,,,,,,,,,,,,,,,97.52778,7.434853,2.2289624,97.52778,7.434853,1.2312771,,,,,,,,,,,,,,,,,97.52778,7.524791,0.0076772007,97.52778,7.524791,-0.00019128848,,,,,,,,,,,,,,,,,,,,,,,,,,,,,97.52778,7.524791,1.0000001e-07,97.52778,7.524791,7.0,,,,,,,
97.52778,7.4648323,0.0013089395,97.52778,7.4648323,0.0009222073,,,,,,,,,,,,,,,,,,,,,,,,,,,,,,,,,,,,,,,,,,,,,,,,,,,,,,,,,,,,,97.52778,7.4648323,2.132258,97.52778,7.4648323,1.1918966,,,,,,,,,,,,,,,,,97.52778,7.55477,0.0036699113,97.52778,7.55477,-0.00029846033,,,,,,,,,,,,,,,,,,,,,,,,,,,,,97.52778,7.55477,1.0000001e-07,97.52778,7.55477,7.0,,,,,,,
97.52778,7.4948115,0.0013684367,97.52778,7.4948115,0.00086271006,,,,,,,,,,,,,,,,,,,,,,,,,,,,,,,,,,,,,,,,,,,,,,,,,,,,,,,,,,,,,97.52778,7.4948115,2.3290687,97.52778,7.4948115,0.9856292,,,,,,,,,,,,,,,,,97.52778,7.584749,0.005281697,97.52778,7.584749,0.0028220767,,,,,,,,,,,,,,,,,,,,,,,,,,,,,97.52778,7.584749,1.0000001e-07,97.52778,7.584749,7.0,,,,,,,
97.52778,7.524791,0.0015171799,97.52778,7.524791,0.00084783573,,,,,,,,,,,,,,,,,,,,,,,,,,,,,,,,,,,,,,,,,,,,,,,,,,,,,,,,,,,,,97.52778,7.524791,2.759808,97.52778,7.524791,0.9469073,,,,,,,,,,,,,,,,,97.52778,7.6147285,0.0061252736,97.52778,7.6147285,0.00023708871,,,,,,,,,,,,,,,,,,,,,,,,,,,,,97.52778,7.6147285,1.0000001e-07,97.52778,7.6147285,7.0,,,,,,,
97.52778,7.55477,0.0012494422,97.52778,7.55477,0.0009073329,,,,,,,,,,,,,,,,,,,,,,,,,,,,,,,,,,,,,,,,,,,,,,,,,,,,,,,,,,,,,97.52778,7.55477,1.9217875,97.52778,7.55477,1.168887,,,,,,,,,,,,,,,,,97.52778,7.6447077,0.007491533,97.52778,7.6447077,0.002649015,,,,,,,,,,,,,,,,,,,,,,,,,,,,,97.52778,7.6447077,1.0000001e-07,97.52778,7.6447077,7.0,,,,,,,
97.52778,7.584749,0.0013684367,97.52778,7.584749,0.0010858247,,,,,,,,,,,,,,,,,,,,,,,,,,,,,,,,,,,,,,,,,,,,,,,,,,,,,,,,,,,,,97.52778,7.584749,2.3767881,97.52778,7.584749,1.801103,,,,,,,,,,,,,,,,,97.52778,7.674687,0.0075027365,97.52778,7.674687,-0.0003254474,,,,,,,,,,,,,,,,,,,,,,,,,,,,,97.52778,7.674687,1.0000001e-07,97.52778,7.674687,7.0,,,,,,,
97.52778,7.6147285,0.001383311,97.52778,7.6147285,0.0009519559,,,,,,,,,,,,,,,,,,,,,,,,,,,,,,,,,,,,,,,,,,,,,,,,,,,,,,,,,,,,,97.52778,7.6147285,2.3419921,97.52778,7.6147285,1.3424304,,,,,,,,,,,,,,,,,97.52778,7.704666,0.0014662116,97.52778,7.704666,-0.00043992625,,,,,,,,,,,,,,,,,,,,,,,,,,,,,97.52778,7.704666,1.0000001e-07,97.52778,7.704666,7.0,,,,,,,
97.52778,7.6447077,0.0014279338,97.52778,7.6447077,0.0010858247,,,,,,,,,,,,,,,,,,,,,,,,,,,,,,,,,,,,,,,,,,,,,,,,,,,,,,,,,,,,,97.52778,7.6447077,2.5348396,97.52778,7.6447077,1.802251,,,,,,,,,,,,,,,,,97.52778,7.7346454,0.0055798455,97.52778,7.7346454,0.00035555777,,,,,,,,,,,,,,,,,,,,,,,,,,,,,97.52778,7.7346454,1.0000001e-07,97.52778,7.7346454,7.0,,,,,,,
97.52778,7.674687,0.0014576825,97.52778,7.674687,0.0008478357,,,,,,,,,,,,,,,,,,,,,,,,,,,,,,,,,,,,,,,,,,,,,,,,,,,,,,,,,,,,,97.52778,7.674687,2.590333,97.52778,7.674687,0.97940636,,,,,,,,,,,,,,,,,97.52778,7.7646246,0.0041205427,97.52778,7.7646246,-0.00058253226,,,,,,,,,,,,,,,,,,,,,,,,,,,,,97.52778,7.7646246,1.0000001e-07,97.52778,7.7646246,7.0,,,,,,,
97.52778,7.704666,0.0010114532,97.52778,7.704666,0.0008180871,,,,,,,,,,,,,,,,,,,,,,,,,,,,,,,,,,,,,,,,,,,,,,,,,,,,,,,,,,,,,97.52778,7.704666,1.1325656,97.52778,7.704666,0.8279848,,,,,,,,,,,,,,,,,97.52778,7.794604,0.0045503215,97.52778,7.794604,0.0003655936,,,,,,,,,,,,,,,,,,,,,,,,,,,,,97.52778,7.794604,1.0000001e-07,97.52778,7.794604,7.0,,,,,,,
97.52778,7.7346454,0.0012940652,97.52778,7.7346454,0.0008924587,,,,,,,,,,,,,,,,,,,,,,,,,,,,,,,,,,,,,,,,,,,,,,,,,,,,,,,,,,,,,97.52778,7.7346454,2.1154027,97.52778,7.7346454,1.0965576,,,,,,,,,,,,,,,,,97.52778,7.824583,0.008601832,97.52778,7.824583,-0.000896398,,,,,,,,,,,,,,,,,,,,,,,,,,,,,97.52778,7.824583,1.0000001e-07,97.52778,7.824583,7.0,,,,,,,
97.52778,7.7646246,0.0011899448,97.52778,7.7646246,0.00083296146,,,,,,,,,,,,,,,,,,,,,,,,,,,,,,,,,,,,,,,,,,,,,,,,,,,,,,,,,,,,,97.52778,7.7646246,1.6781714,97.52778,7.7646246,0.8879554,,,,,,,,,,,,,,,,,97.52778,7.8545623,0.003373601,97.52778,7.8545623,0.0002422213,,,,,,,,,,,,,,,,,,,,,,,,,,,,,97.52778,7.8545623,1.0000001e-07,97.52778,7.8545623,7.0,,,,,,,
97.52778,7.794604,0.0012791908,97.52778,7.794604,0.0007883386,,,,,,,,,,,,,,,,,,,,,,,,,,,,,,,,,,,,,,,,,,,,,,,,,,,,,,,,,,,,,97.52778,7.794604,2.0560863,97.52778,7.794604,0.735507,,,,,,,,,,,,,,,,,97.52778,7.8845415,0.004458084,97.52778,7.8845415,0.0035198587,,,,,,,,,,,,,,,,,,,,,,,,,,,,,97.52778,7.8845415,1.0000001e-07,97.52778,7.8845415,7.0,,,,,,,
97.52778,7.824583,0.0015023054,97.52778,7.824583,0.0007734642,,,,,,,,,,,,,,,,,,,,,,,,,,,,,,,,,,,,,,,,,,,,,,,,,,,,,,,,,,,,,97.52778,7.824583,2.7292793,97.52778,7.824583,0.68832326,,,,,,,,,,,,,,,,,97.52778,7.914521,0.0053203055,97.52778,7.914521,0.00018228329,,,,,,,,,,,,,,,,,,,,,,,,,,,,,97.52778,7.914521,1.0000001e-07,97.52778,7.914521,7.0,,,,,,,
97.52778,7.8545623,0.0011601963,97.52778,7.8545623,0.00087758445,,,,,,,,,,,,,,,,,,,,,,,,,,,,,,,,,,,,,,,,,,,,,,,,,,,,,,,,,,,,,97.52778,7.8545623,1.6441267,97.52778,7.8545623,1.0538516,,,,,,,,,,,,,,,,,97.52778,7.9445004,0.0032730142,97.52778,7.9445004,-0.00012466405,,,,,,,,,,,,,,,,,,,,,,,,,,,,,97.52778,7.9445004,1.0000001e-07,97.52778,7.9445004,7.0,,,,,,,
97.52778,7.8845415,0.0012643165,97.52778,7.8845415,0.0010412018,,,,,,,,,,,,,,,,,,,,,,,,,,,,,,,,,,,,,,,,,,,,,,,,,,,,,,,,,,,,,97.52778,7.8845415,2.0082726,97.52778,7.8845415,1.6637375,,,,,,,,,,,,,,,,,97.52778,7.9744797,0.004006779,97.52778,7.9744797,-1.049704e-06,,,,,,,,,,,,,,,,,,,,,,,,,,,,,97.52778,7.9744797,1.0000001e-07,97.52778,7.9744797,7.0,,,,,,,
97.52778,7.9145207,0.0012791908,97.52778,7.9145207,0.00087758445,,,,,,,,,,,,,,,,,,,,,,,,,,,,,,,,,,,,,,,,,,,,,,,,,,,,,,,,,,,,,97.52778,7.9145207,2.0488677,97.52778,7.9145207,1.0531521,,,,,,,,,,,,,,,,,97.52778,8.004458,0.0038074814,97.52778,8.004458,0.0032580711,,,,,,,,,,,,,,,,,,,,,,,,,,,,,97.52778,8.004458,1.0000001e-07,97.52778,8.004458,7.0,,,,,,,
97.52778,7.9445,0.0012048192,97.52778,7.9445,0.0007883385,,,,,,,,,,,,,,,,,,,,,,,,,,,,,,,,,,,,,,,,,,,,,,,,,,,,,,,,,,,,,97.52778,7.9445,1.7762256,97.52778,7.9445,0.7146089,,,,,,,,,,,,,,,,,97.52778,8.034438,0.0072727734,97.52778,8.034438,0.00033625204,,,,,,,,,,,,,,,,,,,,,,,,,,,,,97.52778,8.034438,1.0000001e-07,97.52778,8.034438,7.0,,,,,,,
97.52778,7.974479,0.0012048193,97.52778,7.974479,0.00081808714,,,,,,,,,,,,,,,,,,,,,,,,,,,,,,,,,,,,,,,,,,,,,,,,,,,,,,,,,,,,,97.52778,7.974479,1.803278,97.52778,7.974479,0.7758694,,,,,,,,,,,,,,,,,97.52778,8.064417,0.004407989,97.52778,8.064417,0.00029267324,,,,,,,,,,,,,,,,,,,,,,,,,,,,,97.52778,8.064417,1.0000001e-07,97.52778,8.064417,7.0,,,,,,,
97.52778,8.004458,0.0011750706,97.52778,8.004458,0.0010412019,,,,,,,,,,,,,,,,,,,,,,,,,,,,,,,,,,,,,,,,,,,,,,,,,,,,,,,,,,,,,97.52778,8.004458,1.6767508,97.52778,8.004458,1.6325747,,,,,,,,,,,,,,,,,97.52778,8.094397,0.0036568604,97.52778,8.094397,0.0014187995,,,,,,,,,,,,,,,,,,,,,,,,,,,,,97.52778,8.094397,1.0000001e-07,97.52778,8.094397,7.0,,,,,,,
97.52778,8.034438,0.0013386882,97.52778,8.034438,0.00083296146,,,,,,,,,,,,,,,,,,,,,,,,,,,,,,,,,,,,,,,,,,,,,,,,,,,,,,,,,,,,,97.52778,8.034438,2.2181501,97.52778,8.034438,0.900877,,,,,,,,,,,,,,,,,97.52778,8.124375,0.011716408,97.52778,8.124375,0.003765299,,,,,,,,,,,,,,,,,,,,,,,,,,,,,97.52778,8.124375,1.0000001e-07,97.52778,8.124375,7.0,,,,,,,
97.52778,8.064417,0.0012048193,97.52778,8.064417,0.0007585898,,,,,,,,,,,,,,,,,,,,,,,,,,,,,,,,,,,,,,,,,,,,,,,,,,,,,,,,,,,,,97.52778,8.064417,1.8351748,97.52778,8.064417,0.66098917,,,,,,,,,,,,,,,,,97.52778,8.154355,0.010588697,97.52778,8.154355,0.00018485589,,,,,,,,,,,,,,,,,,,,,,,,,,,,,97.52778,8.154355,1.0000001e-07,97.52778,8.154355,7.0,,,,,,,
97.52778,8.094397,0.001145322,97.52778,8.094397,0.00083296135,,,,,,,,,,,,,,,,,,,,,,,,,,,,,,,,,,,,,,,,,,,,,,,,,,,,,,,,,,,,,97.52778,8.094397,1.6188567,97.52778,8.094397,0.8963777,,,,,,,,,,,,,,,,,97.52778,8.184334,0.0014994643,97.52778,8.184334,0.0010432649,,,,,,,,,,,,,,,,,,,,,,,,,,,,,97.52778,8.184334,1.0000001e-07,97.52778,8.184334,7.0,,,,,,,
97.52778,8.124375,0.0016510487,97.52778,8.124375,0.0009519559,,,,,,,,,,,,,,,,,,,,,,,,,,,,,,,,,,,,,,,,,,,,,,,,,,,,,,,,,,,,,97.52778,8.124375,3.2590728,97.52778,8.124375,1.3461025,,,,,,,,,,,,,,,,,97.52778,8.2143135,0.0028819905,97.52778,8.2143135,0.0022304873,,,,,,,,,,,,,,,,,,,,,,,,,,,,,97.52778,8.2143135,1.0000001e-07,97.52778,8.2143135,7.0,,,,,,,
97.52778,8.154355,0.001576677,97.52778,8.154355,0.00080321287,,,,,,,,,,,,,,,,,,,,,,,,,,,,,,,,,,,,,,,,,,,,,,,,,,,,,,,,,,,,,97.52778,8.154355,3.028923,97.52778,8.154355,0.77045554,,,,,,,,,,,,,,,,,97.52778,8.244292,0.009981829,97.52778,8.244292,0.0029248132,,,,,,,,,,,,,,,,,,,,,,,,,,,,,97.52778,8.244292,1.0000001e-07,97.52778,8.244292,7.0,,,,,,,
97.52778,8.184334,0.0010412019,97.52778,8.184334,0.00087758433,,,,,,,,,,,,,,,,,,,,,,,,,,,,,,,,,,,,,,,,,,,,,,,,,,,,,,,,,,,,,97.52778,8.184334,1.236412,97.52778,8.184334,1.0509728,,,,,,,,,,,,,,,,,97.52778,8.274272,0.0029472085,97.52778,8.274272,0.004000857,,,,,,,,,,,,,,,,,,,,,,,,,,,,,97.52778,8.274272,1.0000001e-07,97.52778,8.274272,7.0,,,,,,,
97.52778,8.2143135,0.0011155733,97.52778,8.2143135,0.000996579,,,,,,,,,,,,,,,,,,,,,,,,,,,,,,,,,,,,,,,,,,,,,,,,,,,,,,,,,,,,,97.52778,8.2143135,1.5030376,97.52778,8.2143135,1.5388705,,,,,,,,,,,,,,,,,97.52778,8.304251,0.0038564275,97.52778,8.304251,0.0018677576,,,,,,,,,,,,,,,,,,,,,,,,,,,,,97.52778,8.304251,1.0000001e-07,97.52778,8.304251,7.0,,,,,,,
97.52778,8.244292,0.0014874311,97.52778,8.244292,0.0010114531,,,,,,,,,,,,,,,,,,,,,,,,,,,,,,,,,,,,,,,,,,,,,,,,,,,,,,,,,,,,,97.52778,8.244292,2.7375221,97.52778,8.244292,1.5255414,,,,,,,,,,,,,,,,,97.52778,8.33423,0.003583237,97.52778,8.33423,0.0034780514,,,,,,,,,,,,,,,,,,,,,,,,,,,,,97.52778,8.33423,1.0000001e-07,97.52778,8.33423,7.0,,,,,,,
97.52778,8.274272,0.001145322,97.52778,8.274272,0.000996579,,,,,,,,,,,,,,,,,,,,,,,,,,,,,,,,,,,,,,,,,,,,,,,,,,,,,,,,,,,,,97.52778,8.274272,1.572536,97.52778,8.274272,1.4823823,,,,,,,,,,,,,,,,,97.52778,8.36421,0.0031835926,97.52778,8.36421,0.0031836191,,,,,,,,,,,,,,,,,,,,,,,,,,,,,97.52778,8.36421,1.0000001e-07,97.52778,8.36421,7.0,,,,,,,
97.52778,8.304251,0.0011155735,97.52778,8.304251,0.00092220743,,,,,,,,,,,,,,,,,,,,,,,,,,,,,,,,,,,,,,,,,,,,,,,,,,,,,,,,,,,,,97.52778,8.304251,1.4764429,97.52778,8.304251,1.2726833,,,,,,,,,,,,,,,,,97.52778,8.394189,0.0091338195,97.52778,8.394189,0.0007751382,,,,,,,,,,,,,,,,,,,,,,,,,,,,,97.52778,8.394189,1.0000001e-07,97.52778,8.394189,7.0,,,,,,,
97.52778,8.33423,0.0011453221,97.52778,8.33423,0.0010858248,,,,,,,,,,,,,,,,,,,,,,,,,,,,,,,,,,,,,,,,,,,,,,,,,,,,,,,,,,,,,97.52778,8.33423,1.5548021,97.52778,8.33423,1.8324157,,,,,,,,,,,,,,,,,97.52778,8.424169,0.007842954,97.52778,8.424169,-0.0011751505,,,,,,,,,,,,,,,,,,,,,,,,,,,,,97.52778,8.424169,1.0000001e-07,97.52778,8.424169,7.0,,,,,,,
97.52778,8.364209,0.0010858248,97.52778,8.364209,0.0009519559,,,,,,,,,,,,,,,,,,,,,,,,,,,,,,,,,,,,,,,,,,,,,,,,,,,,,,,,,,,,,97.52778,8.364209,1.3577288,97.52778,8.364209,1.3183141,,,,,,,,,,,,,,,,,97.52778,8.454147,0.008786912,97.52778,8.454147,0.0034147203,,,,,,,,,,,,,,,,,,,,,,,,,,,,,97.52778,8.454147,1.0000001e-07,97.52778,8.454147,7.0,,,,,,,
97.52778,8.394189,0.0014428082,97.52778,8.394189,0.0008329614,,,,,,,,,,,,,,,,,,,,,,,,,,,,,,,,,,,,,,,,,,,,,,,,,,,,,,,,,,,,,97.52778,8.394189,2.563035,97.52778,8.394189,0.8910268,,,,,,,,,,,,,,,,,97.52778,8.484127,0.004655972,97.52778,8.484127,5.952698e-05,,,,,,,,,,,,,,,,,,,,,,,,,,,,,97.52778,8.484127,1.0000001e-07,97.52778,8.484127,7.0,,,,,,,
97.52778,8.424168,0.0013386881,97.52778,8.424168,0.0007437155,,,,,,,,,,,,,,,,,,,,,,,,,,,,,,,,,,,,,,,,,,,,,,,,,,,,,,,,,,,,,97.52778,8.424168,2.2550292,97.52778,8.424168,0.60765487,,,,,,,,,,,,,,,,,97.52778,8.514106,0.0060242265,97.52778,8.514106,-0.00089706294,,,,,,,,,,,,,,,,,,,,,,,,,,,,,97.52778,8.514106,1.0000001e-07,97.52778,8.514106,7.0,,,,,,,
97.52778,8.454147,0.0014130597,97.52778,8.454147,0.0009073329,,,,,,,,,,,,,,,,,,,,,,,,,,,,,,,,,,,,,,,,,,,,,,,,,,,,,,,,,,,,,97.52778,8.454147,2.5126543,97.52778,8.454147,1.1223766,,,,,,,,,,,,,,,,,97.52778,8.5440855,0.0070974776,97.52778,8.5440855,0.004730573,,,,,,,,,,,,,,,,,,,,,,,,,,,,,97.52778,8.5440855,1.0000001e-07,97.52778,8.5440855,7.0,,,,,,,
97.52778,8.484126,0.0011899449,97.52778,8.484126,0.0007585899,,,,,,,,,,,,,,,,,,,,,,,,,,,,,,,,,,,,,,,,,,,,,,,,,,,,,,,,,,,,,97.52778,8.484126,1.7520226,97.52778,8.484126,0.62928134,,,,,,,,,,,,,,,,,97.52778,8.574064,0.0022325986,97.52778,8.574064,-0.0011924177,,,,,,,,,,,,,,,,,,,,,,,,,,,,,97.52778,8.574064,1.0000001e-07,97.52778,8.574064,7.0,,,,,,,
97.52778,8.514106,0.0012048193,97.52778,8.514106,0.00074371556,,,,,,,,,,,,,,,,,,,,,,,,,,,,,,,,,,,,,,,,,,,,,,,,,,,,,,,,,,,,,97.52778,8.514106,1.7751147,97.52778,8.514106,0.5756742,,,,,,,,,,,,,,,,,97.52778,8.604044,0.0054151346,97.52778,8.604044,0.0009234796,,,,,,,,,,,,,,,,,,,,,,,,,,,,,97.52778,8.604044,1.0000001e-07,97.52778,8.604044,7.0,,,,,,,
97.52778,8.5440855,0.0013535623,97.52778,8.5440855,0.000996579,,,,,,,,,,,,,,,,,,,,,,,,,,,,,,,,,,,,,,,,,,,,,,,,,,,,,,,,,,,,,97.52778,8.5440855,2.1876225,97.52778,8.5440855,1.5057428,,,,,,,,,,,,,,,,,97.52778,8.634023,0.009627575,97.52778,8.634023,0.00047940295,,,,,,,,,,,,,,,,,,,,,,,,,,,,,97.52778,8.634023,1.0000001e-07,97.52778,8.634023,7.0,,,,,,,
97.52778,8.574064,0.0010560761,97.52778,8.574064,0.0007585899,,,,,,,,,,,,,,,,,,,,,,,,,,,,,,,,,,,,,,,,,,,,,,,,,,,,,,,,,,,,,97.52778,8.574064,1.2636651,97.52778,8.574064,0.63797927,,,,,,,,,,,,,,,,,97.52778,8.664002,0.010945442,97.52778,8.664002,-0.0005722944,,,,,,,,,,,,,,,,,,,,,,,,,,,,,97.52778,8.664002,1.0000001e-07,97.52778,8.664002,7.0,,,,,,,
97.52778,8.604044,0.0011899449,97.52778,8.604044,0.0007734642,,,,,,,,,,,,,,,,,,,,,,,,,,,,,,,,,,,,,,,,,,,,,,,,,,,,,,,,,,,,,97.52778,8.604044,1.765671,97.52778,8.604044,0.669992,,,,,,,,,,,,,,,,,97.52778,8.693981,0.008742753,97.52778,8.693981,0.0021282514,,,,,,,,,,,,,,,,,,,,,,,,,,,,,97.52778,8.693981,1.0000001e-07,97.52778,8.693981,7.0,,,,,,,
97.52778,8.634023,0.001427934,97.52778,8.634023,0.00080321287,,,,,,,,,,,,,,,,,,,,,,,,,,,,,,,,,,,,,,,,,,,,,,,,,,,,,,,,,,,,,97.52778,8.634023,2.5180697,97.52778,8.634023,0.7955229,,,,,,,,,,,,,,,,,97.52778,8.723961,0.0053670714,97.52778,8.723961,0.0015592655,,,,,,,,,,,,,,,,,,,,,,,,,,,,,97.52778,8.723961,1.0000001e-07,97.52778,8.723961,7.0,,,,,,,
97.52778,8.664002,0.0014874312,97.52778,8.664002,0.0007437155,,,,,,,,,,,,,,,,,,,,,,,,,,,,,,,,,,,,,,,,,,,,,,,,,,,,,,,,,,,,,97.52778,8.664002,2.687495,97.52778,8.664002,0.53263116,,,,,,,,,,,,,,,,,97.52778,8.75394,0.010367919,97.52778,8.75394,-0.0005190291,,,,,,,,,,,,,,,,,,,,,,,,,,,,,97.52778,8.75394,1.0000001e-07,97.52778,8.75394,7.0,,,,,,,
97.52778,8.693981,0.0013684366,97.52778,8.693981,0.00090733304,,,,,,,,,,,,,,,,,,,,,,,,,,,,,,,,,,,,,,,,,,,,,,,,,,,,,,,,,,,,,97.52778,8.693981,2.3340127,97.52778,8.693981,1.1770421,,,,,,,,,,,,,,,,,97.52778,8.783919,0.003591215,97.52778,8.783919,0.002639505,,,,,,,,,,,,,,,,,,,,,,,,,,,,,97.52778,8.783919,1.0000001e-07,97.52778,8.783919,7.0,,,,,,,
97.52778,8.723961,0.0011750706,97.52778,8.723961,0.00086271006,,,,,,,,,,,,,,,,,,,,,,,,,,,,,,,,,,,,,,,,,,,,,,,,,,,,,,,,,,,,,97.52778,8.723961,1.6779971,97.52778,8.723961,1.0106039,,,,,,,,,,,,,,,,,97.52778,8.813898,0.0043640006,97.52778,8.813898,0.0010269405,,,,,,,,,,,,,,,,,,,,,,,,,,,,,97.52778,8.813898,1.0000001e-07,97.52778,8.813898,7.0,,,,,,,
97.52778,8.75394,0.001472557,97.52778,8.75394,0.00078833854,,,,,,,,,,,,,,,,,,,,,,,,,,,,,,,,,,,,,,,,,,,,,,,,,,,,,,,,,,,,,97.52778,8.75394,2.6481595,97.52778,8.75394,0.7471862,,,,,,,,,,,,,,,,,97.52778,8.843878,0.008115813,97.52778,8.843878,-0.0044312207,,,,,,,,,,,,,,,,,,,,,,,,,,,,,97.52778,8.843878,1.0000001e-07,97.52778,8.843878,7.0,,,,,,,
97.52778,8.783919,0.001100699,97.52778,8.783919,0.00087758433,,,,,,,,,,,,,,,,,,,,,,,,,,,,,,,,,,,,,,,,,,,,,,,,,,,,,,,,,,,,,97.52778,8.783919,1.4342377,97.52778,8.783919,1.0372925,,,,,,,,,,,,,,,,,97.52778,8.873857,0.0027053196,97.52778,8.873857,0.0030150646,,,,,,,,,,,,,,,,,,,,,,,,,,,,,97.52778,8.873857,1.0000001e-07,97.52778,8.873857,7.0,,,,,,,
97.52778,8.813898,0.0010709505,97.52778,8.813898,0.0008180871,,,,,,,,,,,,,,,,,,,,,,,,,,,,,,,,,,,,,,,,,,,,,,,,,,,,,,,,,,,,,97.52778,8.813898,1.3585455,97.52778,8.813898,0.8358847,,,,,,,,,,,,,,,,,97.52778,8.903836,0.007212157,97.52778,8.903836,0.003615828,,,,,,,,,,,,,,,,,,,,,,,,,,,,,97.52778,8.903836,1.0000001e-07,97.52778,8.903836,7.0,,,,,,,
97.52778,8.843878,0.0013238138,97.52778,8.843878,0.0005652238,,,,,,,,,,,,,,,,,,,,,,,,,,,,,,,,,,,,,,,,,,,,,,,,,,,,,,,,,,,,,97.52778,8.843878,2.201421,97.52778,8.843878,-0.080283135,,,,,,,,,,,,,,,,,97.52778,8.933815,0.0072930222,97.52778,8.933815,0.0002788031,,,,,,,,,,,,,,,,,,,,,,,,,,,,,97.52778,8.933815,1.0000001e-07,97.52778,8.933815,7.0,,,,,,,
97.52778,8.873857,0.0010858247,97.52778,8.873857,0.00090733304,,,,,,,,,,,,,,,,,,,,,,,,,,,,,,,,,,,,,,,,,,,,,,,,,,,,,,,,,,,,,97.52778,8.873857,1.4612143,97.52778,8.873857,1.1568339,,,,,,,,,,,,,,,,,97.52778,8.963795,0.005449911,97.52778,8.963795,-0.0027315589,,,,,,,,,,,,,,,,,,,,,,,,,,,,,97.52778,8.963795,1.0000001e-07,97.52778,8.963795,7.0,,,,,,,
97.52778,8.903836,0.0013386881,97.52778,8.903836,0.0010263276,,,,,,,,,,,,,,,,,,,,,,,,,,,,,,,,,,,,,,,,,,,,,,,,,,,,,,,,,,,,,97.52778,8.903836,2.163759,97.52778,8.903836,1.6287528,,,,,,,,,,,,,,,,,97.52778,8.993773,0.006670611,97.52778,8.993773,-0.0007113868,,,,,,,,,,,,,,,,,,,,,,,,,,,,,97.52778,8.993773,1.0000001e-07,97.52778,8.993773,7.0,,,,,,,
97.52778,8.933815,0.0012494422,97.52778,8.933815,0.00086271,,,,,,,,,,,,,,,,,,,,,,,,,,,,,,,,,,,,,,,,,,,,,,,,,,,,,,,,,,,,,97.52778,8.933815,1.8993955,97.52778,8.933815,1.0401186,,,,,,,,,,,,,,,,,97.52778,9.023753,0.005887412,97.52778,9.023753,-0.0028874252,,,,,,,,,,,,,,,,,,,,,,,,,,,,,97.52778,9.023753,1.0000001e-07,97.52778,9.023753,7.0,,,,,,,
97.52778,8.963795,0.0011899449,97.52778,8.963795,0.0006098467,,,,,,,,,,,,,,,,,,,,,,,,,,,,,,,,,,,,,,,,,,,,,,,,,,,,,,,,,,,,,97.52778,8.963795,1.7519501,97.52778,8.963795,0.06407132,,,,,,,,,,,,,,,,,97.52778,9.053732,0.0072766063,97.52778,9.053732,-0.00025425994,,,,,,,,,,,,,,,,,,,,,,,,,,,,,97.52778,9.053732,1.0000001e-07,97.52778,9.053732,7.0,,,,,,,
97.52778,8.993773,0.0012345678,97.52778,8.993773,0.0007585899,,,,,,,,,,,,,,,,,,,,,,,,,,,,,,,,,,,,,,,,,,,,,,,,,,,,,,,,,,,,,97.52778,8.993773,1.8425478,97.52778,8.993773,0.64680743,,,,,,,,,,,,,,,,,97.52778,9.083712,0.012387058,97.52778,9.083712,0.0013910824,,,,,,,,,,,,,,,,,,,,,,,,,,,,,97.52778,9.083712,1.0000001e-07,97.52778,9.083712,7.0,,,,,,,
97.52778,9.023753,0.0012494423,97.52778,9.023753,0.0006842183,,,,,,,,,,,,,,,,,,,,,,,,,,,,,,,,,,,,,,,,,,,,,,,,,,,,,,,,,,,,,97.52778,9.023753,1.938055,97.52778,9.023753,0.3219413,,,,,,,,,,,,,,,,,97.52778,9.11369,0.013554451,97.52778,9.11369,-0.0009897623,,,,,,,,,,,,,,,,,,,,,,,,,,,,,97.52778,9.11369,1.0000001e-07,97.52778,9.11369,7.0,,,,,,,
97.52778,9.053732,0.0012345678,97.52778,9.053732,0.00078833854,,,,,,,,,,,,,,,,,,,,,,,,,,,,,,,,,,,,,,,,,,,,,,,,,,,,,,,,,,,,,97.52778,9.053732,1.8717399,97.52778,9.053732,0.71610355,,,,,,,,,,,,,,,,,97.52778,9.14367,0.007664645,97.52778,9.14367,0.0007205016,,,,,,,,,,,,,,,,,,,,,,,,,,,,,97.52778,9.14367,1.0000001e-07,97.52778,9.14367,7.0,,,,,,,
97.52778,9.083712,0.0013833109,97.52778,9.083712,0.00083296146,,,,,,,,,,,,,,,,,,,,,,,,,,,,,,,,,,,,,,,,,,,,,,,,,,,,,,,,,,,,,97.52778,9.083712,2.3555326,97.52778,9.083712,0.8580638,,,,,,,,,,,,,,,,,97.52778,9.17365,0.0020358153,97.52778,9.17365,-0.0014999759,,,,,,,,,,,,,,,,,,,,,,,,,,,,,97.52778,9.17365,1.0000001e-07,97.52778,9.17365,7.0,,,,,,,
97.52778,9.11369,0.0015320542,97.52778,9.11369,0.0007585899,,,,,,,,,,,,,,,,,,,,,,,,,,,,,,,,,,,,,,,,,,,,,,,,,,,,,,,,,,,,,97.52778,9.11369,2.8629277,97.52778,9.11369,0.58328986,,,,,,,,,,,,,,,,,97.52778,9.203629,0.007804546,97.52778,9.203629,-7.0112033e-06,,,,,,,,,,,,,,,,,,,,,,,,,,,,,97.52778,9.203629,1.0000001e-07,97.52778,9.203629,7.0,,,,,,,
97.52778,9.14367,0.0013089393,97.52778,9.14367,0.0007883386,,,,,,,,,,,,,,,,,,,,,,,,,,,,,,,,,,,,,,,,,,,,,,,,,,,,,,,,,,,,,97.52778,9.14367,2.1157148,97.52778,9.14367,0.7102927,,,,,,,,,,,,,,,,,97.52778,9.233608,0.0035551514,97.52778,9.233608,0.006305815,,,,,,,,,,,,,,,,,,,,,,,,,,,,,97.52778,9.233608,1.0000001e-07,97.52778,9.233608,7.0,,,,,,,
97.52778,9.173649,0.0010114531,97.52778,9.173649,0.00077346415,,,,,,,,,,,,,,,,,,,,,,,,,,,,,,,,,,,,,,,,,,,,,,,,,,,,,,,,,,,,,97.52778,9.173649,1.0982194,97.52778,9.173649,0.6896452,,,,,,,,,,,,,,,,,97.52778,9.263587,0.008550692,97.52778,9.263587,0.0007250434,,,,,,,,,,,,,,,,,,,,,,,,,,,,,97.52778,9.263587,1.0000001e-07,97.52778,9.263587,7.0,,,,,,,
97.52778,9.203629,0.0012196936,97.52778,9.203629,0.0007288413,,,,,,,,,,,,,,,,,,,,,,,,,,,,,,,,,,,,,,,,,,,,,,,,,,,,,,,,,,,,,97.52778,9.203629,1.8045654,97.52778,9.203629,0.541209,,,,,,,,,,,,,,,,,97.52778,9.293567,0.009002094,97.52778,9.293567,0.0010832398,,,,,,,,,,,,,,,,,,,,,,,,,,,,,97.52778,9.293567,1.0000001e-07,97.52778,9.293567,7.0,,,,,,,
97.52778,9.233607,0.0010114532,97.52778,9.233607,0.0010858248,,,,,,,,,,,,,,,,,,,,,,,,,,,,,,,,,,,,,,,,,,,,,,,,,,,,,,,,,,,,,97.52778,9.233607,1.1971339,97.52778,9.233607,1.8433522,,,,,,,,,,,,,,,,,97.52778,9.323545,0.00589306,97.52778,9.323545,0.0017768095,,,,,,,,,,,,,,,,,,,,,,,,,,,,,97.52778,9.323545,1.0000001e-07,97.52778,9.323545,7.0,,,,,,,
97.52778,9.263587,0.0012940653,97.52778,9.263587,0.0008180871,,,,,,,,,,,,,,,,,,,,,,,,,,,,,,,,,,,,,,,,,,,,,,,,,,,,,,,,,,,,,97.52778,9.263587,2.0995908,97.52778,9.263587,0.777425,,,,,,,,,,,,,,,,,97.52778,9.353525,0.0055132965,97.52778,9.353525,0.00082420337,,,,,,,,,,,,,,,,,,,,,,,,,,,,,97.52778,9.353525,1.0000001e-07,97.52778,9.353525,7.0,,,,,,,
97.52778,9.293566,0.0012345678,97.52778,9.293566,0.00083296146,,,,,,,,,,,,,,,,,,,,,,,,,,,,,,,,,,,,,,,,,,,,,,,,,,,,,,,,,,,,,97.52778,9.293566,1.8886253,97.52778,9.293566,0.9090328,,,,,,,,,,,,,,,,,97.52778,9.383504,0.0030988136,97.52778,9.383504,0.0039261146,,,,,,,,,,,,,,,,,,,,,,,,,,,,,97.52778,9.383504,1.0000001e-07,97.52778,9.383504,7.0,,,,,,,
97.52778,9.323545,0.0011899449,97.52778,9.323545,0.00086271006,,,,,,,,,,,,,,,,,,,,,,,,,,,,,,,,,,,,,,,,,,,,,,,,,,,,,,,,,,,,,97.52778,9.323545,1.7338667,97.52778,9.323545,1.0291034,,,,,,,,,,,,,,,,,97.52778,9.413484,0.006626943,97.52778,9.413484,8.6460765e-05,,,,,,,,,,,,,,,,,,,,,,,,,,,,,97.52778,9.413484,1.0000001e-07,97.52778,9.413484,7.0,,,,,,,
97.52778,9.353524,0.0011899449,97.52778,9.353524,0.0008329615,,,,,,,,,,,,,,,,,,,,,,,,,,,,,,,,,,,,,,,,,,,,,,,,,,,,,,,,,,,,,97.52778,9.353524,1.7341679,97.52778,9.353524,0.92926353,,,,,,,,,,,,,,,,,97.52778,9.443462,0.009139852,97.52778,9.443462,-0.0047170725,,,,,,,,,,,,,,,,,,,,,,,,,,,,,97.52778,9.443462,1.0000001e-07,97.52778,9.443462,7.0,,,,,,,
97.52778,9.383504,0.0010412018,97.52778,9.383504,0.0009073329,,,,,,,,,,,,,,,,,,,,,,,,,,,,,,,,,,,,,,,,,,,,,,,,,,,,,,,,,,,,,97.52778,9.383504,1.2077067,97.52778,9.383504,1.1881175,,,,,,,,,,,,,,,,,97.52778,9.473442,0.006290003,97.52778,9.473442,0.0012296045,,,,,,,,,,,,,,,,,,,,,,,,,,,,,97.52778,9.473442,1.0000001e-07,97.52778,9.473442,7.0,,,,,,,
97.52778,9.413484,0.0011899449,97.52778,9.413484,0.00072884123,,,,,,,,,,,,,,,,,,,,,,,,,,,,,,,,,,,,,,,,,,,,,,,,,,,,,,,,,,,,,97.52778,9.413484,1.7555954,97.52778,9.413484,0.5158265,,,,,,,,,,,,,,,,,97.52778,9.503421,0.0056372937,97.52778,9.503421,0.0011085953,,,,,,,,,,,,,,,,,,,,,,,,,,,,,97.52778,9.503421,1.0000001e-07,97.52778,9.503421,7.0,,,,,,,
97.52778,9.443462,0.0012791908,97.52778,9.443462,0.00058009825,,,,,,,,,,,,,,,,,,,,,,,,,,,,,,,,,,,,,,,,,,,,,,,,,,,,,,,,,,,,,97.52778,9.443462,2.0378647,97.52778,9.443462,-0.038745776,,,,,,,,,,,,,,,,,97.52778,9.533401,0.0039838045,97.52778,9.533401,-0.0012650745,,,,,,,,,,,,,,,,,,,,,,,,,,,,,97.52778,9.533401,1.0000001e-07,97.52778,9.533401,7.0,,,,,,,
97.52778,9.473442,0.0011601964,97.52778,9.473442,0.00083296146,,,,,,,,,,,,,,,,,,,,,,,,,,,,,,,,,,,,,,,,,,,,,,,,,,,,,,,,,,,,,97.52778,9.473442,1.6441691,97.52778,9.473442,0.91128373,,,,,,,,,,,,,,,,,97.52778,9.563379,0.005630339,97.52778,9.563379,-0.0008814428,,,,,,,,,,,,,,,,,,,,,,,,,,,,,97.52778,9.563379,1.0000001e-07,97.52778,9.563379,7.0,,,,,,,
97.52778,9.503421,0.0011006991,97.52778,9.503421,0.0008032128,,,,,,,,,,,,,,,,,,,,,,,,,,,,,,,,,,,,,,,,,,,,,,,,,,,,,,,,,,,,,97.52778,9.503421,1.4358368,97.52778,9.503421,0.8222696,,,,,,,,,,,,,,,,,97.52778,9.593359,0.0075591058,97.52778,9.593359,-0.0015393017,,,,,,,,,,,,,,,,,,,,,,,,,,,,,97.52778,9.593359,1.0000001e-07,97.52778,9.593359,7.0,,,,,,,
97.52778,9.533401,0.000996579,97.52778,9.533401,0.00072884123,,,,,,,,,,,,,,,,,,,,,,,,,,,,,,,,,,,,,,,,,,,,,,,,,,,,,,,,,,,,,97.52778,9.533401,1.0746511,97.52778,9.533401,0.5101379,,,,,,,,,,,,,,,,,97.52778,9.623338,0.0016407162,97.52778,9.623338,-0.00018096888,,,,,,,,,,,,,,,,,,,,,,,,,,,,,97.52778,9.623338,1.0000001e-07,97.52778,9.623338,7.0,,,,,,,
97.52778,9.563379,0.0010560761,97.52778,9.563379,0.00071396696,,,,,,,,,,,,,,,,,,,,,,,,,,,,,,,,,,,,,,,,,,,,,,,,,,,,,,,,,,,,,97.52778,9.563379,1.252882,97.52778,9.563379,0.4576299,,,,,,,,,,,,,,,,,97.52778,9.653317,-0.0015984463,97.52778,9.653317,0.0020042707,,,,,,,,,,,,,,,,,,,,,,,,,,,,,97.52778,9.653317,1.0000001e-07,97.52778,9.653317,7.0,,,,,,,
97.52778,9.593359,0.0012940652,97.52778,9.593359,0.00075858994,,,,,,,,,,,,,,,,,,,,,,,,,,,,,,,,,,,,,,,,,,,,,,,,,,,,,,,,,,,,,97.52778,9.593359,2.0542727,97.52778,9.593359,0.67164135,,,,,,,,,,,,,,,,,97.52778,9.683296,0.008856724,97.52778,9.683296,0.004535245,,,,,,,,,,,,,,,,,,,,,,,,,,,,,97.52778,9.683296,1.0000001e-07,97.52778,9.683296,7.0,,,,,,,
97.52778,9.623338,0.0009222073,97.52778,9.623338,0.00077346415,,,,,,,,,,,,,,,,,,,,,,,,,,,,,,,,,,,,,,,,,,,,,,,,,,,,,,,,,,,,,97.52778,9.623338,0.8558055,97.52778,9.623338,0.67467475,,,,,,,,,,,,,,,,,97.52778,9.713276,0.0056268414,97.52778,9.713276,0.0049485303,,,,,,,,,,,,,,,,,,,,,,,,,,,,,97.52778,9.713276,1.0000001e-07,97.52778,9.713276,7.0,,,,,,,
97.52778,9.653317,0.0008924587,97.52778,9.653317,0.0008627101,,,,,,,,,,,,,,,,,,,,,,,,,,,,,,,,,,,,,,,,,,,,,,,,,,,,,,,,,,,,,97.52778,9.653317,0.731585,97.52778,9.653317,0.9636754,,,,,,,,,,,,,,,,,97.52778,9.743255,0.0051841135,97.52778,9.743255,0.0026602994,,,,,,,,,,,,,,,,,,,,,,,,,,,,,97.52778,9.743255,1.0000001e-07,97.52778,9.743255,7.0,,,,,,,
97.52778,9.683296,0.0011601963,97.52778,9.683296,0.0008924587,,,,,,,,,,,,,,,,,,,,,,,,,,,,,,,,,,,,,,,,,,,,,,,,,,,,,,,,,,,,,97.52778,9.683296,1.6368365,97.52778,9.683296,1.117051,,,,,,,,,,,,,,,,,97.52778,9.773234,0.00029380713,97.52778,9.773234,0.00047052704,,,,,,,,,,,,,,,,,,,,,,,,,,,,,97.52778,9.773234,1.0000001e-07,97.52778,9.773234,7.0,,,,,,,
97.52778,9.713276,0.0011155733,97.52778,9.713276,0.0010263275,,,,,,,,,,,,,,,,,,,,,,,,,,,,,,,,,,,,,,,,,,,,,,,,,,,,,,,,,,,,,97.52778,9.713276,1.4030181,97.52778,9.713276,1.6031431,,,,,,,,,,,,,,,,,97.52778,9.803213,0.0070692427,97.52778,9.803213,-0.0018715486,,,,,,,,,,,,,,,,,,,,,,,,,,,,,97.52778,9.803213,1.0000001e-07,97.52778,9.803213,7.0,,,,,,,
97.52778,9.743255,0.0011899449,97.52778,9.743255,0.0008329614,,,,,,,,,,,,,,,,,,,,,,,,,,,,,,,,,,,,,,,,,,,,,,,,,,,,,,,,,,,,,97.52778,9.743255,1.7156271,97.52778,9.743255,0.88993955,,,,,,,,,,,,,,,,,97.52778,9.833193,0.0063365516,97.52778,9.833193,4.8650843e-05,,,,,,,,,,,,,,,,,,,,,,,,,,,,,97.52778,9.833193,1.0000001e-07,97.52778,9.833193,7.0,,,,,,,
97.52778,9.773234,0.0008924587,97.52778,9.773234,0.0007883385,,,,,,,,,,,,,,,,,,,,,,,,,,,,,,,,,,,,,,,,,,,,,,,,,,,,,,,,,,,,,97.52778,9.773234,0.74456906,97.52778,9.773234,0.73406404,,,,,,,,,,,,,,,,,97.52778,9.863172,0.007115687,97.52778,9.863172,0.0038945014,,,,,,,,,,,,,,,,,,,,,,,,,,,,,97.52778,9.863172,1.0000001e-07,97.52778,9.863172,7.0,,,,,,,
97.52778,9.803213,0.0011006991,97.52778,9.803213,0.00068421836,,,,,,,,,,,,,,,,,,,,,,,,,,,,,,,,,,,,,,,,,,,,,,,,,,,,,,,,,,,,,97.52778,9.803213,1.4701189,97.52778,9.803213,0.3336173,,,,,,,,,,,,,,,,,97.52778,9.893151,0.012865213,97.52778,9.893151,-0.0006397383,,,,,,,,,,,,,,,,,,,,,,,,,,,,,97.52778,9.893151,1.0000001e-07,97.52778,9.893151,7.0,,,,,,,
97.52778,9.833193,0.0011155735,97.52778,9.833193,0.0008329616,,,,,,,,,,,,,,,,,,,,,,,,,,,,,,,,,,,,,,,,,,,,,,,,,,,,,,,,,,,,,97.52778,9.833193,1.4760256,97.52778,9.833193,0.9003969,,,,,,,,,,,,,,,,,97.52778,9.92313,0.006729046,97.52778,9.92313,-0.0017920831,,,,,,,,,,,,,,,,,,,,,,,,,,,,,97.52778,9.92313,1.0000001e-07,97.52778,9.92313,7.0,,,,,,,
97.52778,9.863172,0.0012048192,97.52778,9.863172,0.0009668303,,,,,,,,,,,,,,,,,,,,,,,,,,,,,,,,,,,,,,,,,,,,,,,,,,,,,,,,,,,,,97.52778,9.863172,1.7912396,97.52778,9.863172,1.4422331,,,,,,,,,,,,,,,,,97.52778,9.95311,0.0058230567,97.52778,9.95311,0.0017339137,,,,,,,,,,,,,,,,,,,,,,,,,,,,,97.52778,9.95311,1.0000001e-07,97.52778,9.95311,7.0,,,,,,,
97.52778,9.893151,0.0014130597,97.52778,9.893151,0.0007437156,,,,,,,,,,,,,,,,,,,,,,,,,,,,,,,,,,,,,,,,,,,,,,,,,,,,,,,,,,,,,97.52778,9.893151,2.4350722,97.52778,9.893151,0.5543292,,,,,,,,,,,,,,,,,97.52778,9.9830885,0.007893125,97.52778,9.9830885,-0.0011328403,,,,,,,,,,,,,,,,,,,,,,,,,,,,,97.52778,9.9830885,1.0000001e-07,97.52778,9.9830885,7.0,,,,,,,
97.52778,9.92313,0.0010858248,97.52778,9.92313,0.0006395954,,,,,,,,,,,,,,,,,,,,,,,,,,,,,,,,,,,,,,,,,,,,,,,,,,,,,,,,,,,,,97.52778,9.92313,1.3950759,97.52778,9.92313,0.17246419,,,,,,,,,,,,,,,,,97.52778,10.013068,0.0064574657,97.52778,10.013068,0.0070580076,,,,,,,,,,,,,,,,,,,,,,,,,,,,,97.52778,10.013068,1.0000001e-07,97.52778,10.013068,7.0,,,,,,,
97.52778,9.95311,0.0010858248,97.52778,9.95311,0.0008180871,,,,,,,,,,,,,,,,,,,,,,,,,,,,,,,,,,,,,,,,,,,,,,,,,,,,,,,,,,,,,97.52778,9.95311,1.417562,97.52778,9.95311,0.84733075,,,,,,,,,,,,,,,,,97.52778,10.043048,0.006618472,97.52778,10.043048,-0.0006087506,,,,,,,,,,,,,,,,,,,,,,,,,,,,,97.52778,10.043048,1.0000001e-07,97.52778,10.043048,7.0,,,,,,,
97.52778,9.9830885,0.0011453221,97.52778,9.9830885,0.00074371556,,,,,,,,,,,,,,,,,,,,,,,,,,,,,,,,,,,,,,,,,,,,,,,,,,,,,,,,,,,,,97.52778,9.9830885,1.6091894,97.52778,9.9830885,0.5952732,,,,,,,,,,,,,,,,,97.52778,10.073027,0.0075921267,97.52778,10.073027,0.0013422129,,,,,,,,,,,,,,,,,,,,,,,,,,,,,97.52778,10.073027,1.0000001e-07,97.52778,10.073027,7.0,,,,,,,
97.52778,10.013068,0.0011304477,97.52778,10.013068,0.0010560761,,,,,,,,,,,,,,,,,,,,,,,,,,,,,,,,,,,,,,,,,,,,,,,,,,,,,,,,,,,,,97.52778,10.013068,1.5154271,97.52778,10.013068,1.7532198,,,,,,,,,,,,,,,,,97.52778,10.103006,0.009206472,97.52778,10.103006,0.0021667639,,,,,,,,,,,,,,,,,,,,,,,,,,,,,97.52778,10.103006,1.0000001e-07,97.52778,10.103006,7.0,,,,,,,
97.52778,10.043047,0.0012048192,97.52778,10.043047,0.0007288412,,,,,,,,,,,,,,,,,,,,,,,,,,,,,,,,,,,,,,,,,,,,,,,,,,,,,,,,,,,,,97.52778,10.043047,1.7967887,97.52778,10.043047,0.5218839,,,,,,,,,,,,,,,,,97.52778,10.132985,0.009310777,97.52778,10.132985,0.0018839783,,,,,,,,,,,,,,,,,,,,,,,,,,,,,97.52778,10.132985,1.0000001e-07,97.52778,10.132985,7.0,,,,,,,
97.52778,10.073027,0.0011750706,97.52778,10.073027,0.0008180871,,,,,,,,,,,,,,,,,,,,,,,,,,,,,,,,,,,,,,,,,,,,,,,,,,,,,,,,,,,,,97.52778,10.073027,1.6549042,97.52778,10.073027,0.7613483,,,,,,,,,,,,,,,,,97.52778,10.162965,0.010760302,97.52778,10.162965,0.0036403942,,,,,,,,,,,,,,,,,,,,,,,,,,,,,97.52778,10.162965,1.0000001e-07,97.52778,10.162965,7.0,,,,,,,
97.52778,10.103005,0.0012643165,97.52778,10.103005,0.00090733304,,,,,,,,,,,,,,,,,,,,,,,,,,,,,,,,,,,,,,,,,,,,,,,,,,,,,,,,,,,,,97.52778,10.103005,1.9654577,97.52778,10.103005,1.1350574,,,,,,,,,,,,,,,,,97.52778,10.192944,0.0070435945,97.52778,10.192944,-0.0012785526,,,,,,,,,,,,,,,,,,,,,,,,,,,,,97.52778,10.192944,1.0000001e-07,97.52778,10.192944,7.0,,,,,,,
97.52778,10.132985,0.0011750706,97.52778,10.132985,0.00086271006,,,,,,,,,,,,,,,,,,,,,,,,,,,,,,,,,,,,,,,,,,,,,,,,,,,,,,,,,,,,,97.52778,10.132985,1.6861291,97.52778,10.132985,1.0643545,,,,,,,,,,,,,,,,,97.52778,10.222923,0.007738441,97.52778,10.222923,0.0021572914,,,,,,,,,,,,,,,,,,,,,,,,,,,,,97.52778,10.222923,1.0000001e-07,97.52778,10.222923,7.0,,,,,,,
97.52778,10.162964,0.001234568,97.52778,10.162964,0.00087758433,,,,,,,,,,,,,,,,,,,,,,,,,,,,,,,,,,,,,,,,,,,,,,,,,,,,,,,,,,,,,97.52778,10.162964,1.8460903,97.52778,10.162964,1.0680969,,,,,,,,,,,,,,,,,97.52778,10.252902,0.0033415582,97.52778,10.252902,0.003479405,,,,,,,,,,,,,,,,,,,,,,,,,,,,,97.52778,10.252902,1.0000001e-07,97.52778,10.252902,7.0,,,,,,,
97.52778,10.192944,0.0010858248,97.52778,10.192944,0.0007288413,,,,,,,,,,,,,,,,,,,,,,,,,,,,,,,,,,,,,,,,,,,,,,,,,,,,,,,,,,,,,97.52778,10.192944,1.3511698,97.52778,10.192944,0.54334044,,,,,,,,,,,,,,,,,97.52778,10.282882,0.012329414,97.52778,10.282882,1.5149074e-05,,,,,,,,,,,,,,,,,,,,,,,,,,,,,97.52778,10.282882,1.0000001e-07,97.52778,10.282882,7.0,,,,,,,
97.52778,10.222922,0.0011155735,97.52778,10.222922,0.00083296146,,,,,,,,,,,,,,,,,,,,,,,,,,,,,,,,,,,,,,,,,,,,,,,,,,,,,,,,,,,,,97.52778,10.222922,1.5009844,97.52778,10.222922,0.94824094,,,,,,,,,,,,,,,,,97.52778,10.3128605,0.005702993,97.52778,10.3128605,0.0023680252,,,,,,,,,,,,,,,,,,,,,,,,,,,,,97.52778,10.3128605,1.0000001e-07,97.52778,10.3128605,7.0,,,,,,,
97.52778,10.252902,0.0009817046,97.52778,10.252902,0.00086271,,,,,,,,,,,,,,,,,,,,,,,,,,,,,,,,,,,,,,,,,,,,,,,,,,,,,,,,,,,,,97.52778,10.252902,1.0270953,97.52778,10.252902,1.007822,,,,,,,,,,,,,,,,,97.52778,10.34284,0.0016693219,97.52778,10.34284,0.0025637527,,,,,,,,,,,,,,,,,,,,,,,,,,,,,97.52778,10.34284,1.0000001e-07,97.52778,10.34284,7.0,,,,,,,
97.52778,10.282882,0.0012940653,97.52778,10.282882,0.0006842183,,,,,,,,,,,,,,,,,,,,,,,,,,,,,,,,,,,,,,,,,,,,,,,,,,,,,,,,,,,,,97.52778,10.282882,2.0475469,97.52778,10.282882,0.3458255,,,,,,,,,,,,,,,,,97.52778,10.372819,-0.00013821355,97.52778,10.372819,0.00042251078,,,,,,,,,,,,,,,,,,,,,,,,,,,,,97.52778,10.372819,1.0000001e-07,97.52778,10.372819,7.0,,,,,,,
97.52778,10.3128605,0.0010560764,97.52778,10.3128605,0.00083296146,,,,,,,,,,,,,,,,,,,,,,,,,,,,,,,,,,,,,,,,,,,,,,,,,,,,,,,,,,,,,97.52778,10.3128605,1.2426696,97.52778,10.3128605,0.92332774,,,,,,,,,,,,,,,,,97.52778,10.402799,0.011740977,97.52778,10.402799,-0.00030489758,,,,,,,,,,,,,,,,,,,,,,,,,,,,,97.52778,10.402799,1.0000001e-07,97.52778,10.402799,7.0,,,,,,,
97.52778,10.34284,0.00090733304,97.52778,10.34284,0.0007883385,,,,,,,,,,,,,,,,,,,,,,,,,,,,,,,,,,,,,,,,,,,,,,,,,,,,,,,,,,,,,97.52778,10.34284,0.7260936,97.52778,10.34284,0.7621958,,,,,,,,,,,,,,,,,97.52778,10.432777,0.010090383,97.52778,10.432777,-0.00095175963,,,,,,,,,,,,,,,,,,,,,,,,,,,,,97.52778,10.432777,1.0000001e-07,97.52778,10.432777,7.0,,,,,,,
97.52778,10.372819,0.00080321287,97.52778,10.372819,0.0007585898,,,,,,,,,,,,,,,,,,,,,,,,,,,,,,,,,,,,,,,,,,,,,,,,,,,,,,,,,,,,,97.52778,10.372819,0.43576682,97.52778,10.372819,0.6744,,,,,,,,,,,,,,,,,97.52778,10.462757,0.010248567,97.52778,10.462757,-4.7098533e-06,,,,,,,,,,,,,,,,,,,,,,,,,,,,,97.52778,10.462757,1.0000001e-07,97.52778,10.462757,7.0,,,,,,,
97.52778,10.402799,0.0012196936,97.52778,10.402799,0.0007437155,,,,,,,,,,,,,,,,,,,,,,,,,,,,,,,,,,,,,,,,,,,,,,,,,,,,,,,,,,,,,97.52778,10.402799,1.8019453,97.52778,10.402799,0.53612924,,,,,,,,,,,,,,,,,97.52778,10.492736,0.011458579,97.52778,10.492736,0.0047772694,,,,,,,,,,,,,,,,,,,,,,,,,,,,,97.52778,10.492736,1.0000001e-07,97.52778,10.492736,7.0,,,,,,,
97.52778,10.432777,0.0012048193,97.52778,10.432777,0.0007585899,,,,,,,,,,,,,,,,,,,,,,,,,,,,,,,,,,,,,,,,,,,,,,,,,,,,,,,,,,,,,97.52778,10.432777,1.7489336,97.52778,10.432777,0.64306235,,,,,,,,,,,,,,,,,97.52778,10.522716,0.0075735548,97.52778,10.522716,-0.002589683,,,,,,,,,,,,,,,,,,,,,,,,,,,,,97.52778,10.522716,1.0000001e-07,97.52778,10.522716,7.0,,,,,,,
97.52778,10.462757,0.0012345681,97.52778,10.462757,0.000713967,,,,,,,,,,,,,,,,,,,,,,,,,,,,,,,,,,,,,,,,,,,,,,,,,,,,,,,,,,,,,97.52778,10.462757,1.867708,97.52778,10.462757,0.41241497,,,,,,,,,,,,,,,,,97.52778,10.552694,0.0071280557,97.52778,10.552694,0.002925175,,,,,,,,,,,,,,,,,,,,,,,,,,,,,97.52778,10.552694,1.0000001e-07,97.52778,10.552694,7.0,,,,,,,
97.52778,10.492736,0.0012643165,97.52778,10.492736,0.00081808714,,,,,,,,,,,,,,,,,,,,,,,,,,,,,,,,,,,,,,,,,,,,,,,,,,,,,,,,,,,,,97.52778,10.492736,2.013406,97.52778,10.492736,0.8040167,,,,,,,,,,,,,,,,,97.52778,10.582674,0.009880915,97.52778,10.582674,-0.0010727277,,,,,,,,,,,,,,,,,,,,,,,,,,,,,97.52778,10.582674,1.0000001e-07,97.52778,10.582674,7.0,,,,,,,
97.52778,10.522716,0.0010709504,97.52778,10.522716,0.0006098468,,,,,,,,,,,,,,,,,,,,,,,,,,,,,,,,,,,,,,,,,,,,,,,,,,,,,,,,,,,,,97.52778,10.522716,1.352623,97.52778,10.522716,0.08344397,,,,,,,,,,,,,,,,,97.52778,10.612653,0.012891087,97.52778,10.612653,0.002844165,,,,,,,,,,,,,,,,,,,,,,,,,,,,,97.52778,10.612653,1.0000001e-07,97.52778,10.612653,7.0,,,,,,,
97.52778,10.552694,0.0011006992,97.52778,10.552694,0.00086271,,,,,,,,,,,,,,,,,,,,,,,,,,,,,,,,,,,,,,,,,,,,,,,,,,,,,,,,,,,,,97.52778,10.552694,1.4369752,97.52778,10.552694,1.031245,,,,,,,,,,,,,,,,,97.52778,10.6426325,0.01019456,97.52778,10.6426325,0.004986633,,,,,,,,,,,,,,,,,,,,,,,,,,,,,97.52778,10.6426325,1.0000001e-07,97.52778,10.6426325,7.0,,,,,,,
97.52778,10.582674,0.0011304477,97.52778,10.582674,0.0007139669,,,,,,,,,,,,,,,,,,,,,,,,,,,,,,,,,,,,,,,,,,,,,,,,,,,,,,,,,,,,,97.52778,10.582674,1.5190718,97.52778,10.582674,0.45080042,,,,,,,,,,,,,,,,,97.52778,10.672611,0.0043011685,97.52778,10.672611,0.0010554645,,,,,,,,,,,,,,,,,,,,,,,,,,,,,97.52778,10.672611,1.0000001e-07,97.52778,10.672611,7.0,,,,,,,
97.52778,10.612653,0.0012940653,97.52778,10.612653,0.00084783573,,,,,,,,,,,,,,,,,,,,,,,,,,,,,,,,,,,,,,,,,,,,,,,,,,,,,,,,,,,,,97.52778,10.612653,2.0891466,97.52778,10.612653,0.95364845,,,,,,,,,,,,,,,,,97.52778,10.702591,0.0013447898,97.52778,10.702591,-3.4799334e-05,,,,,,,,,,,,,,,,,,,,,,,,,,,,,97.52778,10.702591,1.0000001e-07,97.52778,10.702591,7.0,,,,,,,
97.52778,10.6426325,0.0012196936,97.52778,10.6426325,0.0010263275,,,,,,,,,,,,,,,,,,,,,,,,,,,,,,,,,,,,,,,,,,,,,,,,,,,,,,,,,,,,,97.52778,10.6426325,1.8700881,97.52778,10.6426325,1.6025982,,,,,,,,,,,,,,,,,97.52778,10.73257,0.0039971024,97.52778,10.73257,0.0031830857,,,,,,,,,,,,,,,,,,,,,,,,,,,,,97.52778,10.73257,1.0000001e-07,97.52778,10.73257,7.0,,,,,,,
97.52778,10.672611,0.00093708164,97.52778,10.672611,0.0007585899,,,,,,,,,,,,,,,,,,,,,,,,,,,,,,,,,,,,,,,,,,,,,,,,,,,,,,,,,,,,,97.52778,10.672611,0.90440494,97.52778,10.672611,0.63064873,,,,,,,,,,,,,,,,,97.52778,10.762549,0.00833558,97.52778,10.762549,0.009081078,,,,,,,,,,,,,,,,,,,,,,,,,,,,,97.52778,10.762549,1.0000001e-07,97.52778,10.762549,7.0,,,,,,,
97.52778,10.702591,0.0009519558,97.52778,10.702591,0.0006544697,,,,,,,,,,,,,,,,,,,,,,,,,,,,,,,,,,,,,,,,,,,,,,,,,,,,,,,,,,,,,97.52778,10.702591,0.93898976,97.52778,10.702591,0.24315768,,,,,,,,,,,,,,,,,97.52778,10.792528,0.0044816444,97.52778,10.792528,0.0076304814,,,,,,,,,,,,,,,,,,,,,,,,,,,,,97.52778,10.792528,1.0000001e-07,97.52778,10.792528,7.0,,,,,,,
97.52778,10.73257,0.0010263275,97.52778,10.73257,0.00080321287,,,,,,,,,,,,,,,,,,,,,,,,,,,,,,,,,,,,,,,,,,,,,,,,,,,,,,,,,,,,,97.52778,10.73257,1.207324,97.52778,10.73257,0.73418576,,,,,,,,,,,,,,,,,97.52778,10.822508,0.0030923928,97.52778,10.822508,0.0026256554,,,,,,,,,,,,,,,,,,,,,,,,,,,,,97.52778,10.822508,1.0000001e-07,97.52778,10.822508,7.0,,,,,,,
97.52778,10.762549,0.001100699,97.52778,10.762549,0.0010263274,,,,,,,,,,,,,,,,,,,,,,,,,,,,,,,,,,,,,,,,,,,,,,,,,,,,,,,,,,,,,97.52778,10.762549,1.4212782,97.52778,10.762549,1.6598353,,,,,,,,,,,,,,,,,97.52778,10.852488,0.010637517,97.52778,10.852488,0.0032529442,,,,,,,,,,,,,,,,,,,,,,,,,,,,,97.52778,10.852488,1.0000001e-07,97.52778,10.852488,7.0,,,,,,,
97.52778,10.792528,0.0010114531,97.52778,10.792528,0.0009668303,,,,,,,,,,,,,,,,,,,,,,,,,,,,,,,,,,,,,,,,,,,,,,,,,,,,,,,,,,,,,97.52778,10.792528,1.1640415,97.52778,10.792528,1.424197,,,,,,,,,,,,,,,,,97.52778,10.882466,0.0074569318,97.52778,10.882466,0.0020468708,,,,,,,,,,,,,,,,,,,,,,,,,,,,,97.52778,10.882466,1.0000001e-07,97.52778,10.882466,7.0,,,,,,,
97.52778,10.822508,0.0009817047,97.52778,10.822508,0.0007734642,,,,,,,,,,,,,,,,,,,,,,,,,,,,,,,,,,,,,,,,,,,,,,,,,,,,,,,,,,,,,97.52778,10.822508,1.0397214,97.52778,10.822508,0.65364003,,,,,,,,,,,,,,,,,97.52778,10.912446,0.0094957175,97.52778,10.912446,0.0029475791,,,,,,,,,,,,,,,,,,,,,,,,,,,,,97.52778,10.912446,1.0000001e-07,97.52778,10.912446,7.0,,,,,,,
97.52778,10.852487,0.001145322,97.52778,10.852487,0.0008180872,,,,,,,,,,,,,,,,,,,,,,,,,,,,,,,,,,,,,,,,,,,,,,,,,,,,,,,,,,,,,97.52778,10.852487,1.542023,97.52778,10.852487,0.8420743,,,,,,,,,,,,,,,,,97.52778,10.942425,0.0029959334,97.52778,10.942425,-0.004080307,,,,,,,,,,,,,,,,,,,,,,,,,,,,,97.52778,10.942425,1.0000001e-07,97.52778,10.942425,7.0,,,,,,,
97.52778,10.882466,0.001100699,97.52778,10.882466,0.0007585899,,,,,,,,,,,,,,,,,,,,,,,,,,,,,,,,,,,,,,,,,,,,,,,,,,,,,,,,,,,,,97.52778,10.882466,1.4421268,97.52778,10.882466,0.66813725,,,,,,,,,,,,,,,,,97.52778,10.9724045,0.0038330639,97.52778,10.9724045,0.0013334309,,,,,,,,,,,,,,,,,,,,,,,,,,,,,97.52778,10.9724045,1.0000001e-07,97.52778,10.9724045,7.0,,,,,,,
97.52778,10.912445,0.0011304476,97.52778,10.912445,0.0008329614,,,,,,,,,,,,,,,,,,,,,,,,,,,,,,,,,,,,,,,,,,,,,,,,,,,,,,,,,,,,,97.52778,10.912445,1.5377173,97.52778,10.912445,0.9117293,,,,,,,,,,,,,,,,,97.52778,11.002383,0.008409377,97.52778,11.002383,0.00092542573,,,,,,,,,,,,,,,,,,,,,,,,,,,,,97.52778,11.002383,1.0000001e-07,97.52778,11.002383,7.0,,,,,,,
97.52778,10.942425,0.00093708164,97.52778,10.942425,0.0005206009,,,,,,,,,,,,,,,,,,,,,,,,,,,,,,,,,,,,,,,,,,,,,,,,,,,,,,,,,,,,,97.52778,10.942425,0.8683774,97.52778,10.942425,-0.23647462,,,,,,,,,,,,,,,,,97.52778,11.032363,0.009520244,97.52778,11.032363,-0.0022123158,,,,,,,,,,,,,,,,,,,,,,,,,,,,,97.52778,11.032363,1.0000001e-07,97.52778,11.032363,7.0,,,,,,,
97.52778,10.972404,0.0009668303,97.52778,10.972404,0.0008180871,,,,,,,,,,,,,,,,,,,,,,,,,,,,,,,,,,,,,,,,,,,,,,,,,,,,,,,,,,,,,97.52778,10.972404,0.9632542,97.52778,10.972404,0.87596107,,,,,,,,,,,,,,,,,97.52778,11.062342,0.0068348404,97.52778,11.062342,-0.00070386817,,,,,,,,,,,,,,,,,,,,,,,,,,,,,97.52778,11.062342,1.0000001e-07,97.52778,11.062342,7.0,,,,,,,
97.52778,11.002383,0.0010560761,97.52778,11.002383,0.00075858994,,,,,,,,,,,,,,,,,,,,,,,,,,,,,,,,,,,,,,,,,,,,,,,,,,,,,,,,,,,,,97.52778,11.002383,1.251816,97.52778,11.002383,0.6479113,,,,,,,,,,,,,,,,,97.52778,11.092321,0.0084915655,97.52778,11.092321,0.0026092588,,,,,,,,,,,,,,,,,,,,,,,,,,,,,97.52778,11.092321,1.0000001e-07,97.52778,11.092321,7.0,,,,,,,
97.52778,11.032362,0.0011155735,97.52778,11.032362,0.0006395954,,,,,,,,,,,,,,,,,,,,,,,,,,,,,,,,,,,,,,,,,,,,,,,,,,,,,,,,,,,,,97.52778,11.032362,1.4886909,97.52778,11.032362,0.17868045,,,,,,,,,,,,,,,,,97.52778,11.1223,-0.0021738904,97.52778,11.1223,-0.00032230228,,,,,,,,,,,,,,,,,,,,,,,,,,,,,97.52778,11.1223,1.0000001e-07,97.52778,11.1223,7.0,,,,,,,
97.52778,11.062342,0.0010412018,97.52778,11.062342,0.00069909263,,,,,,,,,,,,,,,,,,,,,,,,,,,,,,,,,,,,,,,,,,,,,,,,,,,,,,,,,,,,,97.52778,11.062342,1.2355714,97.52778,11.062342,0.36489752,,,,,,,,,,,,,,,,,97.52778,11.15228,0.0069805076,97.52778,11.15228,0.007148069,,,,,,,,,,,,,,,,,,,,,,,,,,,,,97.52778,11.15228,1.0000001e-07,97.52778,11.15228,7.0,,,,,,,
97.52778,11.092321,0.0011453221,97.52778,11.092321,0.00080321287,,,,,,,,,,,,,,,,,,,,,,,,,,,,,,,,,,,,,,,,,,,,,,,,,,,,,,,,,,,,,97.52778,11.092321,1.5526271,97.52778,11.092321,0.79915696,,,,,,,,,,,,,,,,,97.52778,11.182259,0.0073596877,97.52778,11.182259,-0.0022405805,,,,,,,,,,,,,,,,,,,,,,,,,,,,,97.52778,11.182259,1.0000001e-07,97.52778,11.182259,7.0,,,,,,,
97.52778,11.1223,0.0007734642,97.52778,11.1223,0.00069909263,,,,,,,,,,,,,,,,,,,,,,,,,,,,,,,,,,,,,,,,,,,,,,,,,,,,,,,,,,,,,97.52778,11.1223,0.33403078,97.52778,11.1223,0.40685993,,,,,,,,,,,,,,,,,97.52778,11.212238,0.0058935573,97.52778,11.212238,-0.0034544799,,,,,,,,,,,,,,,,,,,,,,,,,,,,,97.52778,11.212238,1.0000001e-07,97.52778,11.212238,7.0,,,,,,,
97.52778,11.15228,0.0011006991,97.52778,11.15228,0.00087758445,,,,,,,,,,,,,,,,,,,,,,,,,,,,,,,,,,,,,,,,,,,,,,,,,,,,,,,,,,,,,97.52778,11.15228,1.4916306,97.52778,11.15228,1.1017699,,,,,,,,,,,,,,,,,97.52778,11.242217,0.0063207652,97.52778,11.242217,-0.0033697737,,,,,,,,,,,,,,,,,,,,,,,,,,,,,97.52778,11.242217,1.0000001e-07,97.52778,11.242217,7.0,,,,,,,
97.52778,11.182259,0.0010709505,97.52778,11.182259,0.00069909263,,,,,,,,,,,,,,,,,,,,,,,,,,,,,,,,,,,,,,,,,,,,,,,,,,,,,,,,,,,,,97.52778,11.182259,1.2952849,97.52778,11.182259,0.40368837,,,,,,,,,,,,,,,,,97.52778,11.272197,0.0013227718,97.52778,11.272197,0.00044090953,,,,,,,,,,,,,,,,,,,,,,,,,,,,,97.52778,11.272197,1.0000001e-07,97.52778,11.272197,7.0,,,,,,,
97.52778,11.212238,0.0010263274,97.52778,11.212238,0.00058009813,,,,,,,,,,,,,,,,,,,,,,,,,,,,,,,,,,,,,,,,,,,,,,,,,,,,,,,,,,,,,97.52778,11.212238,1.206699,97.52778,11.212238,-0.062167484,,,,,,,,,,,,,,,,,97.52778,11.3021755,4.6966183e-05,97.52778,11.3021755,-0.0052757924,,,,,,,,,,,,,,,,,,,,,,,,,,,,,97.52778,11.3021755,1.0000001e-07,97.52778,11.3021755,7.0,,,,,,,
97.52778,11.242217,0.0010412019,97.52778,11.242217,0.0006395954,,,,,,,,,,,,,,,,,,,,,,,,,,,,,,,,,,,,,,,,,,,,,,,,,,,,,,,,,,,,,97.52778,11.242217,1.230563,97.52778,11.242217,0.1687935,,,,,,,,,,,,,,,,,97.52778,11.332155,0.010993608,97.52778,11.332155,-0.00013465714,,,,,,,,,,,,,,,,,,,,,,,,,,,,,97.52778,11.332155,1.0000001e-07,97.52778,11.332155,7.0,,,,,,,
97.52778,11.272197,0.0008924587,97.52778,11.272197,0.0007585899,,,,,,,,,,,,,,,,,,,,,,,,,,,,,,,,,,,,,,,,,,,,,,,,,,,,,,,,,,,,,97.52778,11.272197,0.7584291,97.52778,11.272197,0.61125326,,,,,,,,,,,,,,,,,97.52778,11.362134,0.010301632,97.52778,11.362134,0.0009996957,,,,,,,,,,,,,,,,,,,,,,,,,,,,,97.52778,11.362134,1.0000001e-07,97.52778,11.362134,7.0,,,,,,,
97.52778,11.3021755,0.0007883385,97.52778,11.3021755,0.00058009813,,,,,,,,,,,,,,,,,,,,,,,,,,,,,,,,,,,,,,,,,,,,,,,,,,,,,,,,,,,,,97.52778,11.3021755,0.39784867,97.52778,11.3021755,-0.0069645843,,,,,,,,,,,,,,,,,97.52778,11.392114,0.0071247984,97.52778,11.392114,0.0012560122,,,,,,,,,,,,,,,,,,,,,,,,,,,,,97.52778,11.392114,1.0000001e-07,97.52778,11.392114,7.0,,,,,,,
97.52778,11.332155,0.0011304477,97.52778,11.332155,0.0006990926,,,,,,,,,,,,,,,,,,,,,,,,,,,,,,,,,,,,,,,,,,,,,,,,,,,,,,,,,,,,,97.52778,11.332155,1.529595,97.52778,11.332155,0.43750414,,,,,,,,,,,,,,,,,97.52778,11.422092,-0.0006682225,97.52778,11.422092,-0.0013676956,,,,,,,,,,,,,,,,,,,,,,,,,,,,,97.52778,11.422092,1.0000001e-07,97.52778,11.422092,7.0,,,,,,,
97.52778,11.362134,0.0011304477,97.52778,11.362134,0.0006395954,,,,,,,,,,,,,,,,,,,,,,,,,,,,,,,,,,,,,,,,,,,,,,,,,,,,,,,,,,,,,97.52778,11.362134,1.5360551,97.52778,11.362134,0.19367515,,,,,,,,,,,,,,,,,97.52778,11.452072,0.0055616717,97.52778,11.452072,-0.0022669313,,,,,,,,,,,,,,,,,,,,,,,,,,,,,97.52778,11.452072,1.0000001e-07,97.52778,11.452072,7.0,,,,,,,
97.52778,11.392114,0.0010114531,97.52778,11.392114,0.0007883385,,,,,,,,,,,,,,,,,,,,,,,,,,,,,,,,,,,,,,,,,,,,,,,,,,,,,,,,,,,,,97.52778,11.392114,1.1099508,97.52778,11.392114,0.7194712,,,,,,,,,,,,,,,,,97.52778,11.482051,0.005984794,97.52778,11.482051,0.00073961366,,,,,,,,,,,,,,,,,,,,,,,,,,,,,97.52778,11.482051,1.0000001e-07,97.52778,11.482051,7.0,,,,,,,
97.52778,11.422092,0.00081808714,97.52778,11.422092,0.00068421825,,,,,,,,,,,,,,,,,,,,,,,,,,,,,,,,,,,,,,,,,,,,,,,,,,,,,,,,,,,,,97.52778,11.422092,0.50438756,97.52778,11.422092,0.35170248,,,,,,,,,,,,,,,,,97.52778,11.512031,0.0012180569,97.52778,11.512031,-0.0017463434,,,,,,,,,,,,,,,,,,,,,,,,,,,,,97.52778,11.512031,1.0000001e-07,97.52778,11.512031,7.0,,,,,,,
97.52778,11.452072,0.0009817046,97.52778,11.452072,0.000669344,,,,,,,,,,,,,,,,,,,,,,,,,,,,,,,,,,,,,,,,,,,,,,,,,,,,,,,,,,,,,97.52778,11.452072,1.0163791,97.52778,11.452072,0.28007305,,,,,,,,,,,,,,,,,97.52778,11.542009,0.009076994,97.52778,11.542009,0.0013535467,,,,,,,,,,,,,,,,,,,,,,,,,,,,,97.52778,11.542009,1.0000001e-07,97.52778,11.542009,7.0,,,,,,,
97.52778,11.482051,0.0010114531,97.52778,11.482051,0.0007437155,,,,,,,,,,,,,,,,,,,,,,,,,,,,,,,,,,,,,,,,,,,,,,,,,,,,,,,,,,,,,97.52778,11.482051,1.1920687,97.52778,11.482051,0.5225479,,,,,,,,,,,,,,,,,97.52778,11.571989,0.007399132,97.52778,11.571989,-0.00020939992,,,,,,,,,,,,,,,,,,,,,,,,,,,,,97.52778,11.571989,1.0000001e-07,97.52778,11.571989,7.0,,,,,,,
97.52778,11.512031,0.00083296146,97.52778,11.512031,0.0006842183,,,,,,,,,,,,,,,,,,,,,,,,,,,,,,,,,,,,,,,,,,,,,,,,,,,,,,,,,,,,,97.52778,11.512031,0.5418093,97.52778,11.512031,0.33837327,,,,,,,,,,,,,,,,,97.52778,11.601968,0.0025303247,97.52778,11.601968,0.0043900986,,,,,,,,,,,,,,,,,,,,,,,,,,,,,97.52778,11.601968,1.0000001e-07,97.52778,11.601968,7.0,,,,,,,
97.52778,11.542009,0.0010263275,97.52778,11.542009,0.0007883385,,,,,,,,,,,,,,,,,,,,,,,,,,,,,,,,,,,,,,,,,,,,,,,,,,,,,,,,,,,,,97.52778,11.542009,1.2158526,97.52778,11.542009,0.7977326,,,,,,,,,,,,,,,,,97.52778,11.6319475,-0.0007310281,97.52778,11.6319475,0.0020396498,,,,,,,,,,,,,,,,,,,,,,,,,,,,,97.52778,11.6319475,1.0000001e-07,97.52778,11.6319475,7.0,,,,,,,
97.52778,11.571989,0.001056076,97.52778,11.571989,0.00069909263,,,,,,,,,,,,,,,,,,,,,,,,,,,,,,,,,,,,,,,,,,,,,,,,,,,,,,,,,,,,,97.52778,11.571989,1.24636,97.52778,11.571989,0.44544744,,,,,,,,,,,,,,,,,97.52778,11.661927,0.0032489176,97.52778,11.661927,-0.0027437133,,,,,,,,,,,,,,,,,,,,,,,,,,,,,97.52778,11.661927,1.0000001e-07,97.52778,11.661927,7.0,,,,,,,
97.52778,11.601968,0.0009073329,97.52778,11.601968,0.00086271006,,,,,,,,,,,,,,,,,,,,,,,,,,,,,,,,,,,,,,,,,,,,,,,,,,,,,,,,,,,,,97.52778,11.601968,0.75768924,97.52778,11.601968,1.0320585,,,,,,,,,,,,,,,,,97.52778,11.691906,0.0037863706,97.52778,11.691906,0.0037252535,,,,,,,,,,,,,,,,,,,,,,,,,,,,,97.52778,11.691906,1.0000001e-07,97.52778,11.691906,7.0,,,,,,,
97.52778,11.6319475,0.0007585899,97.52778,11.6319475,0.0007585899,,,,,,,,,,,,,,,,,,,,,,,,,,,,,,,,,,,,,,,,,,,,,,,,,,,,,,,,,,,,,97.52778,11.6319475,0.3030895,97.52778,11.6319475,0.5862812,,,,,,,,,,,,,,,,,97.52778,11.721886,0.006963536,97.52778,11.721886,-0.0017396352,,,,,,,,,,,,,,,,,,,,,,,,,,,,,97.52778,11.721886,1.0000001e-07,97.52778,11.721886,7.0,,,,,,,
97.52778,11.661926,0.000951956,97.52778,11.661926,0.00059497246,,,,,,,,,,,,,,,,,,,,,,,,,,,,,,,,,,,,,,,,,,,,,,,,,,,,,,,,,,,,,97.52778,11.661926,0.9232212,97.52778,11.661926,0.043214586,,,,,,,,,,,,,,,,,97.52778,11.751864,0.006762969,97.52778,11.751864,0.002072891,,,,,,,,,,,,,,,,,,,,,,,,,,,,,97.52778,11.751864,1.0000001e-07,97.52778,11.751864,7.0,,,,,,,
97.52778,11.691906,0.0009519559,97.52778,11.691906,0.0007734642,,,,,,,,,,,,,,,,,,,,,,,,,,,,,,,,,,,,,,,,,,,,,,,,,,,,,,,,,,,,,97.52778,11.691906,0.9713211,97.52778,11.691906,0.680314,,,,,,,,,,,,,,,,,97.52778,11.781844,0.007183036,97.52778,11.781844,0.0014878152,,,,,,,,,,,,,,,,,,,,,,,,,,,,,97.52778,11.781844,1.0000001e-07,97.52778,11.781844,7.0,,,,,,,
97.52778,11.721885,0.000996579,97.52778,11.721885,0.00068421825,,,,,,,,,,,,,,,,,,,,,,,,,,,,,,,,,,,,,,,,,,,,,,,,,,,,,,,,,,,,,97.52778,11.721885,1.073245,97.52778,11.721885,0.37349698,,,,,,,,,,,,,,,,,97.52778,11.811823,0.008556635,97.52778,11.811823,0.0043717134,,,,,,,,,,,,,,,,,,,,,,,,,,,,,97.52778,11.811823,1.0000001e-07,97.52778,11.811823,7.0,,,,,,,
97.52778,11.751864,0.0010412018,97.52778,11.751864,0.0007883385,,,,,,,,,,,,,,,,,,,,,,,,,,,,,,,,,,,,,,,,,,,,,,,,,,,,,,,,,,,,,97.52778,11.751864,1.2414314,97.52778,11.751864,0.7569988,,,,,,,,,,,,,,,,,97.52778,11.841803,0.009593565,97.52778,11.841803,0.00849332,,,,,,,,,,,,,,,,,,,,,,,,,,,,,97.52778,11.841803,1.0000001e-07,97.52778,11.841803,7.0,,,,,,,
97.52778,11.781843,0.0010114532,97.52778,11.781843,0.0007883385,,,,,,,,,,,,,,,,,,,,,,,,,,,,,,,,,,,,,,,,,,,,,,,,,,,,,,,,,,,,,97.52778,11.781843,1.1324897,97.52778,11.781843,0.7156569,,,,,,,,,,,,,,,,,97.52778,11.871781,0.0059074457,97.52778,11.871781,0.0072727883,,,,,,,,,,,,,,,,,,,,,,,,,,,,,97.52778,11.871781,1.0000001e-07,97.52778,11.871781,7.0,,,,,,,
97.52778,11.811823,0.0010114531,97.52778,11.811823,0.0008032128,,,,,,,,,,,,,,,,,,,,,,,,,,,,,,,,,,,,,,,,,,,,,,,,,,,,,,,,,,,,,97.52778,11.811823,1.1763835,97.52778,11.811823,0.7760384,,,,,,,,,,,,,,,,,97.52778,11.901761,0.01137108,97.52778,11.901761,-0.0016778134,,,,,,,,,,,,,,,,,,,,,,,,,,,,,97.52778,11.901761,1.0000001e-07,97.52778,11.901761,7.0,,,,,,,
97.52778,11.841802,0.0010709505,97.52778,11.841802,0.0008924587,,,,,,,,,,,,,,,,,,,,,,,,,,,,,,,,,,,,,,,,,,,,,,,,,,,,,,,,,,,,,97.52778,11.841802,1.3171253,97.52778,11.841802,1.1196954,,,,,,,,,,,,,,,,,97.52778,11.93174,0.0041607996,97.52778,11.93174,0.0015204671,,,,,,,,,,,,,,,,,,,,,,,,,,,,,97.52778,11.93174,1.0000001e-07,97.52778,11.93174,7.0,,,,,,,
97.52778,11.871781,0.0009519559,97.52778,11.871781,0.0008924587,,,,,,,,,,,,,,,,,,,,,,,,,,,,,,,,,,,,,,,,,,,,,,,,,,,,,,,,,,,,,97.52778,11.871781,0.9348312,97.52778,11.871781,1.1224196,,,,,,,,,,,,,,,,,97.52778,11.9617195,0.00789113,97.52778,11.9617195,0.007925747,,,,,,,,,,,,,,,,,,,,,,,,,,,,,97.52778,11.9617195,1.0000001e-07,97.52778,11.9617195,7.0,,,,,,,
97.52778,11.90176,0.0011304478,97.52778,11.90176,0.0006395953,,,,,,,,,,,,,,,,,,,,,,,,,,,,,,,,,,,,,,,,,,,,,,,,,,,,,,,,,,,,,97.52778,11.90176,1.5181328,97.52778,11.90176,0.19076593,,,,,,,,,,,,,,,,,97.52778,11.991698,0.009543207,97.52778,11.991698,0.0020933156,,,,,,,,,,,,,,,,,,,,,,,,,,,,,97.52778,11.991698,1.0000001e-07,97.52778,11.991698,7.0,,,,,,,
97.52778,11.93174,0.0009519559,97.52778,11.93174,0.0008032128,,,,,,,,,,,,,,,,,,,,,,,,,,,,,,,,,,,,,,,,,,,,,,,,,,,,,,,,,,,,,97.52778,11.93174,0.9115944,97.52778,11.93174,0.7812272,,,,,,,,,,,,,,,,,97.52778,12.021678,0.001154638,97.52778,12.021678,-0.0061208475,,,,,,,,,,,,,,,,,,,,,,,,,,,,,97.52778,12.021678,1.0000001e-07,97.52778,12.021678,7.0,,,,,,,
97.52778,11.9617195,0.0010709504,97.52778,11.9617195,0.00086271006,,,,,,,,,,,,,,,,,,,,,,,,,,,,,,,,,,,,,,,,,,,,,,,,,,,,,,,,,,,,,97.52778,11.9617195,1.3297967,97.52778,11.9617195,1.0641768,,,,,,,,,,,,,,,,,97.52778,12.051657,0.0044037304,97.52778,12.051657,-0.0040792543,,,,,,,,,,,,,,,,,,,,,,,,,,,,,97.52778,12.051657,1.0000001e-07,97.52778,12.051657,7.0,,,,,,,
97.52778,11.991698,0.0010560761,97.52778,11.991698,0.00075858994,,,,,,,,,,,,,,,,,,,,,,,,,,,,,,,,,,,,,,,,,,,,,,,,,,,,,,,,,,,,,97.52778,11.991698,1.2277389,97.52778,11.991698,0.5881034,,,,,,,,,,,,,,,,,97.52778,12.081636,0.0086212,97.52778,12.081636,-0.00027223816,,,,,,,,,,,,,,,,,,,,,,,,,,,,,97.52778,12.081636,1.0000001e-07,97.52778,12.081636,7.0,,,,,,,
97.52778,12.021678,0.0008627101,97.52778,12.021678,0.00058009813,,,,,,,,,,,,,,,,,,,,,,,,,,,,,,,,,,,,,,,,,,,,,,,,,,,,,,,,,,,,,97.52778,12.021678,0.63245,97.52778,12.021678,-0.04931924,,,,,,,,,,,,,,,,,97.52778,12.111615,0.009071785,97.52778,12.111615,0.00057149417,,,,,,,,,,,,,,,,,,,,,,,,,,,,,97.52778,12.111615,1.0000001e-07,97.52778,12.111615,7.0,,,,,,,
97.52778,12.051657,0.0009519559,97.52778,12.051657,0.0005949724,,,,,,,,,,,,,,,,,,,,,,,,,,,,,,,,,,,,,,,,,,,,,,,,,,,,,,,,,,,,,97.52778,12.051657,0.9574926,97.52778,12.051657,0.060881402,,,,,,,,,,,,,,,,,97.52778,12.141595,0.0058187493,97.52778,12.141595,0.0027922892,,,,,,,,,,,,,,,,,,,,,,,,,,,,,97.52778,12.141595,1.0000001e-07,97.52778,12.141595,7.0,,,,,,,
97.52778,12.081636,0.0010263275,97.52778,12.081636,0.00065446977,,,,,,,,,,,,,,,,,,,,,,,,,,,,,,,,,,,,,,,,,,,,,,,,,,,,,,,,,,,,,97.52778,12.081636,1.1867496,97.52778,12.081636,0.2341271,,,,,,,,,,,,,,,,,97.52778,12.171574,0.010689674,97.52778,12.171574,-0.00010493646,,,,,,,,,,,,,,,,,,,,,,,,,,,,,97.52778,12.171574,1.0000001e-07,97.52778,12.171574,7.0,,,,,,,
97.52778,12.111615,0.0009965788,97.52778,12.111615,0.00077346415,,,,,,,,,,,,,,,,,,,,,,,,,,,,,,,,,,,,,,,,,,,,,,,,,,,,,,,,,,,,,97.52778,12.111615,1.0308155,97.52778,12.111615,0.68858314,,,,,,,,,,,,,,,,,97.52778,12.201553,0.002455937,97.52778,12.201553,-0.0020682393,,,,,,,,,,,,,,,,,,,,,,,,,,,,,97.52778,12.201553,1.0000001e-07,97.52778,12.201553,7.0,,,,,,,
97.52778,12.141595,0.0010263275,97.52778,12.141595,0.0007437156,,,,,,,,,,,,,,,,,,,,,,,,,,,,,,,,,,,,,,,,,,,,,,,,,,,,,,,,,,,,,97.52778,12.141595,1.2255888,97.52778,12.141595,0.58718723,,,,,,,,,,,,,,,,,97.52778,12.231532,0.006056471,97.52778,12.231532,0.00022793302,,,,,,,,,,,,,,,,,,,,,,,,,,,,,97.52778,12.231532,1.0000001e-07,97.52778,12.231532,7.0,,,,,,,
97.52778,12.171574,0.0010709505,97.52778,12.171574,0.0007437156,,,,,,,,,,,,,,,,,,,,,,,,,,,,,,,,,,,,,,,,,,,,,,,,,,,,,,,,,,,,,97.52778,12.171574,1.4030565,97.52778,12.171574,0.5890522,,,,,,,,,,,,,,,,,97.52778,12.261512,-0.0032299843,97.52778,12.261512,0.0046504717,,,,,,,,,,,,,,,,,,,,,,,,,,,,,97.52778,12.261512,1.0000001e-07,97.52778,12.261512,7.0,,,,,,,
97.52778,12.201553,0.0008478358,97.52778,12.201553,0.00062472105,,,,,,,,,,,,,,,,,,,,,,,,,,,,,,,,,,,,,,,,,,,,,,,,,,,,,,,,,,,,,97.52778,12.201553,0.5872852,97.52778,12.201553,0.12405234,,,,,,,,,,,,,,,,,97.52778,12.291491,0.003290945,97.52778,12.291491,0.0018659628,,,,,,,,,,,,,,,,,,,,,,,,,,,,,97.52778,12.291491,1.0000001e-07,97.52778,12.291491,7.0,,,,,,,
97.52778,12.231532,0.0009222073,97.52778,12.231532,0.00072884123,,,,,,,,,,,,,,,,,,,,,,,,,,,,,,,,,,,,,,,,,,,,,,,,,,,,,,,,,,,,,97.52778,12.231532,0.82679135,97.52778,12.231532,0.5508492,,,,,,,,,,,,,,,,,97.52778,12.32147,0.0051600733,97.52778,12.32147,0.0034705636,,,,,,,,,,,,,,,,,,,,,,,,,,,,,97.52778,12.32147,1.0000001e-07,97.52778,12.32147,7.0,,,,,,,
97.52778,12.261512,0.00069909263,97.52778,12.261512,0.0007734642,,,,,,,,,,,,,,,,,,,,,,,,,,,,,,,,,,,,,,,,,,,,,,,,,,,,,,,,,,,,,97.52778,12.261512,0.102185726,97.52778,12.261512,0.6700671,,,,,,,,,,,,,,,,,97.52778,12.351449,0.008003239,97.52778,12.351449,-0.0017320965,,,,,,,,,,,,,,,,,,,,,,,,,,,,,97.52778,12.351449,1.0000001e-07,97.52778,12.351449,7.0,,,,,,,
97.52778,12.291491,0.00084783573,97.52778,12.291491,0.0007734642,,,,,,,,,,,,,,,,,,,,,,,,,,,,,,,,,,,,,,,,,,,,,,,,,,,,,,,,,,,,,97.52778,12.291491,0.6014659,97.52778,12.291491,0.6076677,,,,,,,,,,,,,,,,,97.52778,12.381429,0.0036268565,97.52778,12.381429,-0.0026614289,,,,,,,,,,,,,,,,,,,,,,,,,,,,,97.52778,12.381429,1.0000001e-07,97.52778,12.381429,7.0,,,,,,,
97.52778,12.32147,0.0009668304,97.52778,12.32147,0.00080321287,,,,,,,,,,,,,,,,,,,,,,,,,,,,,,,,,,,,,,,,,,,,,,,,,,,,,,,,,,,,,97.52778,12.32147,0.9956207,97.52778,12.32147,0.7608685,,,,,,,,,,,,,,,,,97.52778,12.411407,0.013496716,97.52778,12.411407,0.008102364,,,,,,,,,,,,,,,,,,,,,,,,,,,,,97.52778,12.411407,1.0000001e-07,97.52778,12.411407,7.0,,,,,,,
97.52778,12.351449,0.0009668303,97.52778,12.351449,0.00065446977,,,,,,,,,,,,,,,,,,,,,,,,,,,,,,,,,,,,,,,,,,,,,,,,,,,,,,,,,,,,,97.52778,12.351449,0.9820191,97.52778,12.351449,0.2709708,,,,,,,,,,,,,,,,,97.52778,12.441387,0.005506896,97.52778,12.441387,0.0016654043,,,,,,,,,,,,,,,,,,,,,,,,,,,,,97.52778,12.441387,1.0000001e-07,97.52778,12.441387,7.0,,,,,,,
97.52778,12.381429,0.00090733304,97.52778,12.381429,0.00066934404,,,,,,,,,,,,,,,,,,,,,,,,,,,,,,,,,,,,,,,,,,,,,,,,,,,,,,,,,,,,,97.52778,12.381429,0.7820889,97.52778,12.381429,0.29514328,,,,,,,,,,,,,,,,,97.52778,12.471366,0.008753066,97.52778,12.471366,-0.0046141814,,,,,,,,,,,,,,,,,,,,,,,,,,,,,97.52778,12.471366,1.0000001e-07,97.52778,12.471366,7.0,,,,,,,
97.52778,12.411407,0.0011601961,97.52778,12.411407,0.0008924586,,,,,,,,,,,,,,,,,,,,,,,,,,,,,,,,,,,,,,,,,,,,,,,,,,,,,,,,,,,,,97.52778,12.411407,1.6623878,97.52778,12.411407,1.1457633,,,,,,,,,,,,,,,,,97.52778,12.501346,0.009923099,97.52778,12.501346,0.005029447,,,,,,,,,,,,,,,,,,,,,,,,,,,,,97.52778,12.501346,1.0000001e-07,97.52778,12.501346,7.0,,,,,,,
97.52778,12.441387,0.0009519559,97.52778,12.441387,0.000669344,,,,,,,,,,,,,,,,,,,,,,,,,,,,,,,,,,,,,,,,,,,,,,,,,,,,,,,,,,,,,97.52778,12.441387,0.9165975,97.52778,12.441387,0.26495922,,,,,,,,,,,,,,,,,97.52778,12.531325,0.0013407101,97.52778,12.531325,0.005136369,,,,,,,,,,,,,,,,,,,,,,,,,,,,,97.52778,12.531325,1.0000001e-07,97.52778,12.531325,7.0,,,,,,,
97.52778,12.471366,0.0009668303,97.52778,12.471366,0.00059497246,,,,,,,,,,,,,,,,,,,,,,,,,,,,,,,,,,,,,,,,,,,,,,,,,,,,,,,,,,,,,97.52778,12.471366,0.9619256,97.52778,12.471366,-0.007198582,,,,,,,,,,,,,,,,,97.52778,12.561304,0.005949835,97.52778,12.561304,-0.0010142364,,,,,,,,,,,,,,,,,,,,,,,,,,,,,97.52778,12.561304,1.0000001e-07,97.52778,12.561304,7.0,,,,,,,
97.52778,12.501346,0.000996579,97.52778,12.501346,0.00084783573,,,,,,,,,,,,,,,,,,,,,,,,,,,,,,,,,,,,,,,,,,,,,,,,,,,,,,,,,,,,,97.52778,12.501346,1.0870941,97.52778,12.501346,0.94064265,,,,,,,,,,,,,,,,,97.52778,12.591284,0.0044556824,97.52778,12.591284,0.0021607587,,,,,,,,,,,,,,,,,,,,,,,,,,,,,97.52778,12.591284,1.0000001e-07,97.52778,12.591284,7.0,,,,,,,
97.52778,12.531324,0.0008478357,97.52778,12.531324,0.00084783573,,,,,,,,,,,,,,,,,,,,,,,,,,,,,,,,,,,,,,,,,,,,,,,,,,,,,,,,,,,,,97.52778,12.531324,0.57145023,97.52778,12.531324,0.9100564,,,,,,,,,,,,,,,,,97.52778,12.621263,0.010389422,97.52778,12.621263,0.001996837,,,,,,,,,,,,,,,,,,,,,,,,,,,,,97.52778,12.621263,1.0000001e-07,97.52778,12.621263,7.0,,,,,,,
97.52778,12.561304,0.0009519559,97.52778,12.561304,0.0006098467,,,,,,,,,,,,,,,,,,,,,,,,,,,,,,,,,,,,,,,,,,,,,,,,,,,,,,,,,,,,,97.52778,12.561304,0.9682944,97.52778,12.561304,0.07776931,,,,,,,,,,,,,,,,,97.52778,12.651242,0.004125423,97.52778,12.651242,-0.0037654995,,,,,,,,,,,,,,,,,,,,,,,,,,,,,97.52778,12.651242,1.0000001e-07,97.52778,12.651242,7.0,,,,,,,
97.52778,12.591283,0.0008478358,97.52778,12.591283,0.00072884123,,,,,,,,,,,,,,,,,,,,,,,,,,,,,,,,,,,,,,,,,,,,,,,,,,,,,,,,,,,,,97.52778,12.591283,0.60087174,97.52778,12.591283,0.51231086,,,,,,,,,,,,,,,,,97.52778,12.681221,0.0035607843,97.52778,12.681221,-0.0025004628,,,,,,,,,,,,,,,,,,,,,,,,,,,,,97.52778,12.681221,1.0000001e-07,97.52778,12.681221,7.0,,,,,,,
97.52778,12.621263,0.0010858248,97.52778,12.621263,0.0007437156,,,,,,,,,,,,,,,,,,,,,,,,,,,,,,,,,,,,,,,,,,,,,,,,,,,,,,,,,,,,,97.52778,12.621263,1.4033617,97.52778,12.621263,0.5724341,,,,,,,,,,,,,,,,,97.52778,12.711201,0.00020119961,97.52778,12.711201,-0.0075039747,,,,,,,,,,,,,,,,,,,,,,,,,,,,,97.52778,12.711201,1.0000001e-07,97.52778,12.711201,7.0,,,,,,,
97.52778,12.651241,0.00090733304,97.52778,12.651241,0.0006395954,,,,,,,,,,,,,,,,,,,,,,,,,,,,,,,,,,,,,,,,,,,,,,,,,,,,,,,,,,,,,97.52778,12.651241,0.76992196,97.52778,12.651241,0.14142452,,,,,,,,,,,,,,,,,97.52778,12.741179,0.0076503363,97.52778,12.741179,0.0024651284,,,,,,,,,,,,,,,,,,,,,,,,,,,,,97.52778,12.741179,1.0000001e-07,97.52778,12.741179,7.0,,,,,,,
97.52778,12.681221,0.0008924587,97.52778,12.681221,0.00062472105,,,,,,,,,,,,,,,,,,,,,,,,,,,,,,,,,,,,,,,,,,,,,,,,,,,,,,,,,,,,,97.52778,12.681221,0.767867,97.52778,12.681221,0.11569309,,,,,,,,,,,,,,,,,97.52778,12.771159,0.004187266,97.52778,12.771159,-0.0061420137,,,,,,,,,,,,,,,,,,,,,,,,,,,,,97.52778,12.771159,1.0000001e-07,97.52778,12.771159,7.0,,,,,,,
97.52778,12.7112,0.00083296146,97.52778,12.7112,0.00055034953,,,,,,,,,,,,,,,,,,,,,,,,,,,,,,,,,,,,,,,,,,,,,,,,,,,,,,,,,,,,,97.52778,12.7112,0.5435513,97.52778,12.7112,-0.19252342,,,,,,,,,,,,,,,,,97.52778,12.801138,0.000103984756,97.52778,12.801138,-0.0005789802,,,,,,,,,,,,,,,,,,,,,,,,,,,,,97.52778,12.801138,1.0000001e-07,97.52778,12.801138,7.0,,,,,,,
97.52778,12.741179,0.0009668303,97.52778,12.741179,0.00075858994,,,,,,,,,,,,,,,,,,,,,,,,,,,,,,,,,,,,,,,,,,,,,,,,,,,,,,,,,,,,,97.52778,12.741179,0.92179775,97.52778,12.741179,0.64910805,,,,,,,,,,,,,,,,,97.52778,12.831118,0.012418229,97.52778,12.831118,-0.003423562,,,,,,,,,,,,,,,,,,,,,,,,,,,,,97.52778,12.831118,1.0000001e-07,97.52778,12.831118,7.0,,,,,,,
97.52778,12.771158,0.0009222073,97.52778,12.771158,0.0006098467,,,,,,,,,,,,,,,,,,,,,,,,,,,,,,,,,,,,,,,,,,,,,,,,,,,,,,,,,,,,,97.52778,12.771158,0.81795585,97.52778,12.771158,0.09094238,,,,,,,,,,,,,,,,,97.52778,12.861096,0.011437489,97.52778,12.861096,0.0008191851,,,,,,,,,,,,,,,,,,,,,,,,,,,,,97.52778,12.861096,1.0000001e-07,97.52778,12.861096,7.0,,,,,,,
97.52778,12.801138,0.00083296146,97.52778,12.801138,0.0006693441,,,,,,,,,,,,,,,,,,,,,,,,,,,,,,,,,,,,,,,,,,,,,,,,,,,,,,,,,,,,,97.52778,12.801138,0.54671645,97.52778,12.801138,0.2722565,,,,,,,,,,,,,,,,,97.52778,12.891076,0.003614994,97.52778,12.891076,0.004151807,,,,,,,,,,,,,,,,,,,,,,,,,,,,,97.52778,12.891076,1.0000001e-07,97.52778,12.891076,7.0,,,,,,,
97.52778,12.831118,0.0010412018,97.52778,12.831118,0.00062472105,,,,,,,,,,,,,,,,,,,,,,,,,,,,,,,,,,,,,,,,,,,,,,,,,,,,,,,,,,,,,97.52778,12.831118,1.2363019,97.52778,12.831118,0.1105008,,,,,,,,,,,,,,,,,97.52778,12.921055,0.015166317,97.52778,12.921055,-0.0019937782,,,,,,,,,,,,,,,,,,,,,,,,,,,,,97.52778,12.921055,1.0000001e-07,97.52778,12.921055,7.0,,,,,,,
97.52778,12.861096,0.0010263275,97.52778,12.861096,0.00066934404,,,,,,,,,,,,,,,,,,,,,,,,,,,,,,,,,,,,,,,,,,,,,,,,,,,,,,,,,,,,,97.52778,12.861096,1.1623092,97.52778,12.861096,0.32766673,,,,,,,,,,,,,,,,,97.52778,12.951035,0.013747235,97.52778,12.951035,0.0055090976,,,,,,,,,,,,,,,,,,,,,,,,,,,,,97.52778,12.951035,1.0000001e-07,97.52778,12.951035,7.0,,,,,,,
97.52778,12.891076,0.00084783573,97.52778,12.891076,0.00069909263,,,,,,,,,,,,,,,,,,,,,,,,,,,,,,,,,,,,,,,,,,,,,,,,,,,,,,,,,,,,,97.52778,12.891076,0.60961205,97.52778,12.891076,0.44494882,,,,,,,,,,,,,,,,,97.52778,12.981013,0.003219563,97.52778,12.981013,0.0020953224,,,,,,,,,,,,,,,,,,,,,,,,,,,,,97.52778,12.981013,1.0000001e-07,97.52778,12.981013,7.0,,,,,,,
97.52778,12.921055,0.0011304478,97.52778,12.921055,0.00065446965,,,,,,,,,,,,,,,,,,,,,,,,,,,,,,,,,,,,,,,,,,,,,,,,,,,,,,,,,,,,,97.52778,12.921055,1.5026679,97.52778,12.921055,0.24454083,,,,,,,,,,,,,,,,,97.52778,13.010993,0.0035744298,97.52778,13.010993,-0.00036046642,,,,,,,,,,,,,,,,,,,,,,,,,,,,,97.52778,13.010993,1.0000001e-07,97.52778,13.010993,7.0,,,,,,,
97.52778,12.951035,0.0011155733,97.52778,12.951035,0.00081808714,,,,,,,,,,,,,,,,,,,,,,,,,,,,,,,,,,,,,,,,,,,,,,,,,,,,,,,,,,,,,97.52778,12.951035,1.518392,97.52778,12.951035,0.778333,,,,,,,,,,,,,,,,,97.52778,13.040972,0.0069854134,97.52778,13.040972,4.1037954e-05,,,,,,,,,,,,,,,,,,,,,,,,,,,,,97.52778,13.040972,1.0000001e-07,97.52778,13.040972,7.0,,,,,,,
97.52778,12.981013,0.0008478358,97.52778,12.981013,0.0007585899,,,,,,,,,,,,,,,,,,,,,,,,,,,,,,,,,,,,,,,,,,,,,,,,,,,,,,,,,,,,,97.52778,12.981013,0.58010644,97.52778,12.981013,0.644779,,,,,,,,,,,,,,,,,97.52778,13.070951,0.003965672,97.52778,13.070951,0.0020328446,,,,,,,,,,,,,,,,,,,,,,,,,,,,,97.52778,13.070951,1.0000001e-07,97.52778,13.070951,7.0,,,,,,,
97.52778,13.010993,0.00087758445,97.52778,13.010993,0.0006098468,,,,,,,,,,,,,,,,,,,,,,,,,,,,,,,,,,,,,,,,,,,,,,,,,,,,,,,,,,,,,97.52778,13.010993,0.67471856,97.52778,13.010993,0.113244615,,,,,,,,,,,,,,,,,97.52778,13.10093,0.00654572,97.52778,13.10093,-0.0044713863,,,,,,,,,,,,,,,,,,,,,,,,,,,,,97.52778,13.10093,1.0000001e-07,97.52778,13.10093,7.0,,,,,,,
97.52778,13.040972,0.00090733304,97.52778,13.040972,0.0006544697,,,,,,,,,,,,,,,,,,,,,,,,,,,,,,,,,,,,,,,,,,,,,,,,,,,,,,,,,,,,,97.52778,13.040972,0.8090017,97.52778,13.040972,0.24951297,,,,,,,,,,,,,,,,,97.52778,13.13091,0.006175641,97.52778,13.13091,0.0074792826,,,,,,,,,,,,,,,,,,,,,,,,,,,,,97.52778,13.13091,1.0000001e-07,97.52778,13.13091,7.0,,,,,,,
97.52778,13.070951,0.0008924587,97.52778,13.070951,0.0007734642,,,,,,,,,,,,,,,,,,,,,,,,,,,,,,,,,,,,,,,,,,,,,,,,,,,,,,,,,,,,,97.52778,13.070951,0.7405349,97.52778,13.070951,0.64771026,,,,,,,,,,,,,,,,,97.52778,13.160889,0.008947479,97.52778,13.160889,-0.0052073756,,,,,,,,,,,,,,,,,,,,,,,,,,,,,97.52778,13.160889,1.0000001e-07,97.52778,13.160889,7.0,,,,,,,
97.52778,13.10093,0.0009817046,97.52778,13.10093,0.0006098468,,,,,,,,,,,,,,,,,,,,,,,,,,,,,,,,,,,,,,,,,,,,,,,,,,,,,,,,,,,,,97.52778,13.10093,1.0237584,97.52778,13.10093,0.09205748,,,,,,,,,,,,,,,,,97.52778,13.190868,0.002949218,97.52778,13.190868,-0.00022290011,,,,,,,,,,,,,,,,,,,,,,,,,,,,,97.52778,13.190868,1.0000001e-07,97.52778,13.190868,7.0,,,,,,,
97.52778,13.13091,0.00090733304,97.52778,13.13091,0.00083296146,,,,,,,,,,,,,,,,,,,,,,,,,,,,,,,,,,,,,,,,,,,,,,,,,,,,,,,,,,,,,97.52778,13.13091,0.8115718,97.52778,13.13091,0.8984072,,,,,,,,,,,,,,,,,97.52778,13.220847,0.0020375447,97.52778,13.220847,0.00092879153,,,,,,,,,,,,,,,,,,,,,,,,,,,,,97.52778,13.220847,1.0000001e-07,97.52778,13.220847,7.0,,,,,,,
97.52778,13.160889,0.0010263274,97.52778,13.160889,0.00056522386,,,,,,,,,,,,,,,,,,,,,,,,,,,,,,,,,,,,,,,,,,,,,,,,,,,,,,,,,,,,,97.52778,13.160889,1.1913683,97.52778,13.160889,-0.085537925,,,,,,,,,,,,,,,,,97.52778,13.250827,-0.0005702802,97.52778,13.250827,0.012003575,,,,,,,,,,,,,,,,,,,,,,,,,,,,,97.52778,13.250827,1.0000001e-07,97.52778,13.250827,7.0,,,,,,,
97.52778,13.190868,0.00086271006,97.52778,13.190868,0.00065446977,,,,,,,,,,,,,,,,,,,,,,,,,,,,,,,,,,,,,,,,,,,,,,,,,,,,,,,,,,,,,97.52778,13.190868,0.6111712,97.52778,13.190868,0.24672198,,,,,,,,,,,,,,,,,97.52778,13.280806,0.016269755,97.52778,13.280806,0.0024420847,,,,,,,,,,,,,,,,,,,,,,,,,,,,,97.52778,13.280806,1.0000001e-07,97.52778,13.280806,7.0,,,,,,,
97.52778,13.220847,0.00086271006,97.52778,13.220847,0.0005949724,,,,,,,,,,,,,,,,,,,,,,,,,,,,,,,,,,,,,,,,,,,,,,,,,,,,,,,,,,,,,97.52778,13.220847,0.6234651,97.52778,13.220847,0.059140086,,,,,,,,,,,,,,,,,97.52778,13.310785,0.011368239,97.52778,13.310785,-0.0030082145,,,,,,,,,,,,,,,,,,,,,,,,,,,,,97.52778,13.310785,1.0000001e-07,97.52778,13.310785,7.0,,,,,,,
97.52778,13.250827,0.0007734642,97.52778,13.250827,0.0009222073,,,,,,,,,,,,,,,,,,,,,,,,,,,,,,,,,,,,,,,,,,,,,,,,,,,,,,,,,,,,,97.52778,13.250827,0.38379806,97.52778,13.250827,1.2031331,,,,,,,,,,,,,,,,,97.52778,13.340765,0.006227028,97.52778,13.340765,0.006979256,,,,,,,,,,,,,,,,,,,,,,,,,,,,,97.52778,13.340765,1.0000001e-07,97.52778,13.340765,7.0,,,,,,,
97.52778,13.280806,0.0010709505,97.52778,13.280806,0.00069909263,,,,,,,,,,,,,,,,,,,,,,,,,,,,,,,,,,,,,,,,,,,,,,,,,,,,,,,,,,,,,97.52778,13.280806,1.3176329,97.52778,13.280806,0.4317031,,,,,,,,,,,,,,,,,97.52778,13.370744,-0.00043708354,97.52778,13.370744,-0.0071279877,,,,,,,,,,,,,,,,,,,,,,,,,,,,,97.52778,13.370744,1.0000001e-07,97.52778,13.370744,7.0,,,,,,,
97.52778,13.310785,0.0010560761,97.52778,13.310785,0.0005949724,,,,,,,,,,,,,,,,,,,,,,,,,,,,,,,,,,,,,,,,,,,,,,,,,,,,,,,,,,,,,97.52778,13.310785,1.2495618,97.52778,13.310785,0.042244658,,,,,,,,,,,,,,,,,97.52778,13.400723,0.0048823296,97.52778,13.400723,-0.002414126,,,,,,,,,,,,,,,,,,,,,,,,,,,,,97.52778,13.400723,1.0000001e-07,97.52778,13.400723,7.0,,,,,,,
97.52778,13.340764,0.0009817046,97.52778,13.340764,0.0008032128,,,,,,,,,,,,,,,,,,,,,,,,,,,,,,,,,,,,,,,,,,,,,,,,,,,,,,,,,,,,,97.52778,13.340764,1.0665681,97.52778,13.340764,0.7678629,,,,,,,,,,,,,,,,,97.52778,13.430702,0.0069402764,97.52778,13.430702,0.00031734258,,,,,,,,,,,,,,,,,,,,,,,,,,,,,97.52778,13.430702,1.0000001e-07,97.52778,13.430702,7.0,,,,,,,
97.52778,13.370744,0.00071396696,97.52778,13.370744,0.0005206009,,,,,,,,,,,,,,,,,,,,,,,,,,,,,,,,,,,,,,,,,,,,,,,,,,,,,,,,,,,,,97.52778,13.370744,0.15715726,97.52778,13.370744,-0.22191057,,,,,,,,,,,,,,,,,97.52778,13.460682,0.0016227064,97.52778,13.460682,-0.004265066,,,,,,,,,,,,,,,,,,,,,,,,,,,,,97.52778,13.460682,1.0000001e-07,97.52778,13.460682,7.0,,,,,,,
97.52778,13.4007225,0.00083296146,97.52778,13.4007225,0.0006395954,,,,,,,,,,,,,,,,,,,,,,,,,,,,,,,,,,,,,,,,,,,,,,,,,,,,,,,,,,,,,97.52778,13.4007225,0.52717817,97.52778,13.4007225,0.18455046,,,,,,,,,,,,,,,,,97.52778,13.490661,-0.0023929323,97.52778,13.490661,-0.010684505,,,,,,,,,,,,,,,,,,,,,,,,,,,,,97.52778,13.490661,1.0000001e-07,97.52778,13.490661,7.0,,,,,,,
97.52778,13.430702,0.00090733304,97.52778,13.430702,0.000669344,,,,,,,,,,,,,,,,,,,,,,,,,,,,,,,,,,,,,,,,,,,,,,,,,,,,,,,,,,,,,97.52778,13.430702,0.78756887,97.52778,13.430702,0.28372642,,,,,,,,,,,,,,,,,97.52778,13.52064,0.005207999,97.52778,13.52064,0.0135424435,,,,,,,,,,,,,,,,,,,,,,,,,,,,,97.52778,13.52064,1.0000001e-07,97.52778,13.52064,7.0,,,,,,,
97.52778,13.460681,0.00077346415,97.52778,13.460681,0.0005354752,,,,,,,,,,,,,,,,,,,,,,,,,,,,,,,,,,,,,,,,,,,,,,,,,,,,,,,,,,,,,97.52778,13.460681,0.38015664,97.52778,13.460681,-0.19097221,,,,,,,,,,,,,,,,,97.52778,13.550619,0.006276246,97.52778,13.550619,0.0037174523,,,,,,,,,,,,,,,,,,,,,,,,,,,,,97.52778,13.550619,1.0000001e-07,97.52778,13.550619,7.0,,,,,,,
97.52778,13.490661,0.00083296146,97.52778,13.490661,0.00046110366,,,,,,,,,,,,,,,,,,,,,,,,,,,,,,,,,,,,,,,,,,,,,,,,,,,,,,,,,,,,,97.52778,13.490661,0.4938043,97.52778,13.490661,-0.51712424,,,,,,,,,,,,,,,,,97.52778,13.580599,0.0062362743,97.52778,13.580599,0.0048923623,,,,,,,,,,,,,,,,,,,,,,,,,,,,,97.52778,13.580599,1.0000001e-07,97.52778,13.580599,7.0,,,,,,,
97.52778,13.520639,0.0008924588,97.52778,13.520639,0.0009519559,,,,,,,,,,,,,,,,,,,,,,,,,,,,,,,,,,,,,,,,,,,,,,,,,,,,,,,,,,,,,97.52778,13.520639,0.74830496,97.52778,13.520639,1.3609492,,,,,,,,,,,,,,,,,97.52778,13.610578,0.01669708,97.52778,13.610578,0.0029113854,,,,,,,,,,,,,,,,,,,,,,,,,,,,,97.52778,13.610578,1.0000001e-07,97.52778,13.610578,7.0,,,,,,,
97.52778,13.550619,0.00081808714,97.52778,13.550619,0.0007883385,,,,,,,,,,,,,,,,,,,,,,,,,,,,,,,,,,,,,,,,,,,,,,,,,,,,,,,,,,,,,97.52778,13.550619,0.4997176,97.52778,13.550619,0.713602,,,,,,,,,,,,,,,,,97.52778,13.640557,0.0019815504,97.52778,13.640557,0.0009367498,,,,,,,,,,,,,,,,,,,,,,,,,,,,,97.52778,13.640557,1.0000001e-07,97.52778,13.640557,7.0,,,,,,,
97.52778,13.580598,0.0008924587,97.52778,13.580598,0.0008180871,,,,,,,,,,,,,,,,,,,,,,,,,,,,,,,,,,,,,,,,,,,,,,,,,,,,,,,,,,,,,97.52778,13.580598,0.76481247,97.52778,13.580598,0.83112746,,,,,,,,,,,,,,,,,97.52778,13.670536,0.021387577,97.52778,13.670536,-0.010205148,,,,,,,,,,,,,,,,,,,,,,,,,,,,,97.52778,13.670536,1.0000001e-07,97.52778,13.670536,7.0,,,,,,,
97.52778,13.610578,0.0010709505,97.52778,13.610578,0.00074371556,,,,,,,,,,,,,,,,,,,,,,,,,,,,,,,,,,,,,,,,,,,,,,,,,,,,,,,,,,,,,97.52778,13.610578,1.3313934,97.52778,13.610578,0.5427311,,,,,,,,,,,,,,,,,97.52778,13.700516,-0.0042298064,97.52778,13.700516,0.0016780995,,,,,,,,,,,,,,,,,,,,,,,,,,,,,97.52778,13.700516,1.0000001e-07,97.52778,13.700516,7.0,,,,,,,
97.52778,13.640556,0.0007437155,97.52778,13.640556,0.00065446977,,,,,,,,,,,,,,,,,,,,,,,,,,,,,,,,,,,,,,,,,,,,,,,,,,,,,,,,,,,,,97.52778,13.640556,0.21147738,97.52778,13.640556,0.23858339,,,,,,,,,,,,,,,,,97.52778,13.7304945,-0.0018598129,97.52778,13.7304945,0.0014099237,,,,,,,,,,,,,,,,,,,,,,,,,,,,,97.52778,13.7304945,1.0000001e-07,97.52778,13.7304945,7.0,,,,,,,
97.52778,13.670536,0.0011750706,97.52778,13.670536,0.0004908523,,,,,,,,,,,,,,,,,,,,,,,,,,,,,,,,,,,,,,,,,,,,,,,,,,,,,,,,,,,,,97.52778,13.670536,1.6653665,97.52778,13.670536,-0.36045897,,,,,,,,,,,,,,,,,97.52778,13.760474,0.0016998358,97.52778,13.760474,-0.0014329123,,,,,,,,,,,,,,,,,,,,,,,,,,,,,97.52778,13.760474,1.0000001e-07,97.52778,13.760474,7.0,,,,,,,
97.52778,13.700516,0.00069909263,97.52778,13.700516,0.0007139669,,,,,,,,,,,,,,,,,,,,,,,,,,,,,,,,,,,,,,,,,,,,,,,,,,,,,,,,,,,,,97.52778,13.700516,0.06002984,97.52778,13.700516,0.43515074,,,,,,,,,,,,,,,,,97.52778,13.790453,0.0050852373,97.52778,13.790453,-0.005421258,,,,,,,,,,,,,,,,,,,,,,,,,,,,,97.52778,13.790453,1.0000001e-07,97.52778,13.790453,7.0,,,,,,,
97.52778,13.7304945,0.0007139669,97.52778,13.7304945,0.00068421825,,,,,,,,,,,,,,,,,,,,,,,,,,,,,,,,,,,,,,,,,,,,,,,,,,,,,,,,,,,,,97.52778,13.7304945,0.11655683,97.52778,13.7304945,0.3480847,,,,,,,,,,,,,,,,,97.52778,13.820433,0.014031521,97.52778,13.820433,-0.0051820804,,,,,,,,,,,,,,,,,,,,,,,,,,,,,97.52778,13.820433,1.0000001e-07,97.52778,13.820433,7.0,,,,,,,
97.52778,13.760474,0.00086271006,97.52778,13.760474,0.00072884123,,,,,,,,,,,,,,,,,,,,,,,,,,,,,,,,,,,,,,,,,,,,,,,,,,,,,,,,,,,,,97.52778,13.760474,0.6217135,97.52778,13.760474,0.5255817,,,,,,,,,,,,,,,,,97.52778,13.850411,0.0053346176,97.52778,13.850411,-0.0032874036,,,,,,,,,,,,,,,,,,,,,,,,,,,,,97.52778,13.850411,1.0000001e-07,97.52778,13.850411,7.0,,,,,,,
97.52778,13.790453,0.0009222073,97.52778,13.790453,0.0005652238,,,,,,,,,,,,,,,,,,,,,,,,,,,,,,,,,,,,,,,,,,,,,,,,,,,,,,,,,,,,,97.52778,13.790453,0.8105118,97.52778,13.790453,-0.07531205,,,,,,,,,,,,,,,,,97.52778,13.880391,0.010759231,97.52778,13.880391,-0.008408611,,,,,,,,,,,,,,,,,,,,,,,,,,,,,97.52778,13.880391,1.0000001e-07,97.52778,13.880391,7.0,,,,,,,
97.52778,13.820433,0.0011304477,97.52778,13.820433,0.0006098467,,,,,,,,,,,,,,,,,,,,,,,,,,,,,,,,,,,,,,,,,,,,,,,,,,,,,,,,,,,,,97.52778,13.820433,1.5052792,97.52778,13.820433,0.091132514,,,,,,,,,,,,,,,,,97.52778,13.91037,0.011578052,97.52778,13.91037,-0.00021025015,,,,,,,,,,,,,,,,,,,,,,,,,,,,,97.52778,13.91037,1.0000001e-07,97.52778,13.91037,7.0,,,,,,,
97.52778,13.850411,0.00080321287,97.52778,13.850411,0.0006247211,,,,,,,,,,,,,,,,,,,,,,,,,,,,,,,,,,,,,,,,,,,,,,,,,,,,,,,,,,,,,97.52778,13.850411,0.46100393,97.52778,13.850411,0.17050801,,,,,,,,,,,,,,,,,97.52778,13.94035,0.002623352,97.52778,13.94035,-0.002697491,,,,,,,,,,,,,,,,,,,,,,,,,,,,,97.52778,13.94035,1.0000001e-07,97.52778,13.94035,7.0,,,,,,,
97.52778,13.880391,0.00093708164,97.52778,13.880391,0.0005354752,,,,,,,,,,,,,,,,,,,,,,,,,,,,,,,,,,,,,,,,,,,,,,,,,,,,,,,,,,,,,97.52778,13.880391,0.9056729,97.52778,13.880391,-0.19199711,,,,,,,,,,,,,,,,,97.52778,13.970328,0.002079043,97.52778,13.970328,-0.0044276956,,,,,,,,,,,,,,,,,,,,,,,,,,,,,97.52778,13.970328,1.0000001e-07,97.52778,13.970328,7.0,,,,,,,
97.52778,13.91037,0.001100699,97.52778,13.91037,0.000713967,,,,,,,,,,,,,,,,,,,,,,,,,,,,,,,,,,,,,,,,,,,,,,,,,,,,,,,,,,,,,97.52778,13.91037,1.447885,97.52778,13.91037,0.4225991,,,,,,,,,,,,,,,,,97.52778,14.000308,0.00040336425,97.52778,14.000308,0.0008358314,,,,,,,,,,,,,,,,,,,,,,,,,,,,,97.52778,14.000308,1.0000001e-07,97.52778,14.000308,7.0,,,,,,,
97.52778,13.94035,0.0008180871,97.52778,13.94035,0.0006098467,,,,,,,,,,,,,,,,,,,,,,,,,,,,,,,,,,,,,,,,,,,,,,,,,,,,,,,,,,,,,97.52778,13.94035,0.4912418,97.52778,13.94035,0.0756483,,,,,,,,,,,,,,,,,97.52778,14.030287,0.009457242,97.52778,14.030287,-0.0068107075,,,,,,,,,,,,,,,,,,,,,,,,,,,,,97.52778,14.030287,1.0000001e-07,97.52778,14.030287,7.0,,,,,,,
97.52778,13.970328,0.00084783573,97.52778,13.970328,0.00058009813,,,,,,,,,,,,,,,,,,,,,,,,,,,,,,,,,,,,,,,,,,,,,,,,,,,,,,,,,,,,,97.52778,13.970328,0.60317117,97.52778,13.970328,-0.06538645,,,,,,,,,,,,,,,,,97.52778,14.0602665,0.0028180352,97.52778,14.0602665,0.0009072545,,,,,,,,,,,,,,,,,,,,,,,,,,,,,97.52778,14.0602665,1.0000001e-07,97.52778,14.0602665,7.0,,,,,,,
97.52778,14.000308,0.0007585898,97.52778,14.000308,0.0006990927,,,,,,,,,,,,,,,,,,,,,,,,,,,,,,,,,,,,,,,,,,,,,,,,,,,,,,,,,,,,,97.52778,14.000308,0.27770075,97.52778,14.000308,0.43411088,,,,,,,,,,,,,,,,,97.52778,14.090245,0.004462523,97.52778,14.090245,-0.0044247378,,,,,,,,,,,,,,,,,,,,,,,,,,,,,97.52778,14.090245,1.0000001e-07,97.52778,14.090245,7.0,,,,,,,
97.52778,14.030287,0.00090733304,97.52778,14.030287,0.0005206009,,,,,,,,,,,,,,,,,,,,,,,,,,,,,,,,,,,,,,,,,,,,,,,,,,,,,,,,,,,,,97.52778,14.030287,0.7849878,97.52778,14.030287,-0.24318303,,,,,,,,,,,,,,,,,97.52778,14.120225,0.014863562,97.52778,14.120225,-0.008075606,,,,,,,,,,,,,,,,,,,,,,,,,,,,,97.52778,14.120225,1.0000001e-07,97.52778,14.120225,7.0,,,,,,,
97.52778,14.0602665,0.00087758433,97.52778,14.0602665,0.0006395954,,,,,,,,,,,,,,,,,,,,,,,,,,,,,,,,,,,,,,,,,,,,,,,,,,,,,,,,,,,,,97.52778,14.0602665,0.6681651,97.52778,14.0602665,0.15832624,,,,,,,,,,,,,,,,,97.52778,14.150205,-0.003226031,97.52778,14.150205,-0.005317147,,,,,,,,,,,,,,,,,,,,,,,,,,,,,97.52778,14.150205,1.0000001e-07,97.52778,14.150205,7.0,,,,,,,
97.52778,14.090245,0.0009222073,97.52778,14.090245,0.0005949724,,,,,,,,,,,,,,,,,,,,,,,,,,,,,,,,,,,,,,,,,,,,,,,,,,,,,,,,,,,,,97.52778,14.090245,0.8562299,97.52778,14.090245,0.028664444,,,,,,,,,,,,,,,,,97.52778,14.180183,0.007901352,97.52778,14.180183,-0.0001941582,,,,,,,,,,,,,,,,,,,,,,,,,,,,,97.52778,14.180183,1.0000001e-07,97.52778,14.180183,7.0,,,,,,,
97.52778,14.120225,0.0011155732,97.52778,14.120225,0.00053547515,,,,,,,,,,,,,,,,,,,,,,,,,,,,,,,,,,,,,,,,,,,,,,,,,,,,,,,,,,,,,97.52778,14.120225,1.4884334,97.52778,14.120225,-0.22463444,,,,,,,,,,,,,,,,,97.52778,14.210163,0.0022232872,97.52778,14.210163,0.011577438,,,,,,,,,,,,,,,,,,,,,,,,,,,,,97.52778,14.210163,1.0000001e-07,97.52778,14.210163,7.0,,,,,,,
97.52778,14.150204,0.00068421836,97.52778,14.150204,0.0006098467,,,,,,,,,,,,,,,,,,,,,,,,,,,,,,,,,,,,,,,,,,,,,,,,,,,,,,,,,,,,,97.52778,14.150204,0.045043033,97.52778,14.150204,0.08697847,,,,,,,,,,,,,,,,,97.52778,14.240142,0.0020389776,97.52778,14.240142,0.0052235923,,,,,,,,,,,,,,,,,,,,,,,,,,,,,97.52778,14.240142,1.0000001e-07,97.52778,14.240142,7.0,,,,,,,
97.52778,14.180183,0.0009519559,97.52778,14.180183,0.0006842183,,,,,,,,,,,,,,,,,,,,,,,,,,,,,,,,,,,,,,,,,,,,,,,,,,,,,,,,,,,,,97.52778,14.180183,0.90864587,97.52778,14.180183,0.3701035,,,,,,,,,,,,,,,,,97.52778,14.270122,0.00612994,97.52778,14.270122,0.0017755409,,,,,,,,,,,,,,,,,,,,,,,,,,,,,97.52778,14.270122,1.0000001e-07,97.52778,14.270122,7.0,,,,,,,
97.52778,14.210162,0.0007734642,97.52778,14.210162,0.0008924586,,,,,,,,,,,,,,,,,,,,,,,,,,,,,,,,,,,,,,,,,,,,,,,,,,,,,,,,,,,,,97.52778,14.210162,0.36430842,97.52778,14.210162,1.0435448,,,,,,,,,,,,,,,,,97.52778,14.3001,0.002264859,97.52778,14.3001,0.006943329,,,,,,,,,,,,,,,,,,,,,,,,,,,,,97.52778,14.3001,1.0000001e-07,97.52778,14.3001,7.0,,,,,,,
97.52778,14.240142,0.00075858994,97.52778,14.240142,0.0007585899,,,,,,,,,,,,,,,,,,,,,,,,,,,,,,,,,,,,,,,,,,,,,,,,,,,,,,,,,,,,,97.52778,14.240142,0.29639447,97.52778,14.240142,0.66191024,,,,,,,,,,,,,,,,,97.52778,14.33008,0.020559832,97.52778,14.33008,-0.008845795,,,,,,,,,,,,,,,,,,,,,,,,,,,,,97.52778,14.33008,1.0000001e-07,97.52778,14.33008,7.0,,,,,,,
97.52778,14.270121,0.0008924587,97.52778,14.270121,0.00075858994,,,,,,,,,,,,,,,,,,,,,,,,,,,,,,,,,,,,,,,,,,,,,,,,,,,,,,,,,,,,,97.52778,14.270121,0.7453008,97.52778,14.270121,0.6441934,,,,,,,,,,,,,,,,,97.52778,14.360059,0.019578345,97.52778,14.360059,0.006367624,,,,,,,,,,,,,,,,,,,,,,,,,,,,,97.52778,14.360059,1.0000001e-07,97.52778,14.360059,7.0,,,,,,,
97.52778,14.3001,0.00075858994,97.52778,14.3001,0.0008032128,,,,,,,,,,,,,,,,,,,,,,,,,,,,,,,,,,,,,,,,,,,,,,,,,,,,,,,,,,,,,97.52778,14.3001,0.28280255,97.52778,14.3001,0.7734934,,,,,,,,,,,,,,,,,97.52778,14.3900385,0.006338242,97.52778,14.3900385,0.0019829376,,,,,,,,,,,,,,,,,,,,,,,,,,,,,97.52778,14.3900385,1.0000001e-07,97.52778,14.3900385,7.0,,,,,,,
97.52778,14.330079,0.0011006991,97.52778,14.330079,0.0005206009,,,,,,,,,,,,,,,,,,,,,,,,,,,,,,,,,,,,,,,,,,,,,,,,,,,,,,,,,,,,,97.52778,14.330079,1.437585,97.52778,14.330079,-0.24120967,,,,,,,,,,,,,,,,,97.52778,14.420017,0.00063038006,97.52778,14.420017,-0.0051591927,,,,,,,,,,,,,,,,,,,,,,,,,,,,,97.52778,14.420017,1.0000001e-07,97.52778,14.420017,7.0,,,,,,,
97.52778,14.360059,0.0011750706,97.52778,14.360059,0.0007883386,,,,,,,,,,,,,,,,,,,,,,,,,,,,,,,,,,,,,,,,,,,,,,,,,,,,,,,,,,,,,97.52778,14.360059,1.6511903,97.52778,14.360059,0.66291404,,,,,,,,,,,,,,,,,97.52778,14.449997,0.009939269,97.52778,14.449997,0.00012631848,,,,,,,,,,,,,,,,,,,,,,,,,,,,,97.52778,14.449997,1.0000001e-07,97.52778,14.449997,7.0,,,,,,,
97.52778,14.390038,0.00087758445,97.52778,14.390038,0.00069909263,,,,,,,,,,,,,,,,,,,,,,,,,,,,,,,,,,,,,,,,,,,,,,,,,,,,,,,,,,,,,97.52778,14.390038,0.683567,97.52778,14.390038,0.43670073,,,,,,,,,,,,,,,,,97.52778,14.479976,0.0025924994,97.52778,14.479976,-0.0032538602,,,,,,,,,,,,,,,,,,,,,,,,,,,,,97.52778,14.479976,1.0000001e-07,97.52778,14.479976,7.0,,,,,,,
97.52778,14.420017,0.0007883385,97.52778,14.420017,0.0005800982,,,,,,,,,,,,,,,,,,,,,,,,,,,,,,,,,,,,,,,,,,,,,,,,,,,,,,,,,,,,,97.52778,14.420017,0.41695234,97.52778,14.420017,-0.044895668,,,,,,,,,,,,,,,,,97.52778,14.509955,-0.0011702513,97.52778,14.509955,-0.0004875438,,,,,,,,,,,,,,,,,,,,,,,,,,,,,97.52778,14.509955,1.0000001e-07,97.52778,14.509955,7.0,,,,,,,
97.52778,14.449996,0.0008924587,97.52778,14.449996,0.00068421825,,,,,,,,,,,,,,,,,,,,,,,,,,,,,,,,,,,,,,,,,,,,,,,,,,,,,,,,,,,,,97.52778,14.449996,0.71094257,97.52778,14.449996,0.36231765,,,,,,,,,,,,,,,,,97.52778,14.539934,0.011710379,97.52778,14.539934,-0.0006759949,,,,,,,,,,,,,,,,,,,,,,,,,,,,,97.52778,14.539934,1.0000001e-07,97.52778,14.539934,7.0,,,,,,,
97.52778,14.479976,0.00083296146,97.52778,14.479976,0.0005206009,,,,,,,,,,,,,,,,,,,,,,,,,,,,,,,,,,,,,,,,,,,,,,,,,,,,,,,,,,,,,97.52778,14.479976,0.56197596,97.52778,14.479976,-0.23275314,,,,,,,,,,,,,,,,,97.52778,14.569914,0.015938044,97.52778,14.569914,-0.0010134011,,,,,,,,,,,,,,,,,,,,,,,,,,,,,97.52778,14.569914,1.0000001e-07,97.52778,14.569914,7.0,,,,,,,
97.52778,14.509955,0.0008032128,97.52778,14.509955,0.0006544697,,,,,,,,,,,,,,,,,,,,,,,,,,,,,,,,,,,,,,,,,,,,,,,,,,,,,,,,,,,,,97.52778,14.509955,0.45651054,97.52778,14.509955,0.25051093,,,,,,,,,,,,,,,,,97.52778,14.599893,0.0038639551,97.52778,14.599893,-0.0046039214,,,,,,,,,,,,,,,,,,,,,,,,,,,,,97.52778,14.599893,1.0000001e-07,97.52778,14.599893,7.0,,,,,,,
97.52778,14.539934,0.0010114531,97.52778,14.539934,0.0006098468,,,,,,,,,,,,,,,,,,,,,,,,,,,,,,,,,,,,,,,,,,,,,,,,,,,,,,,,,,,,,97.52778,14.539934,1.1254606,97.52778,14.539934,0.053002253,,,,,,,,,,,,,,,,,97.52778,14.629872,0.02427096,97.52778,14.629872,0.0014995127,,,,,,,,,,,,,,,,,,,,,,,,,,,,,97.52778,14.629872,1.0000001e-07,97.52778,14.629872,7.0,,,,,,,
97.52778,14.569914,0.0010114532,97.52778,14.569914,0.0005949724,,,,,,,,,,,,,,,,,,,,,,,,,,,,,,,,,,,,,,,,,,,,,,,,,,,,,,,,,,,,,97.52778,14.569914,1.108179,97.52778,14.569914,0.0056962604,,,,,,,,,,,,,,,,,97.52778,14.659851,0.0051433328,97.52778,14.659851,0.0016822433,,,,,,,,,,,,,,,,,,,,,,,,,,,,,97.52778,14.659851,1.0000001e-07,97.52778,14.659851,7.0,,,,,,,
97.52778,14.599893,0.00083296135,97.52778,14.599893,0.0005652238,,,,,,,,,,,,,,,,,,,,,,,,,,,,,,,,,,,,,,,,,,,,,,,,,,,,,,,,,,,,,97.52778,14.599893,0.5402839,97.52778,14.599893,-0.06279088,,,,,,,,,,,,,,,,,97.52778,14.689831,0.013171246,97.52778,14.689831,0.0031511816,,,,,,,,,,,,,,,,,,,,,,,,,,,,,97.52778,14.689831,1.0000001e-07,97.52778,14.689831,7.0,,,,,,,
97.52778,14.629872,0.0011899449,97.52778,14.629872,0.00068421825,,,,,,,,,,,,,,,,,,,,,,,,,,,,,,,,,,,,,,,,,,,,,,,,,,,,,,,,,,,,,97.52778,14.629872,1.7639136,97.52778,14.629872,0.31734955,,,,,,,,,,,,,,,,,97.52778,14.71981,-0.0011987989,97.52778,14.71981,-0.0034875209,,,,,,,,,,,,,,,,,,,,,,,,,,,,,97.52778,14.71981,1.0000001e-07,97.52778,14.71981,7.0,,,,,,,
97.52778,14.659851,0.0008478358,97.52778,14.659851,0.00062472105,,,,,,,,,,,,,,,,,,,,,,,,,,,,,,,,,,,,,,,,,,,,,,,,,,,,,,,,,,,,,97.52778,14.659851,0.5877235,97.52778,14.659851,0.14578326,,,,,,,,,,,,,,,,,97.52778,14.749789,0.0039352565,97.52778,14.749789,0.00897698,,,,,,,,,,,,,,,,,,,,,,,,,,,,,97.52778,14.749789,1.0000001e-07,97.52778,14.749789,7.0,,,,,,,
97.52778,14.689831,0.0010560761,97.52778,14.689831,0.0007437155,,,,,,,,,,,,,,,,,,,,,,,,,,,,,,,,,,,,,,,,,,,,,,,,,,,,,,,,,,,,,97.52778,14.689831,1.2604207,97.52778,14.689831,0.52762717,,,,,,,,,,,,,,,,,97.52778,14.779768,0.009889942,97.52778,14.779768,-0.0008866436,,,,,,,,,,,,,,,,,,,,,,,,,,,,,97.52778,14.779768,1.0000001e-07,97.52778,14.779768,7.0,,,,,,,
97.52778,14.71981,0.0007883385,97.52778,14.71981,0.0006395953,,,,,,,,,,,,,,,,,,,,,,,,,,,,,,,,,,,,,,,,,,,,,,,,,,,,,,,,,,,,,97.52778,14.71981,0.3912073,97.52778,14.71981,0.24444366,,,,,,,,,,,,,,,,,97.52778,14.809748,0.01662483,97.52778,14.809748,0.006849608,,,,,,,,,,,,,,,,,,,,,,,,,,,,,97.52778,14.809748,1.0000001e-07,97.52778,14.809748,7.0,,,,,,,
97.52778,14.749789,0.0008478358,97.52778,14.749789,0.00083296146,,,,,,,,,,,,,,,,,,,,,,,,,,,,,,,,,,,,,,,,,,,,,,,,,,,,,,,,,,,,,97.52778,14.749789,0.5833423,97.52778,14.749789,0.90859115,,,,,,,,,,,,,,,,,97.52778,14.839726,0.0021310255,97.52778,14.839726,0.004174294,,,,,,,,,,,,,,,,,,,,,,,,,,,,,97.52778,14.839726,1.0000001e-07,97.52778,14.839726,7.0,,,,,,,
97.52778,14.779768,0.0009222073,97.52778,14.779768,0.00066934404,,,,,,,,,,,,,,,,,,,,,,,,,,,,,,,,,,,,,,,,,,,,,,,,,,,,,,,,,,,,,97.52778,14.779768,0.7890203,97.52778,14.779768,0.28453994,,,,,,,,,,,,,,,,,97.52778,14.869706,0.0029658373,97.52778,14.869706,-0.00285423,,,,,,,,,,,,,,,,,,,,,,,,,,,,,97.52778,14.869706,1.0000001e-07,97.52778,14.869706,7.0,,,,,,,
97.52778,14.809748,0.0010709504,97.52778,14.809748,0.00081808714,,,,,,,,,,,,,,,,,,,,,,,,,,,,,,,,,,,,,,,,,,,,,,,,,,,,,,,,,,,,,97.52778,14.809748,1.2850866,97.52778,14.809748,0.8333251,,,,,,,,,,,,,,,,,97.52778,14.899685,0.018620571,97.52778,14.899685,0.0058302702,,,,,,,,,,,,,,,,,,,,,,,,,,,,,97.52778,14.899685,1.0000001e-07,97.52778,14.899685,7.0,,,,,,,
97.52778,14.839726,0.00083296135,97.52778,14.839726,0.00072884123,,,,,,,,,,,,,,,,,,,,,,,,,,,,,,,,,,,,,,,,,,,,,,,,,,,,,,,,,,,,,97.52778,14.839726,0.55377144,97.52778,14.839726,0.54451585,,,,,,,,,,,,,,,,,97.52778,14.929665,0.009761875,97.52778,14.929665,0.0011698722,,,,,,,,,,,,,,,,,,,,,,,,,,,,,97.52778,14.929665,1.0000001e-07,97.52778,14.929665,7.0,,,,,,,
97.52778,14.869706,0.00083296146,97.52778,14.869706,0.0006395954,,,,,,,,,,,,,,,,,,,,,,,,,,,,,,,,,,,,,,,,,,,,,,,,,,,,,,,,,,,,,97.52778,14.869706,0.56200147,97.52778,14.869706,0.16266172,,,,,,,,,,,,,,,,,97.52778,14.959643,0.0059306673,97.52778,14.959643,0.007187277,,,,,,,,,,,,,,,,,,,,,,,,,,,,,97.52778,14.959643,1.0000001e-07,97.52778,14.959643,7.0,,,,,,,
97.52778,14.899685,0.0010412019,97.52778,14.899685,0.0007585899,,,,,,,,,,,,,,,,,,,,,,,,,,,,,,,,,,,,,,,,,,,,,,,,,,,,,,,,,,,,,97.52778,14.899685,1.1910716,97.52778,14.899685,0.6371591,,,,,,,,,,,,,,,,,97.52778,14.989623,0.006086668,97.52778,14.989623,-0.0072364933,,,,,,,,,,,,,,,,,,,,,,,,,,,,,97.52778,14.989623,1.0000001e-07,97.52778,14.989623,7.0,,,,,,,
97.52778,14.929665,0.0009073329,97.52778,14.929665,0.00071396696,,,,,,,,,,,,,,,,,,,,,,,,,,,,,,,,,,,,,,,,,,,,,,,,,,,,,,,,,,,,,97.52778,14.929665,0.8431847,97.52778,14.929665,0.47137725,,,,,,,,,,,,,,,,,97.52778,15.019603,0.01713496,97.52778,15.019603,-0.0062784664,,,,,,,,,,,,,,,,,,,,,,,,,,,,,97.52778,15.019603,1.0000001e-07,97.52778,15.019603,7.0,,,,,,,
97.52778,14.959643,0.00086271006,97.52778,14.959643,0.0007585899,,,,,,,,,,,,,,,,,,,,,,,,,,,,,,,,,,,,,,,,,,,,,,,,,,,,,,,,,,,,,97.52778,14.959643,0.6138089,97.52778,14.959643,0.65302205,,,,,,,,,,,,,,,,,97.52778,15.049582,0.0056279795,97.52778,15.049582,-0.0044343956,,,,,,,,,,,,,,,,,,,,,,,,,,,,,97.52778,15.049582,1.0000001e-07,97.52778,15.049582,7.0,,,,,,,
97.52778,14.989623,0.00084783573,97.52778,14.989623,0.0005652238,,,,,,,,,,,,,,,,,,,,,,,,,,,,,,,,,,,,,,,,,,,,,,,,,,,,,,,,,,,,,97.52778,14.989623,0.6209229,97.52778,14.989623,-0.08297869,,,,,,,,,,,,,,,,,97.52778,15.079561,0.0072101206,97.52778,15.079561,0.00058206375,,,,,,,,,,,,,,,,,,,,,,,,,,,,,97.52778,15.079561,1.0000001e-07,97.52778,15.079561,7.0,,,,,,,
97.52778,15.019602,0.0010412018,97.52778,15.019602,0.0005503495,,,,,,,,,,,,,,,,,,,,,,,,,,,,,,,,,,,,,,,,,,,,,,,,,,,,,,,,,,,,,97.52778,15.019602,1.2371511,97.52778,15.019602,-0.12986769,,,,,,,,,,,,,,,,,97.52778,15.10954,0.0122993365,97.52778,15.10954,0.0056999736,,,,,,,,,,,,,,,,,,,,,,,,,,,,,97.52778,15.10954,1.0000001e-07,97.52778,15.10954,7.0,,,,,,,
97.52778,15.049582,0.00087758433,97.52778,15.049582,0.0005949724,,,,,,,,,,,,,,,,,,,,,,,,,,,,,,,,,,,,,,,,,,,,,,,,,,,,,,,,,,,,,97.52778,15.049582,0.6929309,97.52778,15.049582,0.015994946,,,,,,,,,,,,,,,,,97.52778,15.13952,0.016115017,97.52778,15.13952,0.001487107,,,,,,,,,,,,,,,,,,,,,,,,,,,,,97.52778,15.13952,1.0000001e-07,97.52778,15.13952,7.0,,,,,,,
97.52778,15.07956,0.00087758433,97.52778,15.07956,0.0006098467,,,,,,,,,,,,,,,,,,,,,,,,,,,,,,,,,,,,,,,,,,,,,,,,,,,,,,,,,,,,,97.52778,15.07956,0.7192037,97.52778,15.07956,0.07527801,,,,,,,,,,,,,,,,,97.52778,15.169498,0.011161506,97.52778,15.169498,-0.0031253966,,,,,,,,,,,,,,,,,,,,,,,,,,,,,97.52778,15.169498,1.0000001e-07,97.52778,15.169498,7.0,,,,,,,
97.52778,15.10954,0.0010114531,97.52778,15.10954,0.0007883385,,,,,,,,,,,,,,,,,,,,,,,,,,,,,,,,,,,,,,,,,,,,,,,,,,,,,,,,,,,,,97.52778,15.10954,1.1535975,97.52778,15.10954,0.7152375,,,,,,,,,,,,,,,,,97.52778,15.199478,0.0067242477,97.52778,15.199478,-0.0010570514,,,,,,,,,,,,,,,,,,,,,,,,,,,,,97.52778,15.199478,1.0000001e-07,97.52778,15.199478,7.0,,,,,,,
97.52778,15.139519,0.0009965788,97.52778,15.139519,0.0006842183,,,,,,,,,,,,,,,,,,,,,,,,,,,,,,,,,,,,,,,,,,,,,,,,,,,,,,,,,,,,,97.52778,15.139519,1.0577521,97.52778,15.139519,0.3906989,,,,,,,,,,,,,,,,,97.52778,15.229457,0.012628946,97.52778,15.229457,0.010580644,,,,,,,,,,,,,,,,,,,,,,,,,,,,,97.52778,15.229457,1.0000001e-07,97.52778,15.229457,7.0,,,,,,,
97.52778,15.169498,0.0009073329,97.52778,15.169498,0.00065446965,,,,,,,,,,,,,,,,,,,,,,,,,,,,,,,,,,,,,,,,,,,,,,,,,,,,,,,,,,,,,97.52778,15.169498,0.76557374,97.52778,15.169498,0.22868657,,,,,,,,,,,,,,,,,97.52778,15.259437,0.0006182577,97.52778,15.259437,4.511492e-05,,,,,,,,,,,,,,,,,,,,,,,,,,,,,97.52778,15.259437,1.0000001e-07,97.52778,15.259437,7.0,,,,,,,
97.52778,15.199477,0.00087758433,97.52778,15.199477,0.00066934404,,,,,,,,,,,,,,,,,,,,,,,,,,,,,,,,,,,,,,,,,,,,,,,,,,,,,,,,,,,,,97.52778,15.199477,0.64866745,97.52778,15.199477,0.29617086,,,,,,,,,,,,,,,,,97.52778,15.289415,0.0013194347,97.52778,15.289415,-0.0012258403,,,,,,,,,,,,,,,,,,,,,,,,,,,,,97.52778,15.289415,1.0000001e-07,97.52778,15.289415,7.0,,,,,,,
97.52778,15.229457,0.000996579,97.52778,15.229457,0.00080321287,,,,,,,,,,,,,,,,,,,,,,,,,,,,,,,,,,,,,,,,,,,,,,,,,,,,,,,,,,,,,97.52778,15.229457,1.0801396,97.52778,15.229457,0.77201855,,,,,,,,,,,,,,,,,97.52778,15.319395,0.009496537,97.52778,15.319395,-0.006270822,,,,,,,,,,,,,,,,,,,,,,,,,,,,,97.52778,15.319395,1.0000001e-07,97.52778,15.319395,7.0,,,,,,,
97.52778,15.259436,0.0007437155,97.52778,15.259436,0.0006693441,,,,,,,,,,,,,,,,,,,,,,,,,,,,,,,,,,,,,,,,,,,,,,,,,,,,,,,,,,,,,97.52778,15.259436,0.21709457,97.52778,15.259436,0.23805274,,,,,,,,,,,,,,,,,97.52778,15.349374,0.008466765,97.52778,15.349374,-0.00023040442,,,,,,,,,,,,,,,,,,,,,,,,,,,,,97.52778,15.349374,1.0000001e-07,97.52778,15.349374,7.0,,,,,,,
97.52778,15.289415,0.00078833854,97.52778,15.289415,0.00058009813,,,,,,,,,,,,,,,,,,,,,,,,,,,,,,,,,,,,,,,,,,,,,,,,,,,,,,,,,,,,,97.52778,15.289415,0.3891593,97.52778,15.289415,-0.0720935,,,,,,,,,,,,,,,,,97.52778,15.379354,0.004905107,97.52778,15.379354,0.009408984,,,,,,,,,,,,,,,,,,,,,,,,,,,,,97.52778,15.379354,1.0000001e-07,97.52778,15.379354,7.0,,,,,,,
97.52778,15.319394,0.00093708164,97.52778,15.319394,0.0005354752,,,,,,,,,,,,,,,,,,,,,,,,,,,,,,,,,,,,,,,,,,,,,,,,,,,,,,,,,,,,,97.52778,15.319394,0.9095305,97.52778,15.319394,-0.19649124,,,,,,,,,,,,,,,,,97.52778,15.409332,0.0056365384,97.52778,15.409332,-0.0058681145,,,,,,,,,,,,,,,,,,,,,,,,,,,,,97.52778,15.409332,1.0000001e-07,97.52778,15.409332,7.0,,,,,,,
97.52778,15.349374,0.0008924587,97.52778,15.349374,0.00069909263,,,,,,,,,,,,,,,,,,,,,,,,,,,,,,,,,,,,,,,,,,,,,,,,,,,,,,,,,,,,,97.52778,15.349374,0.7188274,97.52778,15.349374,0.43426216,,,,,,,,,,,,,,,,,97.52778,15.439312,0.0006604905,97.52778,15.439312,-0.0016665919,,,,,,,,,,,,,,,,,,,,,,,,,,,,,97.52778,15.439312,1.0000001e-07,97.52778,15.439312,7.0,,,,,,,
97.52778,15.379354,0.0008329614,97.52778,15.379354,0.0008180872,,,,,,,,,,,,,,,,,,,,,,,,,,,,,,,,,,,,,,,,,,,,,,,,,,,,,,,,,,,,,97.52778,15.379354,0.49264833,97.52778,15.379354,0.87277305,,,,,,,,,,,,,,,,,97.52778,15.469291,0.0069201454,97.52778,15.469291,-0.007038487,,,,,,,,,,,,,,,,,,,,,,,,,,,,,97.52778,15.469291,1.0000001e-07,97.52778,15.469291,7.0,,,,,,,
97.52778,15.409332,0.00087758445,97.52778,15.409332,0.0005503495,,,,,,,,,,,,,,,,,,,,,,,,,,,,,,,,,,,,,,,,,,,,,,,,,,,,,,,,,,,,,97.52778,15.409332,0.6973674,97.52778,15.409332,-0.17972213,,,,,,,,,,,,,,,,,97.52778,15.49927,0.0025534644,97.52778,15.49927,0.0008006685,,,,,,,,,,,,,,,,,,,,,,,,,,,,,97.52778,15.49927,1.0000001e-07,97.52778,15.49927,7.0,,,,,,,
97.52778,15.439312,0.00071396696,97.52778,15.439312,0.0006098467,,,,,,,,,,,,,,,,,,,,,,,,,,,,,,,,,,,,,,,,,,,,,,,,,,,,,,,,,,,,,97.52778,15.439312,0.110719815,97.52778,15.439312,0.055170264,,,,,,,,,,,,,,,,,97.52778,15.529249,0.0045515974,97.52778,15.529249,0.0035676388,,,,,,,,,,,,,,,,,,,,,,,,,,,,,97.52778,15.529249,1.0000001e-07,97.52778,15.529249,7.0,,,,,,,
97.52778,15.469291,0.00090733304,97.52778,15.469291,0.0005354752,,,,,,,,,,,,,,,,,,,,,,,,,,,,,,,,,,,,,,,,,,,,,,,,,,,,,,,,,,,,,97.52778,15.469291,0.7701272,97.52778,15.469291,-0.21017377,,,,,,,,,,,,,,,,,97.52778,15.559229,0.0012070867,97.52778,15.559229,0.0050813034,,,,,,,,,,,,,,,,,,,,,,,,,,,,,97.52778,15.559229,1.0000001e-07,97.52778,15.559229,7.0,,,,,,,
97.52778,15.49927,0.0007437156,97.52778,15.49927,0.00066934404,,,,,,,,,,,,,,,,,,,,,,,,,,,,,,,,,,,,,,,,,,,,,,,,,,,,,,,,,,,,,97.52778,15.49927,0.23245195,97.52778,15.49927,0.32146215,,,,,,,,,,,,,,,,,97.52778,15.589208,0.0012001542,97.52778,15.589208,-0.00767992,,,,,,,,,,,,,,,,,,,,,,,,,,,,,97.52778,15.589208,1.0000001e-07,97.52778,15.589208,7.0,,,,,,,
97.52778,15.529249,0.0007883385,97.52778,15.529249,0.00072884123,,,,,,,,,,,,,,,,,,,,,,,,,,,,,,,,,,,,,,,,,,,,,,,,,,,,,,,,,,,,,97.52778,15.529249,0.38658333,97.52778,15.529249,0.4834814,,,,,,,,,,,,,,,,,97.52778,15.619187,0.009516306,97.52778,15.619187,0.0022230325,,,,,,,,,,,,,,,,,,,,,,,,,,,,,97.52778,15.619187,1.0000001e-07,97.52778,15.619187,7.0,,,,,,,
97.52778,15.559229,0.0008180872,97.52778,15.559229,0.0007585899,,,,,,,,,,,,,,,,,,,,,,,,,,,,,,,,,,,,,,,,,,,,,,,,,,,,,,,,,,,,,97.52778,15.559229,0.5097072,97.52778,15.559229,0.60926336,,,,,,,,,,,,,,,,,97.52778,15.649166,-0.0029650657,97.52778,15.649166,-0.0019463149,,,,,,,,,,,,,,,,,,,,,,,,,,,,,97.52778,15.649166,1.0000001e-07,97.52778,15.649166,7.0,,,,,,,
97.52778,15.589208,0.0008180871,97.52778,15.589208,0.0005503495,,,,,,,,,,,,,,,,,,,,,,,,,,,,,,,,,,,,,,,,,,,,,,,,,,,,,,,,,,,,,97.52778,15.589208,0.49106967,97.52778,15.589208,-0.11203233,,,,,,,,,,,,,,,,,97.52778,15.679146,-0.001698838,97.52778,15.679146,-0.005602087,,,,,,,,,,,,,,,,,,,,,,,,,,,,,97.52778,15.679146,1.0000001e-07,97.52778,15.679146,7.0,,,,,,,
97.52778,15.619187,0.00090733304,97.52778,15.619187,0.00068421836,,,,,,,,,,,,,,,,,,,,,,,,,,,,,,,,,,,,,,,,,,,,,,,,,,,,,,,,,,,,,97.52778,15.619187,0.8203571,97.52778,15.619187,0.33724335,,,,,,,,,,,,,,,,,97.52778,15.709125,-0.0019283579,97.52778,15.709125,-0.0068738107,,,,,,,,,,,,,,,,,,,,,,,,,,,,,97.52778,15.709125,1.0000001e-07,97.52778,15.709125,7.0,,,,,,,
97.52778,15.649166,0.0007288412,97.52778,15.649166,0.0006990926,,,,,,,,,,,,,,,,,,,,,,,,,,,,,,,,,,,,,,,,,,,,,,,,,,,,,,,,,,,,,97.52778,15.649166,0.1887272,97.52778,15.649166,0.44059992,,,,,,,,,,,,,,,,,97.52778,15.739104,0.004368359,97.52778,15.739104,0.0030999554,,,,,,,,,,,,,,,,,,,,,,,,,,,,,97.52778,15.739104,1.0000001e-07,97.52778,15.739104,7.0,,,,,,,
97.52778,15.679146,0.00065446965,97.52778,15.679146,0.00059497246,,,,,,,,,,,,,,,,,,,,,,,,,,,,,,,,,,,,,,,,,,,,,,,,,,,,,,,,,,,,,97.52778,15.679146,-0.06915539,97.52778,15.679146,-0.017772095,,,,,,,,,,,,,,,,,97.52778,15.769083,-0.007208524,97.52778,15.769083,0.0119103445,,,,,,,,,,,,,,,,,,,,,,,,,,,,,97.52778,15.769083,1.0000001e-07,97.52778,15.769083,7.0,,,,,,,
97.52778,15.709125,0.00072884123,97.52778,15.709125,0.0005503495,,,,,,,,,,,,,,,,,,,,,,,,,,,,,,,,,,,,,,,,,,,,,,,,,,,,,,,,,,,,,97.52778,15.709125,0.19292518,97.52778,15.709125,-0.17641531,,,,,,,,,,,,,,,,,97.52778,15.799063,0.008598495,97.52778,15.799063,0.011758099,,,,,,,,,,,,,,,,,,,,,,,,,,,,,97.52778,15.799063,1.0000001e-07,97.52778,15.799063,7.0,,,,,,,
97.52778,15.739104,0.00083296146,97.52778,15.739104,0.0006395954,,,,,,,,,,,,,,,,,,,,,,,,,,,,,,,,,,,,,,,,,,,,,,,,,,,,,,,,,,,,,97.52778,15.739104,0.5920255,97.52778,15.739104,0.2045248,,,,,,,,,,,,,,,,,97.52778,15.829042,-0.0041394685,97.52778,15.829042,0.0033938752,,,,,,,,,,,,,,,,,,,,,,,,,,,,,97.52778,15.829042,1.0000001e-07,97.52778,15.829042,7.0,,,,,,,
97.52778,15.769083,0.0006098468,97.52778,15.769083,0.00077346415,,,,,,,,,,,,,,,,,,,,,,,,,,,,,,,,,,,,,,,,,,,,,,,,,,,,,,,,,,,,,97.52778,15.769083,-0.18299073,97.52778,15.769083,0.66636026,,,,,,,,,,,,,,,,,97.52778,15.859021,0.0020993778,97.52778,15.859021,0.00023225322,,,,,,,,,,,,,,,,,,,,,,,,,,,,,97.52778,15.859021,1.0000001e-07,97.52778,15.859021,7.0,,,,,,,
97.52778,15.799063,0.00086271006,97.52778,15.799063,0.00083296146,,,,,,,,,,,,,,,,,,,,,,,,,,,,,,,,,,,,,,,,,,,,,,,,,,,,,,,,,,,,,97.52778,15.799063,0.6444968,97.52778,15.799063,0.9042301,,,,,,,,,,,,,,,,,97.52778,15.889001,0.005777186,97.52778,15.889001,0.011287822,,,,,,,,,,,,,,,,,,,,,,,,,,,,,97.52778,15.889001,1.0000001e-07,97.52778,15.889001,7.0,,,,,,,
97.52778,15.8290415,0.00065446965,97.52778,15.8290415,0.00065446965,,,,,,,,,,,,,,,,,,,,,,,,,,,,,,,,,,,,,,,,,,,,,,,,,,,,,,,,,,,,,97.52778,15.8290415,-0.047072466,97.52778,15.8290415,0.23477602,,,,,,,,,,,,,,,,,97.52778,15.91898,0.015101727,97.52778,15.91898,-0.006424133,,,,,,,,,,,,,,,,,,,,,,,,,,,,,97.52778,15.91898,1.0000001e-07,97.52778,15.91898,7.0,,,,,,,
97.52778,15.859021,0.00077346415,97.52778,15.859021,0.0006247211,,,,,,,,,,,,,,,,,,,,,,,,,,,,,,,,,,,,,,,,,,,,,,,,,,,,,,,,,,,,,97.52778,15.859021,0.29396206,97.52778,15.859021,0.13340975,,,,,,,,,,,,,,,,,97.52778,15.948959,0.0045036,97.52778,15.948959,-0.0008617259,,,,,,,,,,,,,,,,,,,,,,,,,,,,,97.52778,15.948959,1.0000001e-07,97.52778,15.948959,7.0,,,,,,,
97.52778,15.889,0.0008329614,97.52778,15.889,0.00087758433,,,,,,,,,,,,,,,,,,,,,,,,,,,,,,,,,,,,,,,,,,,,,,,,,,,,,,,,,,,,,97.52778,15.889,0.52113223,97.52778,15.889,1.0200509,,,,,,,,,,,,,,,,,97.52778,15.978938,0.00020844367,97.52778,15.978938,-0.008119231,,,,,,,,,,,,,,,,,,,,,,,,,,,,,97.52778,15.978938,1.0000001e-07,97.52778,15.978938,7.0,,,,,,,
97.52778,15.91898,0.0009222073,97.52778,15.91898,0.0005652238,,,,,,,,,,,,,,,,,,,,,,,,,,,,,,,,,,,,,,,,,,,,,,,,,,,,,,,,,,,,,97.52778,15.91898,0.83924234,97.52778,15.91898,-0.066443905,,,,,,,,,,,,,,,,,97.52778,16.008917,0.006434458,97.52778,16.008917,0.0063126697,,,,,,,,,,,,,,,,,,,,,,,,,,,,,97.52778,16.008917,1.0000001e-07,97.52778,16.008917,7.0,,,,,,,
97.52778,15.948958,0.00081808714,97.52778,15.948958,0.0006395954,,,,,,,,,,,,,,,,,,,,,,,,,,,,,,,,,,,,,,,,,,,,,,,,,,,,,,,,,,,,,97.52778,15.948958,0.5149561,97.52778,15.948958,0.14991,,,,,,,,,,,,,,,,,97.52778,16.038897,0.0037683158,97.52778,16.038897,-0.0018944881,,,,,,,,,,,,,,,,,,,,,,,,,,,,,97.52778,16.038897,1.0000001e-07,97.52778,16.038897,7.0,,,,,,,
97.52778,15.978938,0.0006842183,97.52778,15.978938,0.0005949724,,,,,,,,,,,,,,,,,,,,,,,,,,,,,,,,,,,,,,,,,,,,,,,,,,,,,,,,,,,,,97.52778,15.978938,0.051221486,97.52778,15.978938,0.026997332,,,,,,,,,,,,,,,,,97.52778,16.068876,0.0053755646,97.52778,16.068876,-0.0019948669,,,,,,,,,,,,,,,,,,,,,,,,,,,,,97.52778,16.068876,1.0000001e-07,97.52778,16.068876,7.0,,,,,,,
97.52778,16.008917,0.0008180871,97.52778,16.008917,0.0007585899,,,,,,,,,,,,,,,,,,,,,,,,,,,,,,,,,,,,,,,,,,,,,,,,,,,,,,,,,,,,,97.52778,16.008917,0.49263927,97.52778,16.008917,0.64308393,,,,,,,,,,,,,,,,,97.52778,16.098856,0.0038909358,97.52778,16.098856,-0.006484942,,,,,,,,,,,,,,,,,,,,,,,,,,,,,97.52778,16.098856,1.0000001e-07,97.52778,16.098856,7.0,,,,,,,
97.52778,16.038897,0.0007883386,97.52778,16.038897,0.0005949724,,,,,,,,,,,,,,,,,,,,,,,,,,,,,,,,,,,,,,,,,,,,,,,,,,,,,,,,,,,,,97.52778,16.038897,0.37422445,97.52778,16.038897,0.012458795,,,,,,,,,,,,,,,,,97.52778,16.128834,-0.0010037345,97.52778,16.128834,0.0016689794,,,,,,,,,,,,,,,,,,,,,,,,,,,,,97.52778,16.128834,1.0000001e-07,97.52778,16.128834,7.0,,,,,,,
97.52778,16.068876,0.00083296135,97.52778,16.068876,0.00065446965,,,,,,,,,,,,,,,,,,,,,,,,,,,,,,,,,,,,,,,,,,,,,,,,,,,,,,,,,,,,,97.52778,16.068876,0.55247194,97.52778,16.068876,0.2494359,,,,,,,,,,,,,,,,,97.52778,16.158813,0.016830705,97.52778,16.158813,0.0007788788,,,,,,,,,,,,,,,,,,,,,,,,,,,,,97.52778,16.158813,1.0000001e-07,97.52778,16.158813,7.0,,,,,,,
97.52778,16.098854,0.0008180871,97.52778,16.098854,0.0005057266,,,,,,,,,,,,,,,,,,,,,,,,,,,,,,,,,,,,,,,,,,,,,,,,,,,,,,,,,,,,,97.52778,16.098854,0.51507336,97.52778,16.098854,-0.32244098,,,,,,,,,,,,,,,,,97.52778,16.188793,0.023158157,97.52778,16.188793,-0.0044381088,,,,,,,,,,,,,,,,,,,,,,,,,,,,,97.52778,16.188793,1.0000001e-07,97.52778,16.188793,7.0,,,,,,,
97.52778,16.128834,0.0007883385,97.52778,16.128834,0.00069909263,,,,,,,,,,,,,,,,,,,,,,,,,,,,,,,,,,,,,,,,,,,,,,,,,,,,,,,,,,,,,97.52778,16.128834,0.38959068,97.52778,16.128834,0.36798832,,,,,,,,,,,,,,,,,97.52778,16.218773,0.0071541723,97.52778,16.218773,0.0013292389,,,,,,,,,,,,,,,,,,,,,,,,,,,,,97.52778,16.218773,1.0000001e-07,97.52778,16.218773,7.0,,,,,,,
97.52778,16.158813,0.0010114532,97.52778,16.158813,0.0006395954,,,,,,,,,,,,,,,,,,,,,,,,,,,,,,,,,,,,,,,,,,,,,,,,,,,,,,,,,,,,,97.52778,16.158813,1.1306771,97.52778,16.158813,0.19404308,,,,,,,,,,,,,,,,,97.52778,16.24875,0.013512823,97.52778,16.24875,0.0065624705,,,,,,,,,,,,,,,,,,,,,,,,,,,,,97.52778,16.24875,1.0000001e-07,97.52778,16.24875,7.0,,,,,,,
97.52778,16.188793,0.0011006991,97.52778,16.188793,0.0005949724,,,,,,,,,,,,,,,,,,,,,,,,,,,,,,,,,,,,,,,,,,,,,,,,,,,,,,,,,,,,,97.52778,16.188793,1.4009999,97.52778,16.188793,0.016561303,,,,,,,,,,,,,,,,,97.52778,16.27873,0.009524707,97.52778,16.27873,-0.001540641,,,,,,,,,,,,,,,,,,,,,,,,,,,,,97.52778,16.27873,1.0000001e-07,97.52778,16.27873,7.0,,,,,,,
97.52778,16.218773,0.00081808714,97.52778,16.218773,0.0006544697,,,,,,,,,,,,,,,,,,,,,,,,,,,,,,,,,,,,,,,,,,,,,,,,,,,,,,,,,,,,,97.52778,16.218773,0.50165486,97.52778,16.218773,0.25664267,,,,,,,,,,,,,,,,,97.52778,16.30871,0.008009519,97.52778,16.30871,0.003397748,,,,,,,,,,,,,,,,,,,,,,,,,,,,,97.52778,16.30871,1.0000001e-07,97.52778,16.30871,7.0,,,,,,,
97.52778,16.24875,0.00090733304,97.52778,16.24875,0.0007139669,,,,,,,,,,,,,,,,,,,,,,,,,,,,,,,,,,,,,,,,,,,,,,,,,,,,,,,,,,,,,97.52778,16.24875,0.72619736,97.52778,16.24875,0.45900875,,,,,,,,,,,,,,,,,97.52778,16.33869,-0.0028665562,97.52778,16.33869,-0.0059668,,,,,,,,,,,,,,,,,,,,,,,,,,,,,97.52778,16.33869,1.0000001e-07,97.52778,16.33869,7.0,,,,,,,
97.52778,16.27873,0.00087758445,97.52778,16.27873,0.0005949724,,,,,,,,,,,,,,,,,,,,,,,,,,,,,,,,,,,,,,,,,,,,,,,,,,,,,,,,,,,,,97.52778,16.27873,0.65287846,97.52778,16.27873,0.009308417,,,,,,,,,,,,,,,,,97.52778,16.368668,0.013581369,97.52778,16.368668,0.0072247568,,,,,,,,,,,,,,,,,,,,,,,,,,,,,97.52778,16.368668,1.0000001e-07,97.52778,16.368668,7.0,,,,,,,
97.52778,16.30871,0.00087758445,97.52778,16.30871,0.0006990926,,,,,,,,,,,,,,,,,,,,,,,,,,,,,,,,,,,,,,,,,,,,,,,,,,,,,,,,,,,,,97.52778,16.30871,0.68472075,97.52778,16.30871,0.3779747,,,,,,,,,,,,,,,,,97.52778,16.398647,0.0074605634,97.52778,16.398647,0.011435493,,,,,,,,,,,,,,,,,,,,,,,,,,,,,97.52778,16.398647,1.0000001e-07,97.52778,16.398647,7.0,,,,,,,
97.52778,16.33869,0.00066934404,97.52778,16.33869,0.0006247211,,,,,,,,,,,,,,,,,,,,,,,,,,,,,,,,,,,,,,,,,,,,,,,,,,,,,,,,,,,,,97.52778,16.33869,-0.0114630265,97.52778,16.33869,0.18312715,,,,,,,,,,,,,,,,,97.52778,16.428627,0.0005799794,97.52778,16.428627,-0.009438586,,,,,,,,,,,,,,,,,,,,,,,,,,,,,97.52778,16.428627,1.0000001e-07,97.52778,16.428627,7.0,,,,,,,
97.52778,16.368668,0.0008924587,97.52778,16.368668,0.0007139669,,,,,,,,,,,,,,,,,,,,,,,,,,,,,,,,,,,,,,,,,,,,,,,,,,,,,,,,,,,,,97.52778,16.368668,0.7259333,97.52778,16.368668,0.4352342,,,,,,,,,,,,,,,,,97.52778,16.458607,0.009516871,97.52778,16.458607,-0.005104035,,,,,,,,,,,,,,,,,,,,,,,,,,,,,97.52778,16.458607,1.0000001e-07,97.52778,16.458607,7.0,,,,,,,
97.52778,16.398647,0.00083296146,97.52778,16.398647,0.0007883385,,,,,,,,,,,,,,,,,,,,,,,,,,,,,,,,,,,,,,,,,,,,,,,,,,,,,,,,,,,,,97.52778,16.398647,0.5496642,97.52778,16.398647,0.72693527,,,,,,,,,,,,,,,,,97.52778,16.488585,-0.0009615912,97.52778,16.488585,0.0029525582,,,,,,,,,,,,,,,,,,,,,,,,,,,,,97.52778,16.488585,1.0000001e-07,97.52778,16.488585,7.0,,,,,,,
97.52778,16.428627,0.0007437156,97.52778,16.428627,0.0004908523,,,,,,,,,,,,,,,,,,,,,,,,,,,,,,,,,,,,,,,,,,,,,,,,,,,,,,,,,,,,,97.52778,16.428627,0.24235593,97.52778,16.428627,-0.32068446,,,,,,,,,,,,,,,,,97.52778,16.518564,-0.0008199633,97.52778,16.518564,-0.0066266493,,,,,,,,,,,,,,,,,,,,,,,,,,,,,97.52778,16.518564,1.0000001e-07,97.52778,16.518564,7.0,,,,,,,
97.52778,16.458607,0.00081808714,97.52778,16.458607,0.0005503495,,,,,,,,,,,,,,,,,,,,,,,,,,,,,,,,,,,,,,,,,,,,,,,,,,,,,,,,,,,,,97.52778,16.458607,0.4769934,97.52778,16.458607,-0.15752397,,,,,,,,,,,,,,,,,97.52778,16.548544,-0.010245175,97.52778,16.548544,-0.00068907806,,,,,,,,,,,,,,,,,,,,,,,,,,,,,97.52778,16.548544,1.0000001e-07,97.52778,16.548544,7.0,,,,,,,
97.52778,16.488585,0.00071396696,97.52778,16.488585,0.00065446965,,,,,,,,,,,,,,,,,,,,,,,,,,,,,,,,,,,,,,,,,,,,,,,,,,,,,,,,,,,,,97.52778,16.488585,0.1555212,97.52778,16.488585,0.23884982,,,,,,,,,,,,,,,,,97.52778,16.578524,0.00016560715,97.52778,16.578524,0.017164418,,,,,,,,,,,,,,,,,,,,,,,,,,,,,97.52778,16.578524,1.0000001e-07,97.52778,16.578524,7.0,,,,,,,
97.52778,16.518564,0.00071396696,97.52778,16.518564,0.00058009813,,,,,,,,,,,,,,,,,,,,,,,,,,,,,,,,,,,,,,,,,,,,,,,,,,,,,,,,,,,,,97.52778,16.518564,0.13114217,97.52778,16.518564,0.03791591,,,,,,,,,,,,,,,,,97.52778,16.608501,-0.0014333357,97.52778,16.608501,-0.0021567089,,,,,,,,,,,,,,,,,,,,,,,,,,,,,97.52778,16.608501,1.0000001e-07,97.52778,16.608501,7.0,,,,,,,
97.52778,16.548544,0.0006098468,97.52778,16.548544,0.00066934404,,,,,,,,,,,,,,,,,,,,,,,,,,,,,,,,,,,,,,,,,,,,,,,,,,,,,,,,,,,,,97.52778,16.548544,-0.13601129,97.52778,16.548544,0.2902682,,,,,,,,,,,,,,,,,97.52778,16.638481,0.01423366,97.52778,16.638481,-0.016653005,,,,,,,,,,,,,,,,,,,,,,,,,,,,,97.52778,16.638481,1.0000001e-07,97.52778,16.638481,7.0,,,,,,,
97.52778,16.578524,0.0007288412,97.52778,16.578524,0.0009370816,,,,,,,,,,,,,,,,,,,,,,,,,,,,,,,,,,,,,,,,,,,,,,,,,,,,,,,,,,,,,97.52778,16.578524,0.16818288,97.52778,16.578524,1.2854347,,,,,,,,,,,,,,,,,97.52778,16.66846,-0.007822971,97.52778,16.66846,-0.0026181163,,,,,,,,,,,,,,,,,,,,,,,,,,,,,97.52778,16.66846,1.0000001e-07,97.52778,16.66846,7.0,,,,,,,
97.52778,16.608501,0.00072884123,97.52778,16.608501,0.0005800982,,,,,,,,,,,,,,,,,,,,,,,,,,,,,,,,,,,,,,,,,,,,,,,,,,,,,,,,,,,,,97.52778,16.608501,0.16669525,97.52778,16.608501,-0.021582207,,,,,,,,,,,,,,,,,97.52778,16.69844,-0.0030394902,97.52778,16.69844,0.003306839,,,,,,,,,,,,,,,,,,,,,,,,,,,,,97.52778,16.69844,1.0000001e-07,97.52778,16.69844,7.0,,,,,,,
97.52778,16.638481,0.0009668303,97.52778,16.638481,0.00043135497,,,,,,,,,,,,,,,,,,,,,,,,,,,,,,,,,,,,,,,,,,,,,,,,,,,,,,,,,,,,,97.52778,16.638481,1.0139824,97.52778,16.638481,-0.5851863,,,,,,,,,,,,,,,,,97.52778,16.72842,-0.008402262,97.52778,16.72842,0.009978887,,,,,,,,,,,,,,,,,,,,,,,,,,,,,97.52778,16.72842,1.0000001e-07,97.52778,16.72842,7.0,,,,,,,
97.52778,16.66846,0.00065446965,97.52778,16.66846,0.00058009813,,,,,,,,,,,,,,,,,,,,,,,,,,,,,,,,,,,,,,,,,,,,,,,,,,,,,,,,,,,,,97.52778,16.66846,-0.066957764,97.52778,16.66846,-0.03713788,,,,,,,,,,,,,,,,,97.52778,16.758398,0.006597922,97.52778,16.758398,-0.007912586,,,,,,,,,,,,,,,,,,,,,,,,,,,,,97.52778,16.758398,1.0000001e-07,97.52778,16.758398,7.0,,,,,,,
97.52778,16.69844,0.0006990926,97.52778,16.69844,0.0006693441,,,,,,,,,,,,,,,,,,,,,,,,,,,,,,,,,,,,,,,,,,,,,,,,,,,,,,,,,,,,,97.52778,16.69844,0.07524855,97.52778,16.69844,0.272335,,,,,,,,,,,,,,,,,97.52778,16.788378,0.0027916783,97.52778,16.788378,0.0033216206,,,,,,,,,,,,,,,,,,,,,,,,,,,,,97.52778,16.788378,1.0000001e-07,97.52778,16.788378,7.0,,,,,,,
97.52778,16.728418,0.00060984667,97.52778,16.728418,0.00078833854,,,,,,,,,,,,,,,,,,,,,,,,,,,,,,,,,,,,,,,,,,,,,,,,,,,,,,,,,,,,,97.52778,16.728418,-0.21613868,97.52778,16.728418,0.70739865,,,,,,,,,,,,,,,,,97.52778,16.818357,0.008032555,97.52778,16.818357,0.009438159,,,,,,,,,,,,,,,,,,,,,,,,,,,,,97.52778,16.818357,1.0000001e-07,97.52778,16.818357,7.0,,,,,,,
97.52778,16.758398,0.00081808714,97.52778,16.758398,0.00050572655,,,,,,,,,,,,,,,,,,,,,,,,,,,,,,,,,,,,,,,,,,,,,,,,,,,,,,,,,,,,,97.52778,16.758398,0.50594026,97.52778,16.758398,-0.27809557,,,,,,,,,,,,,,,,,97.52778,16.848337,0.015995331,97.52778,16.848337,-0.0081659155,,,,,,,,,,,,,,,,,,,,,,,,,,,,,97.52778,16.848337,1.0000001e-07,97.52778,16.848337,7.0,,,,,,,
97.52778,16.788378,0.0007883385,97.52778,16.788378,0.000669344,,,,,,,,,,,,,,,,,,,,,,,,,,,,,,,,,,,,,,,,,,,,,,,,,,,,,,,,,,,,,97.52778,16.788378,0.4183259,97.52778,16.788378,0.3180803,,,,,,,,,,,,,,,,,97.52778,16.878315,-9.596192e-06,97.52778,16.878315,-0.0052528703,,,,,,,,,,,,,,,,,,,,,,,,,,,,,97.52778,16.878315,1.0000001e-07,97.52778,16.878315,7.0,,,,,,,
97.52778,16.818357,0.00080321287,97.52778,16.818357,0.00083296146,,,,,,,,,,,,,,,,,,,,,,,,,,,,,,,,,,,,,,,,,,,,,,,,,,,,,,,,,,,,,97.52778,16.818357,0.46189377,97.52778,16.818357,0.97817016,,,,,,,,,,,,,,,,,97.52778,16.908295,0.0031679058,97.52778,16.908295,-0.0014796646,,,,,,,,,,,,,,,,,,,,,,,,,,,,,97.52778,16.908295,1.0000001e-07,97.52778,16.908295,7.0,,,,,,,
97.52778,16.848335,0.0009370816,97.52778,16.848335,0.0005206009,,,,,,,,,,,,,,,,,,,,,,,,,,,,,,,,,,,,,,,,,,,,,,,,,,,,,,,,,,,,,97.52778,16.848335,0.9098161,97.52778,16.848335,-0.25360623,,,,,,,,,,,,,,,,,97.52778,16.938274,0.0055990447,97.52778,16.938274,0.0005273314,,,,,,,,,,,,,,,,,,,,,,,,,,,,,97.52778,16.938274,1.0000001e-07,97.52778,16.938274,7.0,,,,,,,
97.52778,16.878315,0.00065446977,97.52778,16.878315,0.0005800982,,,,,,,,,,,,,,,,,,,,,,,,,,,,,,,,,,,,,,,,,,,,,,,,,,,,,,,,,,,,,97.52778,16.878315,-0.05822795,97.52778,16.878315,-0.046125837,,,,,,,,,,,,,,,,,97.52778,16.968254,-0.008763115,97.52778,16.968254,0.006383796,,,,,,,,,,,,,,,,,,,,,,,,,,,,,97.52778,16.968254,1.0000001e-07,97.52778,16.968254,7.0,,,,,,,
97.52778,16.908295,0.00075858994,97.52778,16.908295,0.00068421836,,,,,,,,,,,,,,,,,,,,,,,,,,,,,,,,,,,,,,,,,,,,,,,,,,,,,,,,,,,,,97.52778,16.908295,0.2679184,97.52778,16.908295,0.3513298,,,,,,,,,,,,,,,,,97.52778,16.998232,0.0072752205,97.52778,16.998232,-0.00045465952,,,,,,,,,,,,,,,,,,,,,,,,,,,,,97.52778,16.998232,1.0000001e-07,97.52778,16.998232,7.0,,,,,,,
97.52778,16.938274,0.0007585899,97.52778,16.938274,0.00065446965,,,,,,,,,,,,,,,,,,,,,,,,,,,,,,,,,,,,,,,,,,,,,,,,,,,,,,,,,,,,,97.52778,16.938274,0.2907244,97.52778,16.938274,0.20025244,,,,,,,,,,,,,,,,,97.52778,17.028212,0.019199068,97.52778,17.028212,-0.007841938,,,,,,,,,,,,,,,,,,,,,,,,,,,,,97.52778,17.028212,1.0000001e-07,97.52778,17.028212,7.0,,,,,,,
97.52778,16.968252,0.0005800982,97.52778,16.968252,0.00072884123,,,,,,,,,,,,,,,,,,,,,,,,,,,,,,,,,,,,,,,,,,,,,,,,,,,,,,,,,,,,,97.52778,16.968252,-0.32719767,97.52778,16.968252,0.4940593,,,,,,,,,,,,,,,,,97.52778,17.058191,0.0053063575,97.52778,17.058191,-0.00078130676,,,,,,,,,,,,,,,,,,,,,,,,,,,,,97.52778,17.058191,1.0000001e-07,97.52778,17.058191,7.0,,,,,,,
97.52778,16.998232,0.0008180872,97.52778,16.998232,0.0005949724,,,,,,,,,,,,,,,,,,,,,,,,,,,,,,,,,,,,,,,,,,,,,,,,,,,,,,,,,,,,,97.52778,16.998232,0.48154417,97.52778,16.998232,-0.043659173,,,,,,,,,,,,,,,,,97.52778,17.088171,-0.018082129,97.52778,17.088171,-0.0072891926,,,,,,,,,,,,,,,,,,,,,,,,,,,,,97.52778,17.088171,1.0000001e-07,97.52778,17.088171,7.0,,,,,,,
97.52778,17.028212,0.0009817047,97.52778,17.028212,0.0006098468,,,,,,,,,,,,,,,,,,,,,,,,,,,,,,,,,,,,,,,,,,,,,,,,,,,,,,,,,,,,,97.52778,17.028212,1.038433,97.52778,17.028212,0.04523819,,,,,,,,,,,,,,,,,97.52778,17.118149,0.012036348,97.52778,17.118149,0.017646255,,,,,,,,,,,,,,,,,,,,,,,,,,,,,97.52778,17.118149,1.0000001e-07,97.52778,17.118149,7.0,,,,,,,
97.52778,17.058191,0.0008180871,97.52778,17.058191,0.0006098468,,,,,,,,,,,,,,,,,,,,,,,,,,,,,,,,,,,,,,,,,,,,,,,,,,,,,,,,,,,,,97.52778,17.058191,0.43932196,97.52778,17.058191,0.07145246,,,,,,,,,,,,,,,,,97.52778,17.148129,-0.0028697173,97.52778,17.148129,-0.012293119,,,,,,,,,,,,,,,,,,,,,,,,,,,,,97.52778,17.148129,1.0000001e-07,97.52778,17.148129,7.0,,,,,,,
97.52778,17.088171,0.0005206009,97.52778,17.088171,0.00050572655,,,,,,,,,,,,,,,,,,,,,,,,,,,,,,,,,,,,,,,,,,,,,,,,,,,,,,,,,,,,,97.52778,17.088171,-0.51097846,97.52778,17.088171,-0.28653133,,,,,,,,,,,,,,,,,97.52778,17.178108,-0.002447472,97.52778,17.178108,0.009137581,,,,,,,,,,,,,,,,,,,,,,,,,,,,,97.52778,17.178108,1.0000001e-07,97.52778,17.178108,7.0,,,,,,,
97.52778,17.118149,0.00092220743,97.52778,17.118149,0.00087758445,,,,,,,,,,,,,,,,,,,,,,,,,,,,,,,,,,,,,,,,,,,,,,,,,,,,,,,,,,,,,97.52778,17.118149,0.87047434,97.52778,17.118149,1.0556808,,,,,,,,,,,,,,,,,97.52778,17.208088,0.005987145,97.52778,17.208088,0.0013694473,,,,,,,,,,,,,,,,,,,,,,,,,,,,,97.52778,17.208088,1.0000001e-07,97.52778,17.208088,7.0,,,,,,,
97.52778,17.148129,0.0006842183,97.52778,17.148129,0.00047597795,,,,,,,,,,,,,,,,,,,,,,,,,,,,,,,,,,,,,,,,,,,,,,,,,,,,,,,,,,,,,97.52778,17.148129,0.031724162,97.52778,17.148129,-0.3925775,,,,,,,,,,,,,,,,,97.52778,17.238066,0.0028865351,97.52778,17.238066,-0.0070366613,,,,,,,,,,,,,,,,,,,,,,,,,,,,,97.52778,17.238066,1.0000001e-07,97.52778,17.238066,7.0,,,,,,,
97.52778,17.178108,0.0007139669,97.52778,17.178108,0.00077346415,,,,,,,,,,,,,,,,,,,,,,,,,,,,,,,,,,,,,,,,,,,,,,,,,,,,,,,,,,,,,97.52778,17.178108,0.16826288,97.52778,17.178108,0.68350774,,,,,,,,,,,,,,,,,97.52778,17.268045,-0.00242786,97.52778,17.268045,-0.0009553025,,,,,,,,,,,,,,,,,,,,,,,,,,,,,97.52778,17.268045,1.0000001e-07,97.52778,17.268045,7.0,,,,,,,
97.52778,17.208088,0.00084783573,97.52778,17.208088,0.00062472105,,,,,,,,,,,,,,,,,,,,,,,,,,,,,,,,,,,,,,,,,,,,,,,,,,,,,,,,,,,,,97.52778,17.208088,0.61522007,97.52778,17.208088,0.10507572,,,,,,,,,,,,,,,,,97.52778,17.298025,0.00691731,97.52778,17.298025,-0.001969083,,,,,,,,,,,,,,,,,,,,,,,,,,,,,97.52778,17.298025,1.0000001e-07,97.52778,17.298025,7.0,,,,,,,
97.52778,17.238066,0.00083296146,97.52778,17.238066,0.00056522386,,,,,,,,,,,,,,,,,,,,,,,,,,,,,,,,,,,,,,,,,,,,,,,,,,,,,,,,,,,,,97.52778,17.238066,0.55245,97.52778,17.238066,-0.10623868,,,,,,,,,,,,,,,,,97.52778,17.328005,0.015790677,97.52778,17.328005,0.0009912157,,,,,,,,,,,,,,,,,,,,,,,,,,,,,97.52778,17.328005,1.0000001e-07,97.52778,17.328005,7.0,,,,,,,
97.52778,17.268045,0.00068421825,97.52778,17.268045,0.0006098468,,,,,,,,,,,,,,,,,,,,,,,,,,,,,,,,,,,,,,,,,,,,,,,,,,,,,,,,,,,,,97.52778,17.268045,0.03535362,97.52778,17.268045,0.09270131,,,,,,,,,,,,,,,,,97.52778,17.357983,0.0030135943,97.52778,17.357983,0.0049575684,,,,,,,,,,,,,,,,,,,,,,,,,,,,,97.52778,17.357983,1.0000001e-07,97.52778,17.357983,7.0,,,,,,,
97.52778,17.298025,0.00080321287,97.52778,17.298025,0.00062472105,,,,,,,,,,,,,,,,,,,,,,,,,,,,,,,,,,,,,,,,,,,,,,,,,,,,,,,,,,,,,97.52778,17.298025,0.4581961,97.52778,17.298025,0.12825698,,,,,,,,,,,,,,,,,97.52778,17.387962,-0.0010471679,97.52778,17.387962,9.0066445e-05,,,,,,,,,,,,,,,,,,,,,,,,,,,,,97.52778,17.387962,1.0000001e-07,97.52778,17.387962,7.0,,,,,,,
97.52778,17.328005,0.0009519559,97.52778,17.328005,0.00068421836,,,,,,,,,,,,,,,,,,,,,,,,,,,,,,,,,,,,,,,,,,,,,,,,,,,,,,,,,,,,,97.52778,17.328005,0.9523589,97.52778,17.328005,0.33769643,,,,,,,,,,,,,,,,,97.52778,17.417942,0.009362295,97.52778,17.417942,6.758546e-05,,,,,,,,,,,,,,,,,,,,,,,,,,,,,97.52778,17.417942,1.0000001e-07,97.52778,17.417942,7.0,,,,,,,
97.52778,17.357983,0.0007585899,97.52778,17.357983,0.00069909263,,,,,,,,,,,,,,,,,,,,,,,,,,,,,,,,,,,,,,,,,,,,,,,,,,,,,,,,,,,,,97.52778,17.357983,0.29122058,97.52778,17.357983,0.3938405,,,,,,,,,,,,,,,,,97.52778,17.447922,0.0022301413,97.52778,17.447922,0.020277957,,,,,,,,,,,,,,,,,,,,,,,,,,,,,97.52778,17.447922,1.0000001e-07,97.52778,17.447922,7.0,,,,,,,
97.52778,17.387962,0.000713967,97.52778,17.387962,0.0006395954,,,,,,,,,,,,,,,,,,,,,,,,,,,,,,,,,,,,,,,,,,,,,,,,,,,,,,,,,,,,,97.52778,17.387962,0.18255727,97.52778,17.387962,0.19059378,,,,,,,,,,,,,,,,,97.52778,17.477901,-0.002188774,97.52778,17.477901,0.009349708,,,,,,,,,,,,,,,,,,,,,,,,,,,,,97.52778,17.477901,1.0000001e-07,97.52778,17.477901,7.0,,,,,,,
97.52778,17.417942,0.00083296146,97.52778,17.417942,0.00065446965,,,,,,,,,,,,,,,,,,,,,,,,,,,,,,,,,,,,,,,,,,,,,,,,,,,,,,,,,,,,,97.52778,17.417942,0.5510078,97.52778,17.417942,0.2609935,,,,,,,,,,,,,,,,,97.52778,17.50788,-0.0003799351,97.52778,17.50788,0.007023394,,,,,,,,,,,,,,,,,,,,,,,,,,,,,97.52778,17.50788,1.0000001e-07,97.52778,17.50788,7.0,,,,,,,
97.52778,17.447922,0.0007734642,97.52778,17.447922,0.00086271006,,,,,,,,,,,,,,,,,,,,,,,,,,,,,,,,,,,,,,,,,,,,,,,,,,,,,,,,,,,,,97.52778,17.447922,0.34019673,97.52778,17.447922,0.9658887,,,,,,,,,,,,,,,,,97.52778,17.537859,0.0051004896,97.52778,17.537859,-0.0014213268,,,,,,,,,,,,,,,,,,,,,,,,,,,,,97.52778,17.537859,1.0000001e-07,97.52778,17.537859,7.0,,,,,,,
97.52778,17.4779,0.000713967,97.52778,17.4779,0.0007437156,,,,,,,,,,,,,,,,,,,,,,,,,,,,,,,,,,,,,,,,,,,,,,,,,,,,,,,,,,,,,97.52778,17.4779,0.12400423,97.52778,17.4779,0.63775903,,,,,,,,,,,,,,,,,97.52778,17.567839,0.0066919615,97.52778,17.567839,0.0067901574,,,,,,,,,,,,,,,,,,,,,,,,,,,,,97.52778,17.567839,1.0000001e-07,97.52778,17.567839,7.0,,,,,,,
97.52778,17.50788,0.0007883385,97.52778,17.50788,0.0007883385,,,,,,,,,,,,,,,,,,,,,,,,,,,,,,,,,,,,,,,,,,,,,,,,,,,,,,,,,,,,,97.52778,17.50788,0.37913927,97.52778,17.50788,0.7069593,,,,,,,,,,,,,,,,,97.52778,17.597818,0.016769078,97.52778,17.597818,-0.0049878405,,,,,,,,,,,,,,,,,,,,,,,,,,,,,97.52778,17.597818,1.0000001e-07,97.52778,17.597818,7.0,,,,,,,
97.52778,17.537859,0.0008180871,97.52778,17.537859,0.00056522375,,,,,,,,,,,,,,,,,,,,,,,,,,,,,,,,,,,,,,,,,,,,,,,,,,,,,,,,,,,,,97.52778,17.537859,0.49137613,97.52778,17.537859,-0.093790054,,,,,,,,,,,,,,,,,97.52778,17.627796,-0.007033377,97.52778,17.627796,-0.0066797347,,,,,,,,,,,,,,,,,,,,,,,,,,,,,97.52778,17.627796,1.0000001e-07,97.52778,17.627796,7.0,,,,,,,
97.52778,17.567839,0.0008627101,97.52778,17.567839,0.0007585899,,,,,,,,,,,,,,,,,,,,,,,,,,,,,,,,,,,,,,,,,,,,,,,,,,,,,,,,,,,,,97.52778,17.567839,0.6071193,97.52778,17.567839,0.58611745,,,,,,,,,,,,,,,,,97.52778,17.657776,0.013102796,97.52778,17.657776,0.0019447195,,,,,,,,,,,,,,,,,,,,,,,,,,,,,97.52778,17.657776,1.0000001e-07,97.52778,17.657776,7.0,,,,,,,
97.52778,17.597816,0.0009519559,97.52778,17.597816,0.0005354752,,,,,,,,,,,,,,,,,,,,,,,,,,,,,,,,,,,,,,,,,,,,,,,,,,,,,,,,,,,,,97.52778,17.597816,0.8961683,97.52778,17.597816,-0.20731303,,,,,,,,,,,,,,,,,97.52778,17.687756,-0.014727112,97.52778,17.687756,0.004202607,,,,,,,,,,,,,,,,,,,,,,,,,,,,,97.52778,17.687756,1.0000001e-07,97.52778,17.687756,7.0,,,,,,,
97.52778,17.627796,0.00060984667,97.52778,17.627796,0.0005503495,,,,,,,,,,,,,,,,,,,,,,,,,,,,,,,,,,,,,,,,,,,,,,,,,,,,,,,,,,,,,97.52778,17.627796,-0.20238835,97.52778,17.627796,-0.11797839,,,,,,,,,,,,,,,,,97.52778,17.717735,0.012027013,97.52778,17.717735,-0.0027482475,,,,,,,,,,,,,,,,,,,,,,,,,,,,,97.52778,17.717735,1.0000001e-07,97.52778,17.717735,7.0,,,,,,,
97.52778,17.657776,0.0009370816,97.52778,17.657776,0.0006247211,,,,,,,,,,,,,,,,,,,,,,,,,,,,,,,,,,,,,,,,,,,,,,,,,,,,,,,,,,,,,97.52778,17.657776,0.88208723,97.52778,17.657776,0.122976966,,,,,,,,,,,,,,,,,97.52778,17.747713,0.0031852066,97.52778,17.747713,0.0004149898,,,,,,,,,,,,,,,,,,,,,,,,,,,,,97.52778,17.747713,1.0000001e-07,97.52778,17.747713,7.0,,,,,,,
97.52778,17.687756,0.00050572655,97.52778,17.687756,0.00066934404,,,,,,,,,,,,,,,,,,,,,,,,,,,,,,,,,,,,,,,,,,,,,,,,,,,,,,,,,,,,,97.52778,17.687756,-0.56077695,97.52778,17.687756,0.27911937,,,,,,,,,,,,,,,,,97.52778,17.777693,0.009694153,97.52778,17.777693,0.0075925025,,,,,,,,,,,,,,,,,,,,,,,,,,,,,97.52778,17.777693,1.0000001e-07,97.52778,17.777693,7.0,,,,,,,
97.52778,17.717733,0.00084783573,97.52778,17.717733,0.0005503495,,,,,,,,,,,,,,,,,,,,,,,,,,,,,,,,,,,,,,,,,,,,,,,,,,,,,,,,,,,,,97.52778,17.717733,0.6170835,97.52778,17.717733,-0.11121564,,,,,,,,,,,,,,,,,97.52778,17.807673,0.011160325,97.52778,17.807673,-0.0066270605,,,,,,,,,,,,,,,,,,,,,,,,,,,,,97.52778,17.807673,1.0000001e-07,97.52778,17.807673,7.0,,,,,,,
97.52778,17.747713,0.0007437155,97.52778,17.747713,0.0006544697,,,,,,,,,,,,,,,,,,,,,,,,,,,,,,,,,,,,,,,,,,,,,,,,,,,,,,,,,,,,,97.52778,17.747713,0.2778741,97.52778,17.747713,0.27600253,,,,,,,,,,,,,,,,,97.52778,17.837652,-0.0028630504,97.52778,17.837652,-0.010528076,,,,,,,,,,,,,,,,,,,,,,,,,,,,,97.52778,17.837652,1.0000001e-07,97.52778,17.837652,7.0,,,,,,,
97.52778,17.777693,0.00087758433,97.52778,17.777693,0.0006842183,,,,,,,,,,,,,,,,,,,,,,,,,,,,,,,,,,,,,,,,,,,,,,,,,,,,,,,,,,,,,97.52778,17.777693,0.6822126,97.52778,17.777693,0.35039318,,,,,,,,,,,,,,,,,97.52778,17.86763,0.01527755,97.52778,17.86763,-0.009069146,,,,,,,,,,,,,,,,,,,,,,,,,,,,,97.52778,17.86763,1.0000001e-07,97.52778,17.86763,7.0,,,,,,,
97.52778,17.807673,0.0009222073,97.52778,17.807673,0.0005354752,,,,,,,,,,,,,,,,,,,,,,,,,,,,,,,,,,,,,,,,,,,,,,,,,,,,,,,,,,,,,97.52778,17.807673,0.84483325,97.52778,17.807673,-0.2002383,,,,,,,,,,,,,,,,,97.52778,17.89761,0.008503314,97.52778,17.89761,0.0062844083,,,,,,,,,,,,,,,,,,,,,,,,,,,,,97.52778,17.89761,1.0000001e-07,97.52778,17.89761,7.0,,,,,,,
97.52778,17.83765,0.0007437155,97.52778,17.83765,0.00043135503,,,,,,,,,,,,,,,,,,,,,,,,,,,,,,,,,,,,,,,,,,,,,,,,,,,,,,,,,,,,,97.52778,17.83765,0.2550157,97.52778,17.83765,-0.55380094,,,,,,,,,,,,,,,,,97.52778,17.92759,-0.00914208,97.52778,17.92759,0.0016130231,,,,,,,,,,,,,,,,,,,,,,,,,,,,,97.52778,17.92759,1.0000001e-07,97.52778,17.92759,7.0,,,,,,,
97.52778,17.86763,0.000951956,97.52778,17.86763,0.0005503495,,,,,,,,,,,,,,,,,,,,,,,,,,,,,,,,,,,,,,,,,,,,,,,,,,,,,,,,,,,,,97.52778,17.86763,0.92115986,97.52778,17.86763,-0.094357364,,,,,,,,,,,,,,,,,97.52778,17.95757,0.015647387,97.52778,17.95757,0.014884662,,,,,,,,,,,,,,,,,,,,,,,,,,,,,97.52778,17.95757,1.0000001e-07,97.52778,17.95757,7.0,,,,,,,
97.52778,17.89761,0.00084783573,97.52778,17.89761,0.00069909263,,,,,,,,,,,,,,,,,,,,,,,,,,,,,,,,,,,,,,,,,,,,,,,,,,,,,,,,,,,,,97.52778,17.89761,0.5549101,97.52778,17.89761,0.376829,,,,,,,,,,,,,,,,,97.52778,17.987547,0.0011781123,97.52778,17.987547,0.0031212878,,,,,,,,,,,,,,,,,,,,,,,,,,,,,97.52778,17.987547,1.0000001e-07,97.52778,17.987547,7.0,,,,,,,
97.52778,17.92759,0.0006098467,97.52778,17.92759,0.0006544697,,,,,,,,,,,,,,,,,,,,,,,,,,,,,,,,,,,,,,,,,,,,,,,,,,,,,,,,,,,,,97.52778,17.92759,-0.2222035,97.52778,17.92759,0.21261336,,,,,,,,,,,,,,,,,97.52778,18.017527,0.0006384686,97.52778,18.017527,-0.0017786736,,,,,,,,,,,,,,,,,,,,,,,,,,,,,97.52778,18.017527,1.0000001e-07,97.52778,18.017527,7.0,,,,,,,
97.52778,17.95757,0.00090733304,97.52778,17.95757,0.00081808714,,,,,,,,,,,,,,,,,,,,,,,,,,,,,,,,,,,,,,,,,,,,,,,,,,,,,,,,,,,,,97.52778,17.95757,0.8085953,97.52778,17.95757,0.8546754,,,,,,,,,,,,,,,,,97.52778,18.047506,0.01767744,97.52778,18.047506,0.007691496,,,,,,,,,,,,,,,,,,,,,,,,,,,,,97.52778,18.047506,1.0000001e-07,97.52778,18.047506,7.0,,,,,,,
97.52778,17.987547,0.00077346415,97.52778,17.987547,0.0006842183,,,,,,,,,,,,,,,,,,,,,,,,,,,,,,,,,,,,,,,,,,,,,,,,,,,,,,,,,,,,,97.52778,17.987547,0.3453308,97.52778,17.987547,0.3332957,,,,,,,,,,,,,,,,,97.52778,18.077486,0.0009401336,97.52778,18.077486,-0.013683367,,,,,,,,,,,,,,,,,,,,,,,,,,,,,97.52778,18.077486,1.0000001e-07,97.52778,18.077486,7.0,,,,,,,
97.52778,18.017527,0.00066934404,97.52778,18.017527,0.0005354752,,,,,,,,,,,,,,,,,,,,,,,,,,,,,,,,,,,,,,,,,,,,,,,,,,,,,,,,,,,,,97.52778,18.017527,0.0017683572,97.52778,18.017527,-0.17698401,,,,,,,,,,,,,,,,,97.52778,18.107464,0.003375303,97.52778,18.107464,0.010529341,,,,,,,,,,,,,,,,,,,,,,,,,,,,,97.52778,18.107464,1.0000001e-07,97.52778,18.107464,7.0,,,,,,,
97.52778,18.047506,0.0009222073,97.52778,18.047506,0.00074371556,,,,,,,,,,,,,,,,,,,,,,,,,,,,,,,,,,,,,,,,,,,,,,,,,,,,,,,,,,,,,97.52778,18.047506,0.8148902,97.52778,18.047506,0.5904152,,,,,,,,,,,,,,,,,97.52778,18.137444,-0.00012322536,97.52778,18.137444,0.0051784758,,,,,,,,,,,,,,,,,,,,,,,,,,,,,97.52778,18.137444,1.0000001e-07,97.52778,18.137444,7.0,,,,,,,
97.52778,18.077486,0.000713967,97.52778,18.077486,0.0004908523,,,,,,,,,,,,,,,,,,,,,,,,,,,,,,,,,,,,,,,,,,,,,,,,,,,,,,,,,,,,,97.52778,18.077486,0.16422588,97.52778,18.077486,-0.37875426,,,,,,,,,,,,,,,,,97.52778,18.167423,0.0008711192,97.52778,18.167423,0.0057961214,,,,,,,,,,,,,,,,,,,,,,,,,,,,,97.52778,18.167423,1.0000001e-07,97.52778,18.167423,7.0,,,,,,,
97.52778,18.107464,0.00069909263,97.52778,18.107464,0.0007437155,,,,,,,,,,,,,,,,,,,,,,,,,,,,,,,,,,,,,,,,,,,,,,,,,,,,,,,,,,,,,97.52778,18.107464,0.057815842,97.52778,18.107464,0.55912405,,,,,,,,,,,,,,,,,97.52778,18.197403,0.0069340914,97.52778,18.197403,0.011519253,,,,,,,,,,,,,,,,,,,,,,,,,,,,,97.52778,18.197403,1.0000001e-07,97.52778,18.197403,7.0,,,,,,,
97.52778,18.137444,0.0007139669,97.52778,18.137444,0.0006395954,,,,,,,,,,,,,,,,,,,,,,,,,,,,,,,,,,,,,,,,,,,,,,,,,,,,,,,,,,,,,97.52778,18.137444,0.12982477,97.52778,18.137444,0.20687585,,,,,,,,,,,,,,,,,97.52778,18.22738,-0.0014513632,97.52778,18.22738,-0.012045662,,,,,,,,,,,,,,,,,,,,,,,,,,,,,97.52778,18.22738,1.0000001e-07,97.52778,18.22738,7.0,,,,,,,
97.52778,18.167423,0.00075858977,97.52778,18.167423,0.00069909263,,,,,,,,,,,,,,,,,,,,,,,,,,,,,,,,,,,,,,,,,,,,,,,,,,,,,,,,,,,,,97.52778,18.167423,0.29237577,97.52778,18.167423,0.3900974,,,,,,,,,,,,,,,,,97.52778,18.25736,-0.004777433,97.52778,18.25736,0.0043344665,,,,,,,,,,,,,,,,,,,,,,,,,,,,,97.52778,18.25736,1.0000001e-07,97.52778,18.25736,7.0,,,,,,,
97.52778,18.197403,0.00080321287,97.52778,18.197403,0.0007437156,,,,,,,,,,,,,,,,,,,,,,,,,,,,,,,,,,,,,,,,,,,,,,,,,,,,,,,,,,,,,97.52778,18.197403,0.4547752,97.52778,18.197403,0.621883,,,,,,,,,,,,,,,,,97.52778,18.28734,-0.013879709,97.52778,18.28734,-0.0038874103,,,,,,,,,,,,,,,,,,,,,,,,,,,,,97.52778,18.28734,1.0000001e-07,97.52778,18.28734,7.0,,,,,,,
97.52778,18.22738,0.00066934404,97.52778,18.22738,0.0005354752,,,,,,,,,,,,,,,,,,,,,,,,,,,,,,,,,,,,,,,,,,,,,,,,,,,,,,,,,,,,,97.52778,18.22738,0.016313221,97.52778,18.22738,-0.16256878,,,,,,,,,,,,,,,,,97.52778,18.31732,0.0011167586,97.52778,18.31732,0.0064539406,,,,,,,,,,,,,,,,,,,,,,,,,,,,,97.52778,18.31732,1.0000001e-07,97.52778,18.31732,7.0,,,,,,,
97.52778,18.25736,0.0006544697,97.52778,18.25736,0.0006395953,,,,,,,,,,,,,,,,,,,,,,,,,,,,,,,,,,,,,,,,,,,,,,,,,,,,,,,,,,,,,97.52778,18.25736,-0.070614286,97.52778,18.25736,0.15738373,,,,,,,,,,,,,,,,,97.52778,18.3473,0.008140341,97.52778,18.3473,-0.014361115,,,,,,,,,,,,,,,,,,,,,,,,,,,,,97.52778,18.3473,1.0000001e-07,97.52778,18.3473,7.0,,,,,,,
97.52778,18.28734,0.0005652238,97.52778,18.28734,0.0005949724,,,,,,,,,,,,,,,,,,,,,,,,,,,,,,,,,,,,,,,,,,,,,,,,,,,,,,,,,,,,,97.52778,18.28734,-0.36113012,97.52778,18.28734,0.014813668,,,,,,,,,,,,,,,,,97.52778,18.377277,-0.003798972,97.52778,18.377277,-0.0010187001,,,,,,,,,,,,,,,,,,,,,,,,,,,,,97.52778,18.377277,1.0000001e-07,97.52778,18.377277,7.0,,,,,,,
97.52778,18.31732,0.00072884135,97.52778,18.31732,0.00068421825,,,,,,,,,,,,,,,,,,,,,,,,,,,,,,,,,,,,,,,,,,,,,,,,,,,,,,,,,,,,,97.52778,18.31732,0.1748346,97.52778,18.31732,0.33680677,,,,,,,,,,,,,,,,,97.52778,18.407257,-0.012144816,97.52778,18.407257,0.007970638,,,,,,,,,,,,,,,,,,,,,,,,,,,,,97.52778,18.407257,1.0000001e-07,97.52778,18.407257,7.0,,,,,,,
97.52778,18.347298,0.00078833854,97.52778,18.347298,0.00043135497,,,,,,,,,,,,,,,,,,,,,,,,,,,,,,,,,,,,,,,,,,,,,,,,,,,,,,,,,,,,,97.52778,18.347298,0.36559933,97.52778,18.347298,-0.58993757,,,,,,,,,,,,,,,,,97.52778,18.437237,-0.0008433931,97.52778,18.437237,-0.0038514112,,,,,,,,,,,,,,,,,,,,,,,,,,,,,97.52778,18.437237,1.0000001e-07,97.52778,18.437237,7.0,,,,,,,
97.52778,18.377277,0.00066934404,97.52778,18.377277,0.000669344,,,,,,,,,,,,,,,,,,,,,,,,,,,,,,,,,,,,,,,,,,,,,,,,,,,,,,,,,,,,,97.52778,18.377277,0.02104689,97.52778,18.377277,0.26996604,,,,,,,,,,,,,,,,,97.52778,18.467216,0.0053630774,97.52778,18.467216,0.013775036,,,,,,,,,,,,,,,,,,,,,,,,,,,,,97.52778,18.467216,1.0000001e-07,97.52778,18.467216,7.0,,,,,,,
97.52778,18.407257,0.0005949724,97.52778,18.407257,0.0007734642,,,,,,,,,,,,,,,,,,,,,,,,,,,,,,,,,,,,,,,,,,,,,,,,,,,,,,,,,,,,,97.52778,18.407257,-0.27224648,97.52778,18.407257,0.7153951,,,,,,,,,,,,,,,,,97.52778,18.497194,-0.0051973443,97.52778,18.497194,0.0039182445,,,,,,,,,,,,,,,,,,,,,,,,,,,,,97.52778,18.497194,1.0000001e-07,97.52778,18.497194,7.0,,,,,,,
97.52778,18.437237,0.00071396696,97.52778,18.437237,0.0005354752,,,,,,,,,,,,,,,,,,,,,,,,,,,,,,,,,,,,,,,,,,,,,,,,,,,,,,,,,,,,,97.52778,18.437237,0.11699668,97.52778,18.437237,-0.22391751,,,,,,,,,,,,,,,,,97.52778,18.527174,1.9116638e-05,97.52778,18.527174,-0.0034786789,,,,,,,,,,,,,,,,,,,,,,,,,,,,,97.52778,18.527174,1.0000001e-07,97.52778,18.527174,7.0,,,,,,,
97.52778,18.467215,0.0007883385,97.52778,18.467215,0.0007883385,,,,,,,,,,,,,,,,,,,,,,,,,,,,,,,,,,,,,,,,,,,,,,,,,,,,,,,,,,,,,97.52778,18.467215,0.3627352,97.52778,18.467215,0.70543206,,,,,,,,,,,,,,,,,97.52778,18.557154,0.0023994844,97.52778,18.557154,-0.001566957,,,,,,,,,,,,,,,,,,,,,,,,,,,,,97.52778,18.557154,1.0000001e-07,97.52778,18.557154,7.0,,,,,,,
97.52778,18.497194,0.0006098468,97.52778,18.497194,0.0006395953,,,,,,,,,,,,,,,,,,,,,,,,,,,,,,,,,,,,,,,,,,,,,,,,,,,,,,,,,,,,,97.52778,18.497194,-0.22908027,97.52778,18.497194,0.18723764,,,,,,,,,,,,,,,,,97.52778,18.587133,0.010181817,97.52778,18.587133,0.002466727,,,,,,,,,,,,,,,,,,,,,,,,,,,,,97.52778,18.587133,1.0000001e-07,97.52778,18.587133,7.0,,,,,,,
97.52778,18.527174,0.0007585899,97.52778,18.527174,0.0006098467,,,,,,,,,,,,,,,,,,,,,,,,,,,,,,,,,,,,,,,,,,,,,,,,,,,,,,,,,,,,,97.52778,18.527174,0.318756,97.52778,18.527174,0.057013616,,,,,,,,,,,,,,,,,97.52778,18.617111,0.013340481,97.52778,18.617111,-0.00087280374,,,,,,,,,,,,,,,,,,,,,,,,,,,,,97.52778,18.617111,1.0000001e-07,97.52778,18.617111,7.0,,,,,,,
97.52778,18.557154,0.0007288412,97.52778,18.557154,0.00065446965,,,,,,,,,,,,,,,,,,,,,,,,,,,,,,,,,,,,,,,,,,,,,,,,,,,,,,,,,,,,,97.52778,18.557154,0.19146082,97.52778,18.557154,0.21881287,,,,,,,,,,,,,,,,,97.52778,18.64709,-0.002321084,97.52778,18.64709,0.008758479,,,,,,,,,,,,,,,,,,,,,,,,,,,,,97.52778,18.64709,1.0000001e-07,97.52778,18.64709,7.0,,,,,,,
97.52778,18.587132,0.0007883385,97.52778,18.587132,0.00065446977,,,,,,,,,,,,,,,,,,,,,,,,,,,,,,,,,,,,,,,,,,,,,,,,,,,,,,,,,,,,,97.52778,18.587132,0.41738334,97.52778,18.587132,0.22777441,,,,,,,,,,,,,,,,,97.52778,18.67707,0.0026250929,97.52778,18.67707,0.0026516216,,,,,,,,,,,,,,,,,,,,,,,,,,,,,97.52778,18.67707,1.0000001e-07,97.52778,18.67707,7.0,,,,,,,
97.52778,18.617111,0.00081808714,97.52778,18.617111,0.00058009813,,,,,,,,,,,,,,,,,,,,,,,,,,,,,,,,,,,,,,,,,,,,,,,,,,,,,,,,,,,,,97.52778,18.617111,0.53181255,97.52778,18.617111,0.007266937,,,,,,,,,,,,,,,,,97.52778,18.70705,0.029304445,97.52778,18.70705,0.015485038,,,,,,,,,,,,,,,,,,,,,,,,,,,,,97.52778,18.70705,1.0000001e-07,97.52778,18.70705,7.0,,,,,,,
97.52778,18.64709,0.0007139669,97.52778,18.64709,0.00065446965,,,,,,,,,,,,,,,,,,,,,,,,,,,,,,,,,,,,,,,,,,,,,,,,,,,,,,,,,,,,,97.52778,18.64709,0.158556,97.52778,18.64709,0.24477509,,,,,,,,,,,,,,,,,97.52778,18.737028,0.0027797136,97.52778,18.737028,-0.006864667,,,,,,,,,,,,,,,,,,,,,,,,,,,,,97.52778,18.737028,1.0000001e-07,97.52778,18.737028,7.0,,,,,,,
97.52778,18.67707,0.00072884123,97.52778,18.67707,0.00066934404,,,,,,,,,,,,,,,,,,,,,,,,,,,,,,,,,,,,,,,,,,,,,,,,,,,,,,,,,,,,,97.52778,18.67707,0.20407581,97.52778,18.67707,0.28066608,,,,,,,,,,,,,,,,,97.52778,18.767008,0.005039451,97.52778,18.767008,0.008516446,,,,,,,,,,,,,,,,,,,,,,,,,,,,,97.52778,18.767008,1.0000001e-07,97.52778,18.767008,7.0,,,,,,,
97.52778,18.707048,0.0009817046,97.52778,18.707048,0.0007585899,,,,,,,,,,,,,,,,,,,,,,,,,,,,,,,,,,,,,,,,,,,,,,,,,,,,,,,,,,,,,97.52778,18.707048,1.0638006,97.52778,18.707048,0.586724,,,,,,,,,,,,,,,,,97.52778,18.796988,0.022708554,97.52778,18.796988,0.0040849927,,,,,,,,,,,,,,,,,,,,,,,,,,,,,97.52778,18.796988,1.0000001e-07,97.52778,18.796988,7.0,,,,,,,
97.52778,18.737028,0.0007585899,97.52778,18.737028,0.0005949724,,,,,,,,,,,,,,,,,,,,,,,,,,,,,,,,,,,,,,,,,,,,,,,,,,,,,,,,,,,,,97.52778,18.737028,0.27973488,97.52778,18.737028,0.03692112,,,,,,,,,,,,,,,,,97.52778,18.826967,-0.0044434606,97.52778,18.826967,0.0166082,,,,,,,,,,,,,,,,,,,,,,,,,,,,,97.52778,18.826967,1.0000001e-07,97.52778,18.826967,7.0,,,,,,,
97.52778,18.767008,0.0007585899,97.52778,18.767008,0.00074371556,,,,,,,,,,,,,,,,,,,,,,,,,,,,,,,,,,,,,,,,,,,,,,,,,,,,,,,,,,,,,97.52778,18.767008,0.28115717,97.52778,18.767008,0.5569136,,,,,,,,,,,,,,,,,97.52778,18.856945,-0.0011920431,97.52778,18.856945,0.0017638612,,,,,,,,,,,,,,,,,,,,,,,,,,,,,97.52778,18.856945,1.0000001e-07,97.52778,18.856945,7.0,,,,,,,
97.52778,18.796988,0.00093708164,97.52778,18.796988,0.00062472105,,,,,,,,,,,,,,,,,,,,,,,,,,,,,,,,,,,,,,,,,,,,,,,,,,,,,,,,,,,,,97.52778,18.796988,0.87372154,97.52778,18.796988,0.11623648,,,,,,,,,,,,,,,,,97.52778,18.886925,0.0053767096,97.52778,18.886925,-0.0059641916,,,,,,,,,,,,,,,,,,,,,,,,,,,,,97.52778,18.886925,1.0000001e-07,97.52778,18.886925,7.0,,,,,,,
97.52778,18.826967,0.00071396696,97.52778,18.826967,0.0007734641,,,,,,,,,,,,,,,,,,,,,,,,,,,,,,,,,,,,,,,,,,,,,,,,,,,,,,,,,,,,,97.52778,18.826967,0.13002566,97.52778,18.826967,0.67374825,,,,,,,,,,,,,,,,,97.52778,18.916904,-0.00079365156,97.52778,18.916904,-0.0022600677,,,,,,,,,,,,,,,,,,,,,,,,,,,,,97.52778,18.916904,1.0000001e-07,97.52778,18.916904,7.0,,,,,,,
97.52778,18.856945,0.00068421825,97.52778,18.856945,0.0006544697,,,,,,,,,,,,,,,,,,,,,,,,,,,,,,,,,,,,,,,,,,,,,,,,,,,,,,,,,,,,,97.52778,18.856945,0.05087018,97.52778,18.856945,0.19757363,,,,,,,,,,,,,,,,,97.52778,18.946884,-0.003114159,97.52778,18.946884,-0.019491455,,,,,,,,,,,,,,,,,,,,,,,,,,,,,97.52778,18.946884,1.0000001e-07,97.52778,18.946884,7.0,,,,,,,
97.52778,18.886925,0.00081808714,97.52778,18.886925,0.0005503495,,,,,,,,,,,,,,,,,,,,,,,,,,,,,,,,,,,,,,,,,,,,,,,,,,,,,,,,,,,,,97.52778,18.886925,0.47295147,97.52778,18.886925,-0.14600118,,,,,,,,,,,,,,,,,97.52778,18.976862,0.012325762,97.52778,18.976862,0.0020364574,,,,,,,,,,,,,,,,,,,,,,,,,,,,,97.52778,18.976862,1.0000001e-07,97.52778,18.976862,7.0,,,,,,,
97.52778,18.916904,0.00066934404,97.52778,18.916904,0.0005949724,,,,,,,,,,,,,,,,,,,,,,,,,,,,,,,,,,,,,,,,,,,,,,,,,,,,,,,,,,,,,97.52778,18.916904,0.032408,97.52778,18.916904,0.0589238,,,,,,,,,,,,,,,,,97.52778,19.006842,0.007055531,97.52778,19.006842,0.007861539,,,,,,,,,,,,,,,,,,,,,,,,,,,,,97.52778,19.006842,1.0000001e-07,97.52778,19.006842,7.0,,,,,,,
97.52778,18.946884,0.0006842183,97.52778,18.946884,0.00043135497,,,,,,,,,,,,,,,,,,,,,,,,,,,,,,,,,,,,,,,,,,,,,,,,,,,,,,,,,,,,,97.52778,18.946884,0.029919108,97.52778,18.946884,-0.57640433,,,,,,,,,,,,,,,,,97.52778,19.036821,0.000617692,97.52778,19.036821,-0.0005670667,,,,,,,,,,,,,,,,,,,,,,,,,,,,,97.52778,19.036821,1.0000001e-07,97.52778,19.036821,7.0,,,,,,,
97.52778,18.976862,0.00080321287,97.52778,18.976862,0.0006395954,,,,,,,,,,,,,,,,,,,,,,,,,,,,,,,,,,,,,,,,,,,,,,,,,,,,,,,,,,,,,97.52778,18.976862,0.44055596,97.52778,18.976862,0.14160778,,,,,,,,,,,,,,,,,97.52778,19.066801,0.01730416,97.52778,19.066801,0.012012516,,,,,,,,,,,,,,,,,,,,,,,,,,,,,97.52778,19.066801,1.0000001e-07,97.52778,19.066801,7.0,,,,,,,
97.52778,19.006842,0.0007734642,97.52778,19.006842,0.00069909263,,,,,,,,,,,,,,,,,,,,,,,,,,,,,,,,,,,,,,,,,,,,,,,,,,,,,,,,,,,,,97.52778,19.006842,0.33878008,97.52778,19.006842,0.4508599,,,,,,,,,,,,,,,,,97.52778,19.096779,-0.0028185162,97.52778,19.096779,0.008107219,,,,,,,,,,,,,,,,,,,,,,,,,,,,,97.52778,19.096779,1.0000001e-07,97.52778,19.096779,7.0,,,,,,,
97.52778,19.036821,0.00072884123,97.52778,19.036821,0.00059497246,,,,,,,,,,,,,,,,,,,,,,,,,,,,,,,,,,,,,,,,,,,,,,,,,,,,,,,,,,,,,97.52778,19.036821,0.20897546,97.52778,19.036821,0.024578912,,,,,,,,,,,,,,,,,97.52778,19.126759,0.0052516824,97.52778,19.126759,0.010682399,,,,,,,,,,,,,,,,,,,,,,,,,,,,,97.52778,19.126759,1.0000001e-07,97.52778,19.126759,7.0,,,,,,,
97.52778,19.066801,0.00087758433,97.52778,19.066801,0.00078833854,,,,,,,,,,,,,,,,,,,,,,,,,,,,,,,,,,,,,,,,,,,,,,,,,,,,,,,,,,,,,97.52778,19.066801,0.6536917,97.52778,19.066801,0.69569206,,,,,,,,,,,,,,,,,97.52778,19.156738,0.009767782,97.52778,19.156738,-0.0033242078,,,,,,,,,,,,,,,,,,,,,,,,,,,,,97.52778,19.156738,1.0000001e-07,97.52778,19.156738,7.0,,,,,,,
97.52778,19.096779,0.00069909263,97.52778,19.096779,0.00071396696,,,,,,,,,,,,,,,,,,,,,,,,,,,,,,,,,,,,,,,,,,,,,,,,,,,,,,,,,,,,,97.52778,19.096779,0.13456923,97.52778,19.096779,0.46823788,,,,,,,,,,,,,,,,,97.52778,19.186718,0.014397346,97.52778,19.186718,0.0090398835,,,,,,,,,,,,,,,,,,,,,,,,,,,,,97.52778,19.186718,1.0000001e-07,97.52778,19.186718,7.0,,,,,,,
97.52778,19.126759,0.00084783573,97.52778,19.126759,0.0007139669,,,,,,,,,,,,,,,,,,,,,,,,,,,,,,,,,,,,,,,,,,,,,,,,,,,,,,,,,,,,,97.52778,19.126759,0.564162,97.52778,19.126759,0.48336262,,,,,,,,,,,,,,,,,97.52778,19.216698,-0.0032773714,97.52778,19.216698,0.020367539,,,,,,,,,,,,,,,,,,,,,,,,,,,,,97.52778,19.216698,1.0000001e-07,97.52778,19.216698,7.0,,,,,,,
97.52778,19.156738,0.0008329614,97.52778,19.156738,0.0006098467,,,,,,,,,,,,,,,,,,,,,,,,,,,,,,,,,,,,,,,,,,,,,,,,,,,,,,,,,,,,,97.52778,19.156738,0.50245106,97.52778,19.156738,0.0876557,,,,,,,,,,,,,,,,,97.52778,19.246675,0.0074635614,97.52778,19.246675,-5.1042272e-05,,,,,,,,,,,,,,,,,,,,,,,,,,,,,97.52778,19.246675,1.0000001e-07,97.52778,19.246675,7.0,,,,,,,
97.52778,19.186718,0.0008924587,97.52778,19.186718,0.0007734641,,,,,,,,,,,,,,,,,,,,,,,,,,,,,,,,,,,,,,,,,,,,,,,,,,,,,,,,,,,,,97.52778,19.186718,0.7707846,97.52778,19.186718,0.6930492,,,,,,,,,,,,,,,,,97.52778,19.276655,0.022520749,97.52778,19.276655,-0.009350987,,,,,,,,,,,,,,,,,,,,,,,,,,,,,97.52778,19.276655,1.0000001e-07,97.52778,19.276655,7.0,,,,,,,
97.52778,19.216696,0.0006395954,97.52778,19.216696,0.0008032128,,,,,,,,,,,,,,,,,,,,,,,,,,,,,,,,,,,,,,,,,,,,,,,,,,,,,,,,,,,,,97.52778,19.216696,-0.12314244,97.52778,19.216696,0.7629165,,,,,,,,,,,,,,,,,97.52778,19.306635,0.005971681,97.52778,19.306635,0.002761301,,,,,,,,,,,,,,,,,,,,,,,,,,,,,97.52778,19.306635,1.0000001e-07,97.52778,19.306635,7.0,,,,,,,
97.52778,19.246675,0.00086271006,97.52778,19.246675,0.0006247212,,,,,,,,,,,,,,,,,,,,,,,,,,,,,,,,,,,,,,,,,,,,,,,,,,,,,,,,,,,,,97.52778,19.246675,0.6237142,97.52778,19.246675,0.14208946,,,,,,,,,,,,,,,,,97.52778,19.336615,-0.015034893,97.52778,19.336615,0.020167312,,,,,,,,,,,,,,,,,,,,,,,,,,,,,97.52778,19.336615,1.0000001e-07,97.52778,19.336615,7.0,,,,,,,
97.52778,19.276655,0.00093708164,97.52778,19.276655,0.0005354752,,,,,,,,,,,,,,,,,,,,,,,,,,,,,,,,,,,,,,,,,,,,,,,,,,,,,,,,,,,,,97.52778,19.276655,0.90920544,97.52778,19.276655,-0.23083486,,,,,,,,,,,,,,,,,97.52778,19.366592,0.0084797265,97.52778,19.366592,0.017898716,,,,,,,,,,,,,,,,,,,,,,,,,,,,,97.52778,19.366592,1.0000001e-07,97.52778,19.366592,7.0,,,,,,,
97.52778,19.306635,0.00072884123,97.52778,19.306635,0.00071396696,,,,,,,,,,,,,,,,,,,,,,,,,,,,,,,,,,,,,,,,,,,,,,,,,,,,,,,,,,,,,97.52778,19.306635,0.1835261,97.52778,19.306635,0.45049393,,,,,,,,,,,,,,,,,97.52778,19.396572,-0.006028136,97.52778,19.396572,-0.0014280821,,,,,,,,,,,,,,,,,,,,,,,,,,,,,97.52778,19.396572,1.0000001e-07,97.52778,19.396572,7.0,,,,,,,
97.52778,19.336613,0.0006247211,97.52778,19.336613,0.00083296146,,,,,,,,,,,,,,,,,,,,,,,,,,,,,,,,,,,,,,,,,,,,,,,,,,,,,,,,,,,,,97.52778,19.336613,-0.17347808,97.52778,19.336613,0.9329655,,,,,,,,,,,,,,,,,97.52778,19.426552,-0.0049077687,97.52778,19.426552,-0.018952264,,,,,,,,,,,,,,,,,,,,,,,,,,,,,97.52778,19.426552,1.0000001e-07,97.52778,19.426552,7.0,,,,,,,
97.52778,19.366592,0.0007883385,97.52778,19.366592,0.0008180871,,,,,,,,,,,,,,,,,,,,,,,,,,,,,,,,,,,,,,,,,,,,,,,,,,,,,,,,,,,,,97.52778,19.366592,0.388321,97.52778,19.366592,0.80865407,,,,,,,,,,,,,,,,,97.52778,19.456532,-0.019140515,97.52778,19.456532,0.0017572405,,,,,,,,,,,,,,,,,,,,,,,,,,,,,97.52778,19.456532,1.0000001e-07,97.52778,19.456532,7.0,,,,,,,
97.52778,19.396572,0.00066934404,97.52778,19.396572,0.00060984684,,,,,,,,,,,,,,,,,,,,,,,,,,,,,,,,,,,,,,,,,,,,,,,,,,,,,,,,,,,,,97.52778,19.396572,0.013997038,97.52778,19.396572,0.1114395,,,,,,,,,,,,,,,,,97.52778,19.48651,0.007991221,97.52778,19.48651,-0.0014037496,,,,,,,,,,,,,,,,,,,,,,,,,,,,,97.52778,19.48651,1.0000001e-07,97.52778,19.48651,7.0,,,,,,,
97.52778,19.426552,0.0005949724,97.52778,19.426552,0.0004611036,,,,,,,,,,,,,,,,,,,,,,,,,,,,,,,,,,,,,,,,,,,,,,,,,,,,,,,,,,,,,97.52778,19.426552,-0.2321713,97.52778,19.426552,-0.5175412,,,,,,,,,,,,,,,,,97.52778,19.516489,-0.011207901,97.52778,19.516489,-0.000846705,,,,,,,,,,,,,,,,,,,,,,,,,,,,,97.52778,19.516489,1.0000001e-07,97.52778,19.516489,7.0,,,,,,,
97.52778,19.45653,0.0004611036,97.52778,19.45653,0.0006395954,,,,,,,,,,,,,,,,,,,,,,,,,,,,,,,,,,,,,,,,,,,,,,,,,,,,,,,,,,,,,97.52778,19.45653,-0.7357713,97.52778,19.45653,0.21272275,,,,,,,,,,,,,,,,,97.52778,19.546469,-0.012083315,97.52778,19.546469,0.009920821,,,,,,,,,,,,,,,,,,,,,,,,,,,,,97.52778,19.546469,1.0000001e-07,97.52778,19.546469,7.0,,,,,,,
97.52778,19.48651,0.0007883385,97.52778,19.48651,0.0005949724,,,,,,,,,,,,,,,,,,,,,,,,,,,,,,,,,,,,,,,,,,,,,,,,,,,,,,,,,,,,,97.52778,19.48651,0.41531336,97.52778,19.48651,-0.010331746,,,,,,,,,,,,,,,,,97.52778,19.576448,-0.0008383037,97.52778,19.576448,-0.0048673274,,,,,,,,,,,,,,,,,,,,,,,,,,,,,97.52778,19.576448,1.0000001e-07,97.52778,19.576448,7.0,,,,,,,
97.52778,19.516489,0.00069909263,97.52778,19.516489,0.00062472105,,,,,,,,,,,,,,,,,,,,,,,,,,,,,,,,,,,,,,,,,,,,,,,,,,,,,,,,,,,,,97.52778,19.516489,0.11087185,97.52778,19.516489,0.13451152,,,,,,,,,,,,,,,,,97.52778,19.606426,0.01169634,97.52778,19.606426,-0.0004625782,,,,,,,,,,,,,,,,,,,,,,,,,,,,,97.52778,19.606426,1.0000001e-07,97.52778,19.606426,7.0,,,,,,,
97.52778,19.546469,0.0006098468,97.52778,19.546469,0.00069909263,,,,,,,,,,,,,,,,,,,,,,,,,,,,,,,,,,,,,,,,,,,,,,,,,,,,,,,,,,,,,97.52778,19.546469,-0.21171197,97.52778,19.546469,0.39825943,,,,,,,,,,,,,,,,,97.52778,19.636406,-0.019980686,97.52778,19.636406,-0.0031258035,,,,,,,,,,,,,,,,,,,,,,,,,,,,,97.52778,19.636406,1.0000001e-07,97.52778,19.636406,7.0,,,,,,,
97.52778,19.576447,0.0006544697,97.52778,19.576447,0.0005949724,,,,,,,,,,,,,,,,,,,,,,,,,,,,,,,,,,,,,,,,,,,,,,,,,,,,,,,,,,,,,97.52778,19.576447,-0.05812375,97.52778,19.576447,-0.008171571,,,,,,,,,,,,,,,,,97.52778,19.666386,-0.002684352,97.52778,19.666386,0.0060159108,,,,,,,,,,,,,,,,,,,,,,,,,,,,,97.52778,19.666386,1.0000001e-07,97.52778,19.666386,7.0,,,,,,,
97.52778,19.606426,0.00080321287,97.52778,19.606426,0.0006247211,,,,,,,,,,,,,,,,,,,,,,,,,,,,,,,,,,,,,,,,,,,,,,,,,,,,,,,,,,,,,97.52778,19.606426,0.43773457,97.52778,19.606426,0.17226529,,,,,,,,,,,,,,,,,97.52778,19.696365,0.012184031,97.52778,19.696365,-0.00028857443,,,,,,,,,,,,,,,,,,,,,,,,,,,,,97.52778,19.696365,1.0000001e-07,97.52778,19.696365,7.0,,,,,,,
97.52778,19.636406,0.00050572655,97.52778,19.636406,0.00062472105,,,,,,,,,,,,,,,,,,,,,,,,,,,,,,,,,,,,,,,,,,,,,,,,,,,,,,,,,,,,,97.52778,19.636406,-0.55954194,97.52778,19.636406,0.119501434,,,,,,,,,,,,,,,,,97.52778,19.726343,0.008997787,97.52778,19.726343,-0.0058955066,,,,,,,,,,,,,,,,,,,,,,,,,,,,,97.52778,19.726343,1.0000001e-07,97.52778,19.726343,7.0,,,,,,,
97.52778,19.666386,0.00065446965,97.52778,19.666386,0.00066934404,,,,,,,,,,,,,,,,,,,,,,,,,,,,,,,,,,,,,,,,,,,,,,,,,,,,,,,,,,,,,97.52778,19.666386,-0.055610947,97.52778,19.666386,0.295432,,,,,,,,,,,,,,,,,97.52778,19.756323,0.012878721,97.52778,19.756323,0.005670311,,,,,,,,,,,,,,,,,,,,,,,,,,,,,97.52778,19.756323,1.0000001e-07,97.52778,19.756323,7.0,,,,,,,
97.52778,19.696365,0.0008329614,97.52778,19.696365,0.0006395953,,,,,,,,,,,,,,,,,,,,,,,,,,,,,,,,,,,,,,,,,,,,,,,,,,,,,,,,,,,,,97.52778,19.696365,0.5095055,97.52778,19.696365,0.19378231,,,,,,,,,,,,,,,,,97.52778,19.786303,0.008807338,97.52778,19.786303,-0.013705118,,,,,,,,,,,,,,,,,,,,,,,,,,,,,97.52778,19.786303,1.0000001e-07,97.52778,19.786303,7.0,,,,,,,
97.52778,19.726343,0.0007883385,97.52778,19.726343,0.0005503495,,,,,,,,,,,,,,,,,,,,,,,,,,,,,,,,,,,,,,,,,,,,,,,,,,,,,,,,,,,,,97.52778,19.726343,0.39157197,97.52778,19.726343,-0.116745844,,,,,,,,,,,,,,,,,97.52778,19.816282,-0.022446474,97.52778,19.816282,-0.0027527895,,,,,,,,,,,,,,,,,,,,,,,,,,,,,97.52778,19.816282,1.0000001e-07,97.52778,19.816282,7.0,,,,,,,
97.52778,19.756323,0.00083296135,97.52778,19.756323,0.00065446965,,,,,,,,,,,,,,,,,,,,,,,,,,,,,,,,,,,,,,,,,,,,,,,,,,,,,,,,,,,,,97.52778,19.756323,0.54236025,97.52778,19.756323,0.25205052,,,,,,,,,,,,,,,,,97.52778,19.84626,-0.003981652,97.52778,19.84626,-0.023722013,,,,,,,,,,,,,,,,,,,,,,,,,,,,,97.52778,19.84626,1.0000001e-07,97.52778,19.84626,7.0,,,,,,,
97.52778,19.786303,0.0008180871,97.52778,19.786303,0.00050572655,,,,,,,,,,,,,,,,,,,,,,,,,,,,,,,,,,,,,,,,,,,,,,,,,,,,,,,,,,,,,97.52778,19.786303,0.47355992,97.52778,19.786303,-0.3142111,,,,,,,,,,,,,,,,,97.52778,19.87624,0.0036596197,97.52778,19.87624,0.0046635433,,,,,,,,,,,,,,,,,,,,,,,,,,,,,97.52778,19.87624,1.0000001e-07,97.52778,19.87624,7.0,,,,,,,
97.52778,19.816282,0.0005206009,97.52778,19.816282,0.00062472105,,,,,,,,,,,,,,,,,,,,,,,,,,,,,,,,,,,,,,,,,,,,,,,,,,,,,,,,,,,,,97.52778,19.816282,-0.5064536,97.52778,19.816282,0.13433161,,,,,,,,,,,,,,,,,97.52778,19.90622,-0.0014599873,97.52778,19.90622,-0.0022509242,,,,,,,,,,,,,,,,,,,,,,,,,,,,,97.52778,19.90622,1.0000001e-07,97.52778,19.90622,7.0,,,,,,,
97.52778,19.84626,0.00065446965,97.52778,19.84626,0.0004462293,,,,,,,,,,,,,,,,,,,,,,,,,,,,,,,,,,,,,,,,,,,,,,,,,,,,,,,,,,,,,97.52778,19.84626,-0.050031837,97.52778,19.84626,-0.51135767,,,,,,,,,,,,,,,,,97.52778,19.9362,0.005627942,97.52778,19.9362,-0.011527364,,,,,,,,,,,,,,,,,,,,,,,,,,,,,97.52778,19.9362,1.0000001e-07,97.52778,19.9362,7.0,,,,,,,
97.52778,19.87624,0.00080321287,97.52778,19.87624,0.000669344,,,,,,,,,,,,,,,,,,,,,,,,,,,,,,,,,,,,,,,,,,,,,,,,,,,,,,,,,,,,,97.52778,19.87624,0.41658318,97.52778,19.87624,0.3317924,,,,,,,,,,,,,,,,,97.52778,19.966177,0.01391992,97.52778,19.966177,0.0024652972,,,,,,,,,,,,,,,,,,,,,,,,,,,,,97.52778,19.966177,1.0000001e-07,97.52778,19.966177,7.0,,,,,,,
97.52778,19.90622,0.00074371556,97.52778,19.90622,0.0005652238,,,,,,,,,,,,,,,,,,,,,,,,,,,,,,,,,,,,,,,,,,,,,,,,,,,,,,,,,,,,,97.52778,19.90622,0.23214205,97.52778,19.90622,-0.091623135,,,,,,,,,,,,,,,,,97.52778,19.996157,-0.007848006,97.52778,19.996157,0.0041314196,,,,,,,,,,,,,,,,,,,,,,,,,,,,,97.52778,19.996157,1.0000001e-07,97.52778,19.996157,7.0,,,,,,,
97.52778,19.9362,0.0007883386,97.52778,19.9362,0.00046110366,,,,,,,,,,,,,,,,,,,,,,,,,,,,,,,,,,,,,,,,,,,,,,,,,,,,,,,,,,,,,97.52778,19.9362,0.41115233,97.52778,19.9362,-0.4318577,,,,,,,,,,,,,,,,,,,,,,,,,,,,,,,,,,,,,,,,,,,,,,,,,,,,,,,,,,,,,,,
97.52778,19.966177,0.00087758433,97.52778,19.966177,0.00062472105,,,,,,,,,,,,,,,,,,,,,,,,,,,,,,,,,,,,,,,,,,,,,,,,,,,,,,,,,,,,,97.52778,19.966177,0.7303187,97.52778,19.966177,0.14052323,,,,,,,,,,,,,,,,,,,,,,,,,,,,,,,,,,,,,,,,,,,,,,,,,,,,,,,,,,,,,,,
97.52778,19.996157,0.0006395953,97.52778,19.996157,0.00065446977,,,,,,,,,,,,,,,,,,,,,,,,,,,,,,,,,,,,,,,,,,,,,,,,,,,,,,,,,,,,,97.52778,19.996157,-0.100489974,97.52778,19.996157,0.23776224,,,,,,,,,,,,,,,,,,,,,,,,,,,,,,,,,,,,,,,,,,,,,,,,,,,,,,,,,,,,,,,
97.52778,20.026136,0.00087758445,97.52778,20.026136,0.00046110366,,,,,,,,,,,,,,,,,,,,,,,,,,,,,,,,,,,,,,,,,,,,,,,,,,,,,,,,,,,,,97.52778,20.026136,0.65519905,97.52778,20.026136,-0.4765685,,,,,,,,,,,,,,,,,,,,,,,,,,,,,,,,,,,,,,,,,,,,,,,,,,,,,,,,,,,,,,,
97.52778,20.056116,0.00083296146,97.52778,20.056116,0.00046110366,,,,,,,,,,,,,,,,,,,,,,,,,,,,,,,,,,,,,,,,,,,,,,,,,,,,,,,,,,,,,97.52778,20.056116,0.5265901,97.52778,20.056116,-0.49041414,,,,,,,,,,,,,,,,,,,,,,,,,,,,,,,,,,,,,,,,,,,,,,,,,,,,,,,,,,,,,,,
97.52778,20.086094,0.0007734641,97.52778,20.086094,0.00066934404,,,,,,,,,,,,,,,,,,,,,,,,,,,,,,,,,,,,,,,,,,,,,,,,,,,,,,,,,,,,,97.52778,20.086094,0.30428982,97.52778,20.086094,0.25960645,,,,,,,,,,,,,,,,,,,,,,,,,,,,,,,,,,,,,,,,,,,,,,,,,,,,,,,,,,,,,,,
97.52778,20.116074,0.00062472105,97.52778,20.116074,0.00058009813,,,,,,,,,,,,,,,,,,,,,,,,,,,,,,,,,,,,,,,,,,,,,,,,,,,,,,,,,,,,,97.52778,20.116074,-0.18732479,97.52778,20.116074,-0.0428598,,,,,,,,,,,,,,,,,,,,,,,,,,,,,,,,,,,,,,,,,,,,,,,,,,,,,,,,,,,,,,,
97.52778,20.146053,0.00080321287,97.52778,20.146053,0.00050572655,,,,,,,,,,,,,,,,,,,,,,,,,,,,,,,,,,,,,,,,,,,,,,,,,,,,,,,,,,,,,97.52778,20.146053,0.4333943,97.52778,20.146053,-0.28753388,,,,,,,,,,,,,,,,,,,,,,,,,,,,,,,,,,,,,,,,,,,,,,,,,,,,,,,,,,,,,,,
97.52778,20.176033,0.0006395953,97.52778,20.176033,0.0007883385,,,,,,,,,,,,,,,,,,,,,,,,,,,,,,,,,,,,,,,,,,,,,,,,,,,,,,,,,,,,,97.52778,20.176033,-0.07380421,97.52778,20.176033,0.7238829,,,,,,,,,,,,,,,,,,,,,,,,,,,,,,,,,,,,,,,,,,,,,,,,,,,,,,,,,,,,,,,
97.52778,20.20601,0.00072884135,97.52778,20.20601,0.00062472105,,,,,,,,,,,,,,,,,,,,,,,,,,,,,,,,,,,,,,,,,,,,,,,,,,,,,,,,,,,,,97.52778,20.20601,0.18796505,97.52778,20.20601,0.12275847,,,,,,,,,,,,,,,,,,,,,,,,,,,,,,,,,,,,,,,,,,,,,,,,,,,,,,,,,,,,,,,
97.52778,20.23599,0.00074371556,97.52778,20.23599,0.0006098468,,,,,,,,,,,,,,,,,,,,,,,,,,,,,,,,,,,,,,,,,,,,,,,,,,,,,,,,,,,,,97.52778,20.23599,0.23846632,97.52778,20.23599,0.046343133,,,,,,,,,,,,,,,,,,,,,,,,,,,,,,,,,,,,,,,,,,,,,,,,,,,,,,,,,,,,,,,
97.52778,20.26597,0.0006693441,97.52778,20.26597,0.0007437155,,,,,,,,,,,,,,,,,,,,,,,,,,,,,,,,,,,,,,,,,,,,,,,,,,,,,,,,,,,,,97.52778,20.26597,0.004578749,97.52778,20.26597,0.53353727,,,,,,,,,,,,,,,,,,,,,,,,,,,,,,,,,,,,,,,,,,,,,,,,,,,,,,,,,,,,,,,
97.52778,20.29595,0.00080321287,97.52778,20.29595,0.0005206009,,,,,,,,,,,,,,,,,,,,,,,,,,,,,,,,,,,,,,,,,,,,,,,,,,,,,,,,,,,,,97.52778,20.29595,0.4475208,97.52778,20.29595,-0.2262942,,,,,,,,,,,,,,,,,,,,,,,,,,,,,,,,,,,,,,,,,,,,,,,,,,,,,,,,,,,,,,,
97.52778,20.325928,0.0006098467,97.52778,20.325928,0.00068421836,,,,,,,,,,,,,,,,,,,,,,,,,,,,,,,,,,,,,,,,,,,,,,,,,,,,,,,,,,,,,97.52778,20.325928,-0.21473245,97.52778,20.325928,0.36471578,,,,,,,,,,,,,,,,,,,,,,,,,,,,,,,,,,,,,,,,,,,,,,,,,,,,,,,,,,,,,,,
97.52778,20.355907,0.0007437156,97.52778,20.355907,0.00069909263,,,,,,,,,,,,,,,,,,,,,,,,,,,,,,,,,,,,,,,,,,,,,,,,,,,,,,,,,,,,,97.52778,20.355907,0.3004523,97.52778,20.355907,0.37546644,,,,,,,,,,,,,,,,,,,,,,,,,,,,,,,,,,,,,,,,,,,,,,,,,,,,,,,,,,,,,,,
97.52778,20.385887,0.0008478358,97.52778,20.385887,0.0005503495,,,,,,,,,,,,,,,,,,,,,,,,,,,,,,,,,,,,,,,,,,,,,,,,,,,,,,,,,,,,,97.52778,20.385887,0.6009458,97.52778,20.385887,-0.11668604,,,,,,,,,,,,,,,,,,,,,,,,,,,,,,,,,,,,,,,,,,,,,,,,,,,,,,,,,,,,,,,
97.52778,20.415867,0.0007883385,97.52778,20.415867,0.00062472105,,,,,,,,,,,,,,,,,,,,,,,,,,,,,,,,,,,,,,,,,,,,,,,,,,,,,,,,,,,,,97.52778,20.415867,0.38219282,97.52778,20.415867,0.14438067,,,,,,,,,,,,,,,,,,,,,,,,,,,,,,,,,,,,,,,,,,,,,,,,,,,,,,,,,,,,,,,
97.52778,20.445845,0.0006395954,97.52778,20.445845,0.00053547526,,,,,,,,,,,,,,,,,,,,,,,,,,,,,,,,,,,,,,,,,,,,,,,,,,,,,,,,,,,,,97.52778,20.445845,-0.13589863,97.52778,20.445845,-0.19158098,,,,,,,,,,,,,,,,,,,,,,,,,,,,,,,,,,,,,,,,,,,,,,,,,,,,,,,,,,,,,,,
97.52778,20.475824,0.0006247211,97.52778,20.475824,0.0006098468,,,,,,,,,,,,,,,,,,,,,,,,,,,,,,,,,,,,,,,,,,,,,,,,,,,,,,,,,,,,,97.52778,20.475824,-0.1231881,97.52778,20.475824,0.03162791,,,,,,,,,,,,,,,,,,,,,,,,,,,,,,,,,,,,,,,,,,,,,,,,,,,,,,,,,,,,,,,
97.52778,20.505804,0.0006395953,97.52778,20.505804,0.00050572655,,,,,,,,,,,,,,,,,,,,,,,,,,,,,,,,,,,,,,,,,,,,,,,,,,,,,,,,,,,,,97.52778,20.505804,-0.09386608,97.52778,20.505804,-0.326037,,,,,,,,,,,,,,,,,,,,,,,,,,,,,,,,,,,,,,,,,,,,,,,,,,,,,,,,,,,,,,,
97.52778,20.535784,0.0005057266,97.52778,20.535784,0.0007734642,,,,,,,,,,,,,,,,,,,,,,,,,,,,,,,,,,,,,,,,,,,,,,,,,,,,,,,,,,,,,97.52778,20.535784,-0.57516956,97.52778,20.535784,0.66951656,,,,,,,,,,,,,,,,,,,,,,,,,,,,,,,,,,,,,,,,,,,,,,,,,,,,,,,,,,,,,,,
97.52778,20.565763,0.0006098468,97.52778,20.565763,0.000713967,,,,,,,,,,,,,,,,,,,,,,,,,,,,,,,,,,,,,,,,,,,,,,,,,,,,,,,,,,,,,97.52778,20.565763,-0.2043971,97.52778,20.565763,0.48092973,,,,,,,,,,,,,,,,,,,,,,,,,,,,,,,,,,,,,,,,,,,,,,,,,,,,,,,,,,,,,,,
97.52778,20.595741,0.0008478358,97.52778,20.595741,0.0008032129,,,,,,,,,,,,,,,,,,,,,,,,,,,,,,,,,,,,,,,,,,,,,,,,,,,,,,,,,,,,,97.52778,20.595741,0.58422637,97.52778,20.595741,0.7966327,,,,,,,,,,,,,,,,,,,,,,,,,,,,,,,,,,,,,,,,,,,,,,,,,,,,,,,,,,,,,,,
97.52778,20.625721,0.00066934404,97.52778,20.625721,0.0006098467,,,,,,,,,,,,,,,,,,,,,,,,,,,,,,,,,,,,,,,,,,,,,,,,,,,,,,,,,,,,,97.52778,20.625721,-0.0005996161,97.52778,20.625721,0.04677488,,,,,,,,,,,,,,,,,,,,,,,,,,,,,,,,,,,,,,,,,,,,,,,,,,,,,,,,,,,,,,,
97.52778,20.6557,0.000713967,97.52778,20.6557,0.0008180871,,,,,,,,,,,,,,,,,,,,,,,,,,,,,,,,,,,,,,,,,,,,,,,,,,,,,,,,,,,,,97.52778,20.6557,0.12791646,97.52778,20.6557,0.8463423,,,,,,,,,,,,,,,,,,,,,,,,,,,,,,,,,,,,,,,,,,,,,,,,,,,,,,,,,,,,,,,
97.52778,20.68568,0.0006395954,97.52778,20.68568,0.0007139669,,,,,,,,,,,,,,,,,,,,,,,,,,,,,,,,,,,,,,,,,,,,,,,,,,,,,,,,,,,,,97.52778,20.68568,-0.11318776,97.52778,20.68568,0.41873714,,,,,,,,,,,,,,,,,,,,,,,,,,,,,,,,,,,,,,,,,,,,,,,,,,,,,,,,,,,,,,,
97.52778,20.715658,0.0007585899,97.52778,20.715658,0.00072884123,,,,,,,,,,,,,,,,,,,,,,,,,,,,,,,,,,,,,,,,,,,,,,,,,,,,,,,,,,,,,97.52778,20.715658,0.30706927,97.52778,20.715658,0.4887752,,,,,,,,,,,,,,,,,,,,,,,,,,,,,,,,,,,,,,,,,,,,,,,,,,,,,,,,,,,,,,,
97.52778,20.745638,0.0006395953,97.52778,20.745638,0.0006247211,,,,,,,,,,,,,,,,,,,,,,,,,,,,,,,,,,,,,,,,,,,,,,,,,,,,,,,,,,,,,97.52778,20.745638,-0.13798648,97.52778,20.745638,0.07706556,,,,,,,,,,,,,,,,,,,,,,,,,,,,,,,,,,,,,,,,,,,,,,,,,,,,,,,,,,,,,,,
97.52778,20.775618,0.0007139669,97.52778,20.775618,0.00069909263,,,,,,,,,,,,,,,,,,,,,,,,,,,,,,,,,,,,,,,,,,,,,,,,,,,,,,,,,,,,,97.52778,20.775618,0.156668,97.52778,20.775618,0.41748187,,,,,,,,,,,,,,,,,,,,,,,,,,,,,,,,,,,,,,,,,,,,,,,,,,,,,,,,,,,,,,,
97.52778,20.805597,0.0006395954,97.52778,20.805597,0.00056522386,,,,,,,,,,,,,,,,,,,,,,,,,,,,,,,,,,,,,,,,,,,,,,,,,,,,,,,,,,,,,97.52778,20.805597,-0.13614723,97.52778,20.805597,-0.1179407,,,,,,,,,,,,,,,,,,,,,,,,,,,,,,,,,,,,,,,,,,,,,,,,,,,,,,,,,,,,,,,
97.52778,20.835575,0.00083296146,97.52778,20.835575,0.0005949725,,,,,,,,,,,,,,,,,,,,,,,,,,,,,,,,,,,,,,,,,,,,,,,,,,,,,,,,,,,,,97.52778,20.835575,0.5429856,97.52778,20.835575,0.03215117,,,,,,,,,,,,,,,,,,,,,,,,,,,,,,,,,,,,,,,,,,,,,,,,,,,,,,,,,,,,,,,
97.52778,20.865555,0.00074371556,97.52778,20.865555,0.00050572655,,,,,,,,,,,,,,,,,,,,,,,,,,,,,,,,,,,,,,,,,,,,,,,,,,,,,,,,,,,,,97.52778,20.865555,0.21205409,97.52778,20.865555,-0.2861142,,,,,,,,,,,,,,,,,,,,,,,,,,,,,,,,,,,,,,,,,,,,,,,,,,,,,,,,,,,,,,,
97.52778,20.895535,0.0006098467,97.52778,20.895535,0.0004908523,,,,,,,,,,,,,,,,,,,,,,,,,,,,,,,,,,,,,,,,,,,,,,,,,,,,,,,,,,,,,97.52778,20.895535,-0.19974568,97.52778,20.895535,-0.40256357,,,,,,,,,,,,,,,,,,,,,,,,,,,,,,,,,,,,,,,,,,,,,,,,,,,,,,,,,,,,,,,
97.52778,20.925514,0.0007585899,97.52778,20.925514,0.00062472105,,,,,,,,,,,,,,,,,,,,,,,,,,,,,,,,,,,,,,,,,,,,,,,,,,,,,,,,,,,,,97.52778,20.925514,0.30982843,97.52778,20.925514,0.14833282,,,,,,,,,,,,,,,,,,,,,,,,,,,,,,,,,,,,,,,,,,,,,,,,,,,,,,,,,,,,,,,
97.52778,20.955492,0.00065446965,97.52778,20.955492,0.0006395954,,,,,,,,,,,,,,,,,,,,,,,,,,,,,,,,,,,,,,,,,,,,,,,,,,,,,,,,,,,,,97.52778,20.955492,-0.05274342,97.52778,20.955492,0.15204944,,,,,,,,,,,,,,,,,,,,,,,,,,,,,,,,,,,,,,,,,,,,,,,,,,,,,,,,,,,,,,,
97.52778,20.985472,0.0005949724,97.52778,20.985472,0.0005354752,,,,,,,,,,,,,,,,,,,,,,,,,,,,,,,,,,,,,,,,,,,,,,,,,,,,,,,,,,,,,97.52778,20.985472,-0.2599477,97.52778,20.985472,-0.20624006,,,,,,,,,,,,,,,,,,,,,,,,,,,,,,,,,,,,,,,,,,,,,,,,,,,,,,,,,,,,,,,
97.52778,21.015451,0.00069909263,97.52778,21.015451,0.00056522386,,,,,,,,,,,,,,,,,,,,,,,,,,,,,,,,,,,,,,,,,,,,,,,,,,,,,,,,,,,,,97.52778,21.015451,0.101706795,97.52778,21.015451,-0.06759629,,,,,,,,,,,,,,,,,,,,,,,,,,,,,,,,,,,,,,,,,,,,,,,,,,,,,,,,,,,,,,,
97.52778,21.045431,0.00069909263,97.52778,21.045431,0.00074371556,,,,,,,,,,,,,,,,,,,,,,,,,,,,,,,,,,,,,,,,,,,,,,,,,,,,,,,,,,,,,97.52778,21.045431,0.110670775,97.52778,21.045431,0.5567928,,,,,,,,,,,,,,,,,,,,,,,,,,,,,,,,,,,,,,,,,,,,,,,,,,,,,,,,,,,,,,,
97.52778,21.075409,0.0007288413,97.52778,21.075409,0.0005206009,,,,,,,,,,,,,,,,,,,,,,,,,,,,,,,,,,,,,,,,,,,,,,,,,,,,,,,,,,,,,97.52778,21.075409,0.18911092,97.52778,21.075409,-0.22571962,,,,,,,,,,,,,,,,,,,,,,,,,,,,,,,,,,,,,,,,,,,,,,,,,,,,,,,,,,,,,,,
97.52778,21.105389,0.0007437155,97.52778,21.105389,0.0006247212,,,,,,,,,,,,,,,,,,,,,,,,,,,,,,,,,,,,,,,,,,,,,,,,,,,,,,,,,,,,,97.52778,21.105389,0.24871019,97.52778,21.105389,0.10925929,,,,,,,,,,,,,,,,,,,,,,,,,,,,,,,,,,,,,,,,,,,,,,,,,,,,,,,,,,,,,,,
97.52778,21.135368,0.00071396696,97.52778,21.135368,0.00053547515,,,,,,,,,,,,,,,,,,,,,,,,,,,,,,,,,,,,,,,,,,,,,,,,,,,,,,,,,,,,,97.52778,21.135368,0.17280053,97.52778,21.135368,-0.19273217,,,,,,,,,,,,,,,,,,,,,,,,,,,,,,,,,,,,,,,,,,,,,,,,,,,,,,,,,,,,,,,
97.52778,21.165348,0.000713967,97.52778,21.165348,0.0006693439,,,,,,,,,,,,,,,,,,,,,,,,,,,,,,,,,,,,,,,,,,,,,,,,,,,,,,,,,,,,,97.52778,21.165348,0.14933054,97.52778,21.165348,0.2998606,,,,,,,,,,,,,,,,,,,,,,,,,,,,,,,,,,,,,,,,,,,,,,,,,,,,,,,,,,,,,,,
97.52778,21.195326,0.0006098468,97.52778,21.195326,0.00058009813,,,,,,,,,,,,,,,,,,,,,,,,,,,,,,,,,,,,,,,,,,,,,,,,,,,,,,,,,,,,,97.52778,21.195326,-0.1880197,97.52778,21.195326,-0.03527285,,,,,,,,,,,,,,,,,,,,,,,,,,,,,,,,,,,,,,,,,,,,,,,,,,,,,,,,,,,,,,,
97.52778,21.225306,0.0006395953,97.52778,21.225306,0.00066934404,,,,,,,,,,,,,,,,,,,,,,,,,,,,,,,,,,,,,,,,,,,,,,,,,,,,,,,,,,,,,97.52778,21.225306,-0.10379935,97.52778,21.225306,0.2545675,,,,,,,,,,,,,,,,,,,,,,,,,,,,,,,,,,,,,,,,,,,,,,,,,,,,,,,,,,,,,,,
97.52778,21.255285,0.00038673208,97.52778,21.255285,0.0005354752,,,,,,,,,,,,,,,,,,,,,,,,,,,,,,,,,,,,,,,,,,,,,,,,,,,,,,,,,,,,,97.52778,21.255285,-0.95497936,97.52778,21.255285,-0.22573805,,,,,,,,,,,,,,,,,,,,,,,,,,,,,,,,,,,,,,,,,,,,,,,,,,,,,,,,,,,,,,,
97.52778,21.285265,0.0008180871,97.52778,21.285265,0.00062472105,,,,,,,,,,,,,,,,,,,,,,,,,,,,,,,,,,,,,,,,,,,,,,,,,,,,,,,,,,,,,97.52778,21.285265,0.47606266,97.52778,21.285265,0.13836429,,,,,,,,,,,,,,,,,,,,,,,,,,,,,,,,,,,,,,,,,,,,,,,,,,,,,,,,,,,,,,,
97.52778,21.315243,0.0006990927,97.52778,21.315243,0.0005949724,,,,,,,,,,,,,,,,,,,,,,,,,,,,,,,,,,,,,,,,,,,,,,,,,,,,,,,,,,,,,97.52778,21.315243,0.06307432,97.52778,21.315243,0.042885378,,,,,,,,,,,,,,,,,,,,,,,,,,,,,,,,,,,,,,,,,,,,,,,,,,,,,,,,,,,,,,,
97.52778,21.345222,0.00065446965,97.52778,21.345222,0.00072884123,,,,,,,,,,,,,,,,,,,,,,,,,,,,,,,,,,,,,,,,,,,,,,,,,,,,,,,,,,,,,97.52778,21.345222,-0.057940993,97.52778,21.345222,0.5300224,,,,,,,,,,,,,,,,,,,,,,,,,,,,,,,,,,,,,,,,,,,,,,,,,,,,,,,,,,,,,,,
97.52778,21.375202,0.0006990926,97.52778,21.375202,0.00062472105,,,,,,,,,,,,,,,,,,,,,,,,,,,,,,,,,,,,,,,,,,,,,,,,,,,,,,,,,,,,,97.52778,21.375202,0.11166247,97.52778,21.375202,0.14636116,,,,,,,,,,,,,,,,,,,,,,,,,,,,,,,,,,,,,,,,,,,,,,,,,,,,,,,,,,,,,,,
97.52778,21.405182,0.0007883385,97.52778,21.405182,0.0006395954,,,,,,,,,,,,,,,,,,,,,,,,,,,,,,,,,,,,,,,,,,,,,,,,,,,,,,,,,,,,,97.52778,21.405182,0.41484702,97.52778,21.405182,0.14536235,,,,,,,,,,,,,,,,,,,,,,,,,,,,,,,,,,,,,,,,,,,,,,,,,,,,,,,,,,,,,,,
97.52778,21.435162,0.00071396696,97.52778,21.435162,0.00087758433,,,,,,,,,,,,,,,,,,,,,,,,,,,,,,,,,,,,,,,,,,,,,,,,,,,,,,,,,,,,,97.52778,21.435162,0.14269236,97.52778,21.435162,1.0860219,,,,,,,,,,,,,,,,,,,,,,,,,,,,,,,,,,,,,,,,,,,,,,,,,,,,,,,,,,,,,,,
97.52778,21.46514,0.00068421825,97.52778,21.46514,0.00075858994,,,,,,,,,,,,,,,,,,,,,,,,,,,,,,,,,,,,,,,,,,,,,,,,,,,,,,,,,,,,,97.52778,21.46514,0.03332424,97.52778,21.46514,0.63281465,,,,,,,,,,,,,,,,,,,,,,,,,,,,,,,,,,,,,,,,,,,,,,,,,,,,,,,,,,,,,,,
97.52778,21.49512,0.0006098467,97.52778,21.49512,0.0005206009,,,,,,,,,,,,,,,,,,,,,,,,,,,,,,,,,,,,,,,,,,,,,,,,,,,,,,,,,,,,,97.52778,21.49512,-0.20831384,97.52778,21.49512,-0.25882748,,,,,,,,,,,,,,,,,,,,,,,,,,,,,,,,,,,,,,,,,,,,,,,,,,,,,,,,,,,,,,,
97.52778,21.525099,0.00080321287,97.52778,21.525099,0.00062472105,,,,,,,,,,,,,,,,,,,,,,,,,,,,,,,,,,,,,,,,,,,,,,,,,,,,,,,,,,,,,97.52778,21.525099,0.433321,97.52778,21.525099,0.13289858,,,,,,,,,,,,,,,,,,,,,,,,,,,,,,,,,,,,,,,,,,,,,,,,,,,,,,,,,,,,,,,
97.52778,21.555079,0.0007585899,97.52778,21.555079,0.00053547526,,,,,,,,,,,,,,,,,,,,,,,,,,,,,,,,,,,,,,,,,,,,,,,,,,,,,,,,,,,,,97.52778,21.555079,0.31999213,97.52778,21.555079,-0.21407808,,,,,,,,,,,,,,,,,,,,,,,,,,,,,,,,,,,,,,,,,,,,,,,,,,,,,,,,,,,,,,,
97.52778,21.585056,0.00093708164,97.52778,21.585056,0.0005800982,,,,,,,,,,,,,,,,,,,,,,,,,,,,,,,,,,,,,,,,,,,,,,,,,,,,,,,,,,,,,97.52778,21.585056,0.9127729,97.52778,21.585056,-0.020491362,,,,,,,,,,,,,,,,,,,,,,,,,,,,,,,,,,,,,,,,,,,,,,,,,,,,,,,,,,,,,,,
97.52778,21.615036,0.0008180871,97.52778,21.615036,0.00086271006,,,,,,,,,,,,,,,,,,,,,,,,,,,,,,,,,,,,,,,,,,,,,,,,,,,,,,,,,,,,,97.52778,21.615036,0.5086072,97.52778,21.615036,0.9951439,,,,,,,,,,,,,,,,,,,,,,,,,,,,,,,,,,,,,,,,,,,,,,,,,,,,,,,,,,,,,,,
97.52778,21.645016,0.000669344,97.52778,21.645016,0.00059497246,,,,,,,,,,,,,,,,,,,,,,,,,,,,,,,,,,,,,,,,,,,,,,,,,,,,,,,,,,,,,97.52778,21.645016,-0.037470706,97.52778,21.645016,-0.004206174,,,,,,,,,,,,,,,,,,,,,,,,,,,,,,,,,,,,,,,,,,,,,,,,,,,,,,,,,,,,,,,
97.52778,21.674995,0.0007734641,97.52778,21.674995,0.0005800982,,,,,,,,,,,,,,,,,,,,,,,,,,,,,,,,,,,,,,,,,,,,,,,,,,,,,,,,,,,,,97.52778,21.674995,0.33948866,97.52778,21.674995,-0.036840394,,,,,,,,,,,,,,,,,,,,,,,,,,,,,,,,,,,,,,,,,,,,,,,,,,,,,,,,,,,,,,,
97.52778,21.704973,0.0005800982,97.52778,21.704973,0.00066934404,,,,,,,,,,,,,,,,,,,,,,,,,,,,,,,,,,,,,,,,,,,,,,,,,,,,,,,,,,,,,97.52778,21.704973,-0.2930315,97.52778,21.704973,0.2781616,,,,,,,,,,,,,,,,,,,,,,,,,,,,,,,,,,,,,,,,,,,,,,,,,,,,,,,,,,,,,,,
97.52778,21.734953,0.00066934404,97.52778,21.734953,0.0004759779,,,,,,,,,,,,,,,,,,,,,,,,,,,,,,,,,,,,,,,,,,,,,,,,,,,,,,,,,,,,,97.52778,21.734953,-0.0076132086,97.52778,21.734953,-0.45981324,,,,,,,,,,,,,,,,,,,,,,,,,,,,,,,,,,,,,,,,,,,,,,,,,,,,,,,,,,,,,,,
97.52778,21.764933,0.00072884123,97.52778,21.764933,0.00041648076,,,,,,,,,,,,,,,,,,,,,,,,,,,,,,,,,,,,,,,,,,,,,,,,,,,,,,,,,,,,,97.52778,21.764933,0.1737832,97.52778,21.764933,-0.63867134,,,,,,,,,,,,,,,,,,,,,,,,,,,,,,,,,,,,,,,,,,,,,,,,,,,,,,,,,,,,,,,
97.52778,21.794912,0.00072884123,97.52778,21.794912,0.0006842183,,,,,,,,,,,,,,,,,,,,,,,,,,,,,,,,,,,,,,,,,,,,,,,,,,,,,,,,,,,,,97.52778,21.794912,0.17178388,97.52778,21.794912,0.36210582,,,,,,,,,,,,,,,,,,,,,,,,,,,,,,,,,,,,,,,,,,,,,,,,,,,,,,,,,,,,,,,
97.52778,21.82489,0.00087758445,97.52778,21.82489,0.0005652238,,,,,,,,,,,,,,,,,,,,,,,,,,,,,,,,,,,,,,,,,,,,,,,,,,,,,,,,,,,,,97.52778,21.82489,0.669967,97.52778,21.82489,-0.04835221,,,,,,,,,,,,,,,,,,,,,,,,,,,,,,,,,,,,,,,,,,,,,,,,,,,,,,,,,,,,,,,
97.52778,21.85487,0.00068421825,97.52778,21.85487,0.00058009813,,,,,,,,,,,,,,,,,,,,,,,,,,,,,,,,,,,,,,,,,,,,,,,,,,,,,,,,,,,,,97.52778,21.85487,0.05296307,97.52778,21.85487,-0.022013268,,,,,,,,,,,,,,,,,,,,,,,,,,,,,,,,,,,,,,,,,,,,,,,,,,,,,,,,,,,,,,,
97.52778,21.88485,0.00086271,97.52778,21.88485,0.00050572655,,,,,,,,,,,,,,,,,,,,,,,,,,,,,,,,,,,,,,,,,,,,,,,,,,,,,,,,,,,,,97.52778,21.88485,0.59569263,97.52778,21.88485,-0.31320488,,,,,,,,,,,,,,,,,,,,,,,,,,,,,,,,,,,,,,,,,,,,,,,,,,,,,,,,,,,,,,,
97.52778,21.91483,0.0007883385,97.52778,21.91483,0.0007139669,,,,,,,,,,,,,,,,,,,,,,,,,,,,,,,,,,,,,,,,,,,,,,,,,,,,,,,,,,,,,97.52778,21.91483,0.40816772,97.52778,21.91483,0.46242225,,,,,,,,,,,,,,,,,,,,,,,,,,,,,,,,,,,,,,,,,,,,,,,,,,,,,,,,,,,,,,,
97.52778,21.944807,0.00062472105,97.52778,21.944807,0.000713967,,,,,,,,,,,,,,,,,,,,,,,,,,,,,,,,,,,,,,,,,,,,,,,,,,,,,,,,,,,,,97.52778,21.944807,-0.18330431,97.52778,21.944807,0.4745777,,,,,,,,,,,,,,,,,,,,,,,,,,,,,,,,,,,,,,,,,,,,,,,,,,,,,,,,,,,,,,,
97.52778,21.974787,0.0007734641,97.52778,21.974787,0.00062472105,,,,,,,,,,,,,,,,,,,,,,,,,,,,,,,,,,,,,,,,,,,,,,,,,,,,,,,,,,,,,97.52778,21.974787,0.35510772,97.52778,21.974787,0.09046492,,,,,,,,,,,,,,,,,,,,,,,,,,,,,,,,,,,,,,,,,,,,,,,,,,,,,,,,,,,,,,,
97.52778,22.004766,0.0007437156,97.52778,22.004766,0.0005800982,,,,,,,,,,,,,,,,,,,,,,,,,,,,,,,,,,,,,,,,,,,,,,,,,,,,,,,,,,,,,97.52778,22.004766,0.21187644,97.52778,22.004766,-0.052440975,,,,,,,,,,,,,,,,,,,,,,,,,,,,,,,,,,,,,,,,,,,,,,,,,,,,,,,,,,,,,,,
97.52778,22.034746,0.00071396696,97.52778,22.034746,0.0005503495,,,,,,,,,,,,,,,,,,,,,,,,,,,,,,,,,,,,,,,,,,,,,,,,,,,,,,,,,,,,,97.52778,22.034746,0.15947594,97.52778,22.034746,-0.16811995,,,,,,,,,,,,,,,,,,,,,,,,,,,,,,,,,,,,,,,,,,,,,,,,,,,,,,,,,,,,,,,
97.52778,22.064724,0.0007883385,97.52778,22.064724,0.00074371556,,,,,,,,,,,,,,,,,,,,,,,,,,,,,,,,,,,,,,,,,,,,,,,,,,,,,,,,,,,,,97.52778,22.064724,0.38817373,97.52778,22.064724,0.5616358,,,,,,,,,,,,,,,,,,,,,,,,,,,,,,,,,,,,,,,,,,,,,,,,,,,,,,,,,,,,,,,
97.52778,22.094704,0.0006247211,97.52778,22.094704,0.00065446965,,,,,,,,,,,,,,,,,,,,,,,,,,,,,,,,,,,,,,,,,,,,,,,,,,,,,,,,,,,,,97.52778,22.094704,-0.15586093,97.52778,22.094704,0.26752508,,,,,,,,,,,,,,,,,,,,,,,,,,,,,,,,,,,,,,,,,,,,,,,,,,,,,,,,,,,,,,,
97.52778,22.124683,0.00072884123,97.52778,22.124683,0.00075858994,,,,,,,,,,,,,,,,,,,,,,,,,,,,,,,,,,,,,,,,,,,,,,,,,,,,,,,,,,,,,97.52778,22.124683,0.19863757,97.52778,22.124683,0.60616136,,,,,,,,,,,,,,,,,,,,,,,,,,,,,,,,,,,,,,,,,,,,,,,,,,,,,,,,,,,,,,,
97.52778,22.154663,0.0006247211,97.52778,22.154663,0.00066934404,,,,,,,,,,,,,,,,,,,,,,,,,,,,,,,,,,,,,,,,,,,,,,,,,,,,,,,,,,,,,97.52778,22.154663,-0.17295009,97.52778,22.154663,0.2872663,,,,,,,,,,,,,,,,,,,,,,,,,,,,,,,,,,,,,,,,,,,,,,,,,,,,,,,,,,,,,,,
97.52778,22.184643,0.0006098468,97.52778,22.184643,0.00068421825,,,,,,,,,,,,,,,,,,,,,,,,,,,,,,,,,,,,,,,,,,,,,,,,,,,,,,,,,,,,,97.52778,22.184643,-0.17534982,97.52778,22.184643,0.32767394,,,,,,,,,,,,,,,,,,,,,,,,,,,,,,,,,,,,,,,,,,,,,,,,,,,,,,,,,,,,,,,
97.52778,22.21462,0.00081808714,97.52778,22.21462,0.00066934404,,,,,,,,,,,,,,,,,,,,,,,,,,,,,,,,,,,,,,,,,,,,,,,,,,,,,,,,,,,,,97.52778,22.21462,0.49527544,97.52778,22.21462,0.3274487,,,,,,,,,,,,,,,,,,,,,,,,,,,,,,,,,,,,,,,,,,,,,,,,,,,,,,,,,,,,,,,
97.52778,22.2446,0.00083296146,97.52778,22.2446,0.0006098468,,,,,,,,,,,,,,,,,,,,,,,,,,,,,,,,,,,,,,,,,,,,,,,,,,,,,,,,,,,,,97.52778,22.2446,0.536756,97.52778,22.2446,0.07254582,,,,,,,,,,,,,,,,,,,,,,,,,,,,,,,,,,,,,,,,,,,,,,,,,,,,,,,,,,,,,,,
97.52778,22.27458,0.0008478358,97.52778,22.27458,0.00069909263,,,,,,,,,,,,,,,,,,,,,,,,,,,,,,,,,,,,,,,,,,,,,,,,,,,,,,,,,,,,,97.52778,22.27458,0.5696145,97.52778,22.27458,0.39680842,,,,,,,,,,,,,,,,,,,,,,,,,,,,,,,,,,,,,,,,,,,,,,,,,,,,,,,,,,,,,,,
97.52778,22.30456,0.0006395954,97.52778,22.30456,0.0005949724,,,,,,,,,,,,,,,,,,,,,,,,,,,,,,,,,,,,,,,,,,,,,,,,,,,,,,,,,,,,,97.52778,22.30456,-0.089202195,97.52778,22.30456,0.044467144,,,,,,,,,,,,,,,,,,,,,,,,,,,,,,,,,,,,,,,,,,,,,,,,,,,,,,,,,,,,,,,
97.52778,22.334538,0.0005949724,97.52778,22.334538,0.0006544697,,,,,,,,,,,,,,,,,,,,,,,,,,,,,,,,,,,,,,,,,,,,,,,,,,,,,,,,,,,,,97.52778,22.334538,-0.2527949,97.52778,22.334538,0.24360114,,,,,,,,,,,,,,,,,,,,,,,,,,,,,,,,,,,,,,,,,,,,,,,,,,,,,,,,,,,,,,,
97.52778,22.364517,0.0007734641,97.52778,22.364517,0.0004908523,,,,,,,,,,,,,,,,,,,,,,,,,,,,,,,,,,,,,,,,,,,,,,,,,,,,,,,,,,,,,97.52778,22.364517,0.3189975,97.52778,22.364517,-0.37313682,,,,,,,,,,,,,,,,,,,,,,,,,,,,,,,,,,,,,,,,,,,,,,,,,,,,,,,,,,,,,,,
97.52778,22.394497,0.0007139669,97.52778,22.394497,0.00080321287,,,,,,,,,,,,,,,,,,,,,,,,,,,,,,,,,,,,,,,,,,,,,,,,,,,,,,,,,,,,,97.52778,22.394497,0.15594234,97.52778,22.394497,0.8042852,,,,,,,,,,,,,,,,,,,,,,,,,,,,,,,,,,,,,,,,,,,,,,,,,,,,,,,,,,,,,,,
97.52778,22.424477,0.00066934404,97.52778,22.424477,0.0006247211,,,,,,,,,,,,,,,,,,,,,,,,,,,,,,,,,,,,,,,,,,,,,,,,,,,,,,,,,,,,,97.52778,22.424477,0.0009081761,97.52778,22.424477,0.17363778,,,,,,,,,,,,,,,,,,,,,,,,,,,,,,,,,,,,,,,,,,,,,,,,,,,,,,,,,,,,,,,
97.52778,22.454454,0.00065446965,97.52778,22.454454,0.00055034953,,,,,,,,,,,,,,,,,,,,,,,,,,,,,,,,,,,,,,,,,,,,,,,,,,,,,,,,,,,,,97.52778,22.454454,-0.06589112,97.52778,22.454454,-0.1522621,,,,,,,,,,,,,,,,,,,,,,,,,,,,,,,,,,,,,,,,,,,,,,,,,,,,,,,,,,,,,,,
97.52778,22.484434,0.00078833854,97.52778,22.484434,0.00065446965,,,,,,,,,,,,,,,,,,,,,,,,,,,,,,,,,,,,,,,,,,,,,,,,,,,,,,,,,,,,,97.52778,22.484434,0.39971942,97.52778,22.484434,0.30609962,,,,,,,,,,,,,,,,,,,,,,,,,,,,,,,,,,,,,,,,,,,,,,,,,,,,,,,,,,,,,,,
97.52778,22.514414,0.00080321287,97.52778,22.514414,0.00066934404,,,,,,,,,,,,,,,,,,,,,,,,,,,,,,,,,,,,,,,,,,,,,,,,,,,,,,,,,,,,,97.52778,22.514414,0.46886572,97.52778,22.514414,0.305216,,,,,,,,,,,,,,,,,,,,,,,,,,,,,,,,,,,,,,,,,,,,,,,,,,,,,,,,,,,,,,,
97.52778,22.544394,0.00074371556,97.52778,22.544394,0.00069909263,,,,,,,,,,,,,,,,,,,,,,,,,,,,,,,,,,,,,,,,,,,,,,,,,,,,,,,,,,,,,97.52778,22.544394,0.25282028,97.52778,22.544394,0.4270684,,,,,,,,,,,,,,,,,,,,,,,,,,,,,,,,,,,,,,,,,,,,,,,,,,,,,,,,,,,,,,,
97.52778,22.574371,0.0006098467,97.52778,22.574371,0.0005949724,,,,,,,,,,,,,,,,,,,,,,,,,,,,,,,,,,,,,,,,,,,,,,,,,,,,,,,,,,,,,97.52778,22.574371,-0.2184531,97.52778,22.574371,0.006929272,,,,,,,,,,,,,,,,,,,,,,,,,,,,,,,,,,,,,,,,,,,,,,,,,,,,,,,,,,,,,,,
97.52778,22.604351,0.00056522386,97.52778,22.604351,0.0007585899,,,,,,,,,,,,,,,,,,,,,,,,,,,,,,,,,,,,,,,,,,,,,,,,,,,,,,,,,,,,,97.52778,22.604351,-0.3704788,97.52778,22.604351,0.6086624,,,,,,,,,,,,,,,,,,,,,,,,,,,,,,,,,,,,,,,,,,,,,,,,,,,,,,,,,,,,,,,
97.52778,22.63433,0.0007883386,97.52778,22.63433,0.00069909263,,,,,,,,,,,,,,,,,,,,,,,,,,,,,,,,,,,,,,,,,,,,,,,,,,,,,,,,,,,,,97.52778,22.63433,0.35590705,97.52778,22.63433,0.3648406,,,,,,,,,,,,,,,,,,,,,,,,,,,,,,,,,,,,,,,,,,,,,,,,,,,,,,,,,,,,,,,
97.52778,22.66431,0.0007734641,97.52778,22.66431,0.0006395954,,,,,,,,,,,,,,,,,,,,,,,,,,,,,,,,,,,,,,,,,,,,,,,,,,,,,,,,,,,,,97.52778,22.66431,0.35198894,97.52778,22.66431,0.21135043,,,,,,,,,,,,,,,,,,,,,,,,,,,,,,,,,,,,,,,,,,,,,,,,,,,,,,,,,,,,,,,
97.52778,22.694288,0.0004759779,97.52778,22.694288,0.0005206009,,,,,,,,,,,,,,,,,,,,,,,,,,,,,,,,,,,,,,,,,,,,,,,,,,,,,,,,,,,,,97.52778,22.694288,-0.64865834,97.52778,22.694288,-0.23516409,,,,,,,,,,,,,,,,,,,,,,,,,,,,,,,,,,,,,,,,,,,,,,,,,,,,,,,,,,,,,,,
97.52778,22.724268,0.0005949724,97.52778,22.724268,0.0006395954,,,,,,,,,,,,,,,,,,,,,,,,,,,,,,,,,,,,,,,,,,,,,,,,,,,,,,,,,,,,,97.52778,22.724268,-0.250649,97.52778,22.724268,0.21940304,,,,,,,,,,,,,,,,,,,,,,,,,,,,,,,,,,,,,,,,,,,,,,,,,,,,,,,,,,,,,,,
97.52778,22.754248,0.00053547526,97.52778,22.754248,0.00047597795,,,,,,,,,,,,,,,,,,,,,,,,,,,,,,,,,,,,,,,,,,,,,,,,,,,,,,,,,,,,,97.52778,22.754248,-0.43900782,97.52778,22.754248,-0.42119583,,,,,,,,,,,,,,,,,,,,,,,,,,,,,,,,,,,,,,,,,,,,,,,,,,,,,,,,,,,,,,,
97.52778,22.784227,0.00080321287,97.52778,22.784227,0.0006098468,,,,,,,,,,,,,,,,,,,,,,,,,,,,,,,,,,,,,,,,,,,,,,,,,,,,,,,,,,,,,97.52778,22.784227,0.4372781,97.52778,22.784227,0.0647349,,,,,,,,,,,,,,,,,,,,,,,,,,,,,,,,,,,,,,,,,,,,,,,,,,,,,,,,,,,,,,,
97.52778,22.814205,0.0006098467,97.52778,22.814205,0.0004908523,,,,,,,,,,,,,,,,,,,,,,,,,,,,,,,,,,,,,,,,,,,,,,,,,,,,,,,,,,,,,97.52778,22.814205,-0.19663595,97.52778,22.814205,-0.3589982,,,,,,,,,,,,,,,,,,,,,,,,,,,,,,,,,,,,,,,,,,,,,,,,,,,,,,,,,,,,,,,
97.52778,22.844185,0.00062472105,97.52778,22.844185,0.00069909263,,,,,,,,,,,,,,,,,,,,,,,,,,,,,,,,,,,,,,,,,,,,,,,,,,,,,,,,,,,,,97.52778,22.844185,-0.17505524,97.52778,22.844185,0.40257317,,,,,,,,,,,,,,,,,,,,,,,,,,,,,,,,,,,,,,,,,,,,,,,,,,,,,,,,,,,,,,,
97.52778,22.874165,0.00072884123,97.52778,22.874165,0.0007883385,,,,,,,,,,,,,,,,,,,,,,,,,,,,,,,,,,,,,,,,,,,,,,,,,,,,,,,,,,,,,97.52778,22.874165,0.2272423,97.52778,22.874165,0.7829851,,,,,,,,,,,,,,,,,,,,,,,,,,,,,,,,,,,,,,,,,,,,,,,,,,,,,,,,,,,,,,,
97.52778,22.904144,0.0005354752,97.52778,22.904144,0.0007139669,,,,,,,,,,,,,,,,,,,,,,,,,,,,,,,,,,,,,,,,,,,,,,,,,,,,,,,,,,,,,97.52778,22.904144,-0.45101056,97.52778,22.904144,0.46482536,,,,,,,,,,,,,,,,,,,,,,,,,,,,,,,,,,,,,,,,,,,,,,,,,,,,,,,,,,,,,,,
97.52778,22.934122,0.00087758433,97.52778,22.934122,0.0007139669,,,,,,,,,,,,,,,,,,,,,,,,,,,,,,,,,,,,,,,,,,,,,,,,,,,,,,,,,,,,,97.52778,22.934122,0.71408916,97.52778,22.934122,0.46313614,,,,,,,,,,,,,,,,,,,,,,,,,,,,,,,,,,,,,,,,,,,,,,,,,,,,,,,,,,,,,,,
97.52778,22.964102,0.00055034953,97.52778,22.964102,0.00060984667,,,,,,,,,,,,,,,,,,,,,,,,,,,,,,,,,,,,,,,,,,,,,,,,,,,,,,,,,,,,,97.52778,22.964102,-0.4179407,97.52778,22.964102,0.0927455,,,,,,,,,,,,,,,,,,,,,,,,,,,,,,,,,,,,,,,,,,,,,,,,,,,,,,,,,,,,,,,
97.52778,22.994081,0.00069909263,97.52778,22.994081,0.0004908523,,,,,,,,,,,,,,,,,,,,,,,,,,,,,,,,,,,,,,,,,,,,,,,,,,,,,,,,,,,,,97.52778,22.994081,0.10563833,97.52778,22.994081,-0.3454107,,,,,,,,,,,,,,,,,,,,,,,,,,,,,,,,,,,,,,,,,,,,,,,,,,,,,,,,,,,,,,,
97.52778,23.024061,0.0007288412,97.52778,23.024061,0.0005503495,,,,,,,,,,,,,,,,,,,,,,,,,,,,,,,,,,,,,,,,,,,,,,,,,,,,,,,,,,,,,97.52778,23.024061,0.19737019,97.52778,23.024061,-0.15070827,,,,,,,,,,,,,,,,,,,,,,,,,,,,,,,,,,,,,,,,,,,,,,,,,,,,,,,,,,,,,,,
97.52778,23.05404,0.0006247212,97.52778,23.05404,0.0005503495,,,,,,,,,,,,,,,,,,,,,,,,,,,,,,,,,,,,,,,,,,,,,,,,,,,,,,,,,,,,,97.52778,23.05404,-0.12594984,97.52778,23.05404,-0.14148408,,,,,,,,,,,,,,,,,,,,,,,,,,,,,,,,,,,,,,,,,,,,,,,,,,,,,,,,,,,,,,,
97.52778,23.084019,0.0007734641,97.52778,23.084019,0.0006395954,,,,,,,,,,,,,,,,,,,,,,,,,,,,,,,,,,,,,,,,,,,,,,,,,,,,,,,,,,,,,97.52778,23.084019,0.3169346,97.52778,23.084019,0.19684276,,,,,,,,,,,,,,,,,,,,,,,,,,,,,,,,,,,,,,,,,,,,,,,,,,,,,,,,,,,,,,,
97.52778,23.113998,0.0008180871,97.52778,23.113998,0.0007585898,,,,,,,,,,,,,,,,,,,,,,,,,,,,,,,,,,,,,,,,,,,,,,,,,,,,,,,,,,,,,97.52778,23.113998,0.46625865,97.52778,23.113998,0.6457116,,,,,,,,,,,,,,,,,,,,,,,,,,,,,,,,,,,,,,,,,,,,,,,,,,,,,,,,,,,,,,,
97.52778,23.143978,0.0007883385,97.52778,23.143978,0.0005652238,,,,,,,,,,,,,,,,,,,,,,,,,,,,,,,,,,,,,,,,,,,,,,,,,,,,,,,,,,,,,97.52778,23.143978,0.39971146,97.52778,23.143978,-0.11008157,,,,,,,,,,,,,,,,,,,,,,,,,,,,,,,,,,,,,,,,,,,,,,,,,,,,,,,,,,,,,,,
97.52778,23.173958,0.0006395954,97.52778,23.173958,0.0005354752,,,,,,,,,,,,,,,,,,,,,,,,,,,,,,,,,,,,,,,,,,,,,,,,,,,,,,,,,,,,,97.52778,23.173958,-0.0965383,97.52778,23.173958,-0.22651069,,,,,,,,,,,,,,,,,,,,,,,,,,,,,,,,,,,,,,,,,,,,,,,,,,,,,,,,,,,,,,,
97.52778,23.203936,0.0005503495,97.52778,23.203936,0.0006395954,,,,,,,,,,,,,,,,,,,,,,,,,,,,,,,,,,,,,,,,,,,,,,,,,,,,,,,,,,,,,97.52778,23.203936,-0.40629187,97.52778,23.203936,0.21106815,,,,,,,,,,,,,,,,,,,,,,,,,,,,,,,,,,,,,,,,,,,,,,,,,,,,,,,,,,,,,,,
97.52778,23.233915,0.0007585898,97.52778,23.233915,0.00053547515,,,,,,,,,,,,,,,,,,,,,,,,,,,,,,,,,,,,,,,,,,,,,,,,,,,,,,,,,,,,,97.52778,23.233915,0.26570797,97.52778,23.233915,-0.1764107,,,,,,,,,,,,,,,,,,,,,,,,,,,,,,,,,,,,,,,,,,,,,,,,,,,,,,,,,,,,,,,
97.52778,23.263895,0.00086271006,97.52778,23.263895,0.00081808714,,,,,,,,,,,,,,,,,,,,,,,,,,,,,,,,,,,,,,,,,,,,,,,,,,,,,,,,,,,,,97.52778,23.263895,0.67206407,97.52778,23.263895,0.82505095,,,,,,,,,,,,,,,,,,,,,,,,,,,,,,,,,,,,,,,,,,,,,,,,,,,,,,,,,,,,,,,
97.52778,23.293875,0.0007585899,97.52778,23.293875,0.00050572655,,,,,,,,,,,,,,,,,,,,,,,,,,,,,,,,,,,,,,,,,,,,,,,,,,,,,,,,,,,,,97.52778,23.293875,0.29996103,97.52778,23.293875,-0.302468,,,,,,,,,,,,,,,,,,,,,,,,,,,,,,,,,,,,,,,,,,,,,,,,,,,,,,,,,,,,,,,
97.52778,23.323853,0.0006395953,97.52778,23.323853,0.00058009813,,,,,,,,,,,,,,,,,,,,,,,,,,,,,,,,,,,,,,,,,,,,,,,,,,,,,,,,,,,,,97.52778,23.323853,-0.1178666,97.52778,23.323853,-0.016431289,,,,,,,,,,,,,,,,,,,,,,,,,,,,,,,,,,,,,,,,,,,,,,,,,,,,,,,,,,,,,,,
97.52778,23.353832,0.0006990926,97.52778,23.353832,0.00069909263,,,,,,,,,,,,,,,,,,,,,,,,,,,,,,,,,,,,,,,,,,,,,,,,,,,,,,,,,,,,,97.52778,23.353832,0.07667083,97.52778,23.353832,0.4299343,,,,,,,,,,,,,,,,,,,,,,,,,,,,,,,,,,,,,,,,,,,,,,,,,,,,,,,,,,,,,,,
97.52778,23.383812,0.0006990926,97.52778,23.383812,0.0005206009,,,,,,,,,,,,,,,,,,,,,,,,,,,,,,,,,,,,,,,,,,,,,,,,,,,,,,,,,,,,,97.52778,23.383812,0.081346124,97.52778,23.383812,-0.25618955,,,,,,,,,,,,,,,,,,,,,,,,,,,,,,,,,,,,,,,,,,,,,,,,,,,,,,,,,,,,,,,
97.52778,23.413792,0.0008478358,97.52778,23.413792,0.0007585898,,,,,,,,,,,,,,,,,,,,,,,,,,,,,,,,,,,,,,,,,,,,,,,,,,,,,,,,,,,,,97.52778,23.413792,0.59963894,97.52778,23.413792,0.6185887,,,,,,,,,,,,,,,,,,,,,,,,,,,,,,,,,,,,,,,,,,,,,,,,,,,,,,,,,,,,,,,
97.52778,23.44377,0.00069909263,97.52778,23.44377,0.0005503495,,,,,,,,,,,,,,,,,,,,,,,,,,,,,,,,,,,,,,,,,,,,,,,,,,,,,,,,,,,,,97.52778,23.44377,0.12311754,97.52778,23.44377,-0.1457548,,,,,,,,,,,,,,,,,,,,,,,,,,,,,,,,,,,,,,,,,,,,,,,,,,,,,,,,,,,,,,,
97.52778,23.47375,0.0008924587,97.52778,23.47375,0.00065446965,,,,,,,,,,,,,,,,,,,,,,,,,,,,,,,,,,,,,,,,,,,,,,,,,,,,,,,,,,,,,97.52778,23.47375,0.7300157,97.52778,23.47375,0.24480659,,,,,,,,,,,,,,,,,,,,,,,,,,,,,,,,,,,,,,,,,,,,,,,,,,,,,,,,,,,,,,,
97.52778,23.503729,0.00068421825,97.52778,23.503729,0.00062472105,,,,,,,,,,,,,,,,,,,,,,,,,,,,,,,,,,,,,,,,,,,,,,,,,,,,,,,,,,,,,97.52778,23.503729,0.040436827,97.52778,23.503729,0.13807528,,,,,,,,,,,,,,,,,,,,,,,,,,,,,,,,,,,,,,,,,,,,,,,,,,,,,,,,,,,,,,,
97.52778,23.533709,0.00066934404,97.52778,23.533709,0.00044622936,,,,,,,,,,,,,,,,,,,,,,,,,,,,,,,,,,,,,,,,,,,,,,,,,,,,,,,,,,,,,97.52778,23.533709,-0.008302109,97.52778,23.533709,-0.534179,,,,,,,,,,,,,,,,,,,,,,,,,,,,,,,,,,,,,,,,,,,,,,,,,,,,,,,,,,,,,,,
97.52778,23.563686,0.0007437156,97.52778,23.563686,0.0006544697,,,,,,,,,,,,,,,,,,,,,,,,,,,,,,,,,,,,,,,,,,,,,,,,,,,,,,,,,,,,,97.52778,23.563686,0.27517885,97.52778,23.563686,0.22160536,,,,,,,,,,,,,,,,,,,,,,,,,,,,,,,,,,,,,,,,,,,,,,,,,,,,,,,,,,,,,,,
97.52778,23.593666,0.00065446965,97.52778,23.593666,0.00040160638,,,,,,,,,,,,,,,,,,,,,,,,,,,,,,,,,,,,,,,,,,,,,,,,,,,,,,,,,,,,,97.52778,23.593666,-0.070374526,97.52778,23.593666,-0.70712453,,,,,,,,,,,,,,,,,,,,,,,,,,,,,,,,,,,,,,,,,,,,,,,,,,,,,,,,,,,,,,,
97.52778,23.623646,0.0006395954,97.52778,23.623646,0.00052060094,,,,,,,,,,,,,,,,,,,,,,,,,,,,,,,,,,,,,,,,,,,,,,,,,,,,,,,,,,,,,97.52778,23.623646,-0.13887852,97.52778,23.623646,-0.2575936,,,,,,,,,,,,,,,,,,,,,,,,,,,,,,,,,,,,,,,,,,,,,,,,,,,,,,,,,,,,,,,
97.52778,23.653625,0.0008627101,97.52778,23.653625,0.00047597795,,,,,,,,,,,,,,,,,,,,,,,,,,,,,,,,,,,,,,,,,,,,,,,,,,,,,,,,,,,,,97.52778,23.653625,0.6409103,97.52778,23.653625,-0.39313877,,,,,,,,,,,,,,,,,,,,,,,,,,,,,,,,,,,,,,,,,,,,,,,,,,,,,,,,,,,,,,,
97.52778,23.683603,0.00090733304,97.52778,23.683603,0.00062472105,,,,,,,,,,,,,,,,,,,,,,,,,,,,,,,,,,,,,,,,,,,,,,,,,,,,,,,,,,,,,97.52778,23.683603,0.7929815,97.52778,23.683603,0.10658386,,,,,,,,,,,,,,,,,,,,,,,,,,,,,,,,,,,,,,,,,,,,,,,,,,,,,,,,,,,,,,,
97.52778,23.713583,0.00072884123,97.52778,23.713583,0.0005652238,,,,,,,,,,,,,,,,,,,,,,,,,,,,,,,,,,,,,,,,,,,,,,,,,,,,,,,,,,,,,97.52778,23.713583,0.17664404,97.52778,23.713583,-0.117754065,,,,,,,,,,,,,,,,,,,,,,,,,,,,,,,,,,,,,,,,,,,,,,,,,,,,,,,,,,,,,,,
97.52778,23.743563,0.00075858994,97.52778,23.743563,0.0007585899,,,,,,,,,,,,,,,,,,,,,,,,,,,,,,,,,,,,,,,,,,,,,,,,,,,,,,,,,,,,,97.52778,23.743563,0.29814097,97.52778,23.743563,0.5955269,,,,,,,,,,,,,,,,,,,,,,,,,,,,,,,,,,,,,,,,,,,,,,,,,,,,,,,,,,,,,,,
97.52778,23.773542,0.00058009813,97.52778,23.773542,0.0005354752,,,,,,,,,,,,,,,,,,,,,,,,,,,,,,,,,,,,,,,,,,,,,,,,,,,,,,,,,,,,,97.52778,23.773542,-0.2777278,97.52778,23.773542,-0.22648883,,,,,,,,,,,,,,,,,,,,,,,,,,,,,,,,,,,,,,,,,,,,,,,,,,,,,,,,,,,,,,,
97.52778,23.80352,0.0007139669,97.52778,23.80352,0.0006544697,,,,,,,,,,,,,,,,,,,,,,,,,,,,,,,,,,,,,,,,,,,,,,,,,,,,,,,,,,,,,97.52778,23.80352,0.12932421,97.52778,23.80352,0.27216005,,,,,,,,,,,,,,,,,,,,,,,,,,,,,,,,,,,,,,,,,,,,,,,,,,,,,,,,,,,,,,,
97.52778,23.8335,0.00080321287,97.52778,23.8335,0.0006395954,,,,,,,,,,,,,,,,,,,,,,,,,,,,,,,,,,,,,,,,,,,,,,,,,,,,,,,,,,,,,97.52778,23.8335,0.4679357,97.52778,23.8335,0.16529708,,,,,,,,,,,,,,,,,,,,,,,,,,,,,,,,,,,,,,,,,,,,,,,,,,,,,,,,,,,,,,,
97.52778,23.86348,0.0008032128,97.52778,23.86348,0.0006990926,,,,,,,,,,,,,,,,,,,,,,,,,,,,,,,,,,,,,,,,,,,,,,,,,,,,,,,,,,,,,97.52778,23.86348,0.46827114,97.52778,23.86348,0.42415935,,,,,,,,,,,,,,,,,,,,,,,,,,,,,,,,,,,,,,,,,,,,,,,,,,,,,,,,,,,,,,,
97.52778,23.89346,0.00068421836,97.52778,23.89346,0.0006098467,,,,,,,,,,,,,,,,,,,,,,,,,,,,,,,,,,,,,,,,,,,,,,,,,,,,,,,,,,,,,97.52778,23.89346,0.060512226,97.52778,23.89346,0.095913835,,,,,,,,,,,,,,,,,,,,,,,,,,,,,,,,,,,,,,,,,,,,,,,,,,,,,,,,,,,,,,,
97.52778,23.923439,0.0007883386,97.52778,23.923439,0.0005057266,,,,,,,,,,,,,,,,,,,,,,,,,,,,,,,,,,,,,,,,,,,,,,,,,,,,,,,,,,,,,97.52778,23.923439,0.3834246,97.52778,23.923439,-0.30549702,,,,,,,,,,,,,,,,,,,,,,,,,,,,,,,,,,,,,,,,,,,,,,,,,,,,,,,,,,,,,,,
97.52778,23.953417,0.00083296146,97.52778,23.953417,0.00068421825,,,,,,,,,,,,,,,,,,,,,,,,,,,,,,,,,,,,,,,,,,,,,,,,,,,,,,,,,,,,,97.52778,23.953417,0.54314685,97.52778,23.953417,0.36010998,,,,,,,,,,,,,,,,,,,,,,,,,,,,,,,,,,,,,,,,,,,,,,,,,,,,,,,,,,,,,,,
97.52778,23.983397,0.00072884123,97.52778,23.983397,0.0004016064,,,,,,,,,,,,,,,,,,,,,,,,,,,,,,,,,,,,,,,,,,,,,,,,,,,,,,,,,,,,,97.52778,23.983397,0.20320562,97.52778,23.983397,-0.687939,,,,,,,,,,,,,,,,,,,,,,,,,,,,,,,,,,,,,,,,,,,,,,,,,,,,,,,,,,,,,,,
97.52778,24.013376,0.0007437155,97.52778,24.013376,0.00068421836,,,,,,,,,,,,,,,,,,,,,,,,,,,,,,,,,,,,,,,,,,,,,,,,,,,,,,,,,,,,,97.52778,24.013376,0.22323005,97.52778,24.013376,0.3058566,,,,,,,,,,,,,,,,,,,,,,,,,,,,,,,,,,,,,,,,,,,,,,,,,,,,,,,,,,,,,,,
97.52778,24.043356,0.0006098468,97.52778,24.043356,0.0007734641,,,,,,,,,,,,,,,,,,,,,,,,,,,,,,,,,,,,,,,,,,,,,,,,,,,,,,,,,,,,,97.52778,24.043356,-0.21395217,97.52778,24.043356,0.67342407,,,,,,,,,,,,,,,,,,,,,,,,,,,,,,,,,,,,,,,,,,,,,,,,,,,,,,,,,,,,,,,
97.52778,24.073334,0.00069909263,97.52778,24.073334,0.0006098467,,,,,,,,,,,,,,,,,,,,,,,,,,,,,,,,,,,,,,,,,,,,,,,,,,,,,,,,,,,,,97.52778,24.073334,0.11682008,97.52778,24.073334,0.058834214,,,,,,,,,,,,,,,,,,,,,,,,,,,,,,,,,,,,,,,,,,,,,,,,,,,,,,,,,,,,,,,
97.52778,24.103313,0.0005354752,97.52778,24.103313,0.0005206009,,,,,,,,,,,,,,,,,,,,,,,,,,,,,,,,,,,,,,,,,,,,,,,,,,,,,,,,,,,,,97.52778,24.103313,-0.44340703,97.52778,24.103313,-0.23864038,,,,,,,,,,,,,,,,,,,,,,,,,,,,,,,,,,,,,,,,,,,,,,,,,,,,,,,,,,,,,,,
97.52778,24.133293,0.00068421825,97.52778,24.133293,0.00062472105,,,,,,,,,,,,,,,,,,,,,,,,,,,,,,,,,,,,,,,,,,,,,,,,,,,,,,,,,,,,,97.52778,24.133293,0.07280378,97.52778,24.133293,0.14261995,,,,,,,,,,,,,,,,,,,,,,,,,,,,,,,,,,,,,,,,,,,,,,,,,,,,,,,,,,,,,,,
97.52778,24.163273,0.0009222073,97.52778,24.163273,0.00065446977,,,,,,,,,,,,,,,,,,,,,,,,,,,,,,,,,,,,,,,,,,,,,,,,,,,,,,,,,,,,,97.52778,24.163273,0.84892005,97.52778,24.163273,0.22772162,,,,,,,,,,,,,,,,,,,,,,,,,,,,,,,,,,,,,,,,,,,,,,,,,,,,,,,,,,,,,,,
97.52778,24.19325,0.00065446965,97.52778,24.19325,0.00062472105,,,,,,,,,,,,,,,,,,,,,,,,,,,,,,,,,,,,,,,,,,,,,,,,,,,,,,,,,,,,,97.52778,24.19325,-0.07802927,97.52778,24.19325,0.118958,,,,,,,,,,,,,,,,,,,,,,,,,,,,,,,,,,,,,,,,,,,,,,,,,,,,,,,,,,,,,,,
97.52778,24.22323,0.0005503495,97.52778,24.22323,0.0006395953,,,,,,,,,,,,,,,,,,,,,,,,,,,,,,,,,,,,,,,,,,,,,,,,,,,,,,,,,,,,,97.52778,24.22323,-0.43397576,97.52778,24.22323,0.22939965,,,,,,,,,,,,,,,,,,,,,,,,,,,,,,,,,,,,,,,,,,,,,,,,,,,,,,,,,,,,,,,
97.52778,24.25321,0.0006098467,97.52778,24.25321,0.0005949724,,,,,,,,,,,,,,,,,,,,,,,,,,,,,,,,,,,,,,,,,,,,,,,,,,,,,,,,,,,,,97.52778,24.25321,-0.19594479,97.52778,24.25321,0.0038618678,,,,,,,,,,,,,,,,,,,,,,,,,,,,,,,,,,,,,,,,,,,,,,,,,,,,,,,,,,,,,,,
97.52778,24.28319,0.0006098468,97.52778,24.28319,0.0005949724,,,,,,,,,,,,,,,,,,,,,,,,,,,,,,,,,,,,,,,,,,,,,,,,,,,,,,,,,,,,,97.52778,24.28319,-0.20664626,97.52778,24.28319,0.022644587,,,,,,,,,,,,,,,,,,,,,,,,,,,,,,,,,,,,,,,,,,,,,,,,,,,,,,,,,,,,,,,
97.52778,24.313168,0.0006098468,97.52778,24.313168,0.0005503495,,,,,,,,,,,,,,,,,,,,,,,,,,,,,,,,,,,,,,,,,,,,,,,,,,,,,,,,,,,,,97.52778,24.313168,-0.19519678,97.52778,24.313168,-0.15762126,,,,,,,,,,,,,,,,,,,,,,,,,,,,,,,,,,,,,,,,,,,,,,,,,,,,,,,,,,,,,,,
97.52778,24.343147,0.000624721,97.52778,24.343147,0.0006842183,,,,,,,,,,,,,,,,,,,,,,,,,,,,,,,,,,,,,,,,,,,,,,,,,,,,,,,,,,,,,97.52778,24.343147,-0.20105778,97.52778,24.343147,0.35888702,,,,,,,,,,,,,,,,,,,,,,,,,,,,,,,,,,,,,,,,,,,,,,,,,,,,,,,,,,,,,,,
97.52778,24.373127,0.0007585899,97.52778,24.373127,0.00062472105,,,,,,,,,,,,,,,,,,,,,,,,,,,,,,,,,,,,,,,,,,,,,,,,,,,,,,,,,,,,,97.52778,24.373127,0.280772,97.52778,24.373127,0.115052424,,,,,,,,,,,,,,,,,,,,,,,,,,,,,,,,,,,,,,,,,,,,,,,,,,,,,,,,,,,,,,,
97.52778,24.403107,0.0004611036,97.52778,24.403107,0.00047597795,,,,,,,,,,,,,,,,,,,,,,,,,,,,,,,,,,,,,,,,,,,,,,,,,,,,,,,,,,,,,97.52778,24.403107,-0.7280414,97.52778,24.403107,-0.43979758,,,,,,,,,,,,,,,,,,,,,,,,,,,,,,,,,,,,,,,,,,,,,,,,,,,,,,,,,,,,,,,
97.52778,24.433084,0.0007139669,97.52778,24.433084,0.0006247211,,,,,,,,,,,,,,,,,,,,,,,,,,,,,,,,,,,,,,,,,,,,,,,,,,,,,,,,,,,,,97.52778,24.433084,0.18167223,97.52778,24.433084,0.1311934,,,,,,,,,,,,,,,,,,,,,,,,,,,,,,,,,,,,,,,,,,,,,,,,,,,,,,,,,,,,,,,
97.52778,24.463064,0.00062472105,97.52778,24.463064,0.0005206009,,,,,,,,,,,,,,,,,,,,,,,,,,,,,,,,,,,,,,,,,,,,,,,,,,,,,,,,,,,,,97.52778,24.463064,-0.1448267,97.52778,24.463064,-0.24567175,,,,,,,,,,,,,,,,,,,,,,,,,,,,,,,,,,,,,,,,,,,,,,,,,,,,,,,,,,,,,,,
97.52778,24.493044,0.0006990926,97.52778,24.493044,0.0005949724,,,,,,,,,,,,,,,,,,,,,,,,,,,,,,,,,,,,,,,,,,,,,,,,,,,,,,,,,,,,,97.52778,24.493044,0.05248849,97.52778,24.493044,0.042905346,,,,,,,,,,,,,,,,,,,,,,,,,,,,,,,,,,,,,,,,,,,,,,,,,,,,,,,,,,,,,,,
97.52778,24.523024,0.0007585899,97.52778,24.523024,0.0005949724,,,,,,,,,,,,,,,,,,,,,,,,,,,,,,,,,,,,,,,,,,,,,,,,,,,,,,,,,,,,,97.52778,24.523024,0.2716631,97.52778,24.523024,0.042561233,,,,,,,,,,,,,,,,,,,,,,,,,,,,,,,,,,,,,,,,,,,,,,,,,,,,,,,,,,,,,,,
97.52778,24.553001,0.0008180872,97.52778,24.553001,0.00065446977,,,,,,,,,,,,,,,,,,,,,,,,,,,,,,,,,,,,,,,,,,,,,,,,,,,,,,,,,,,,,97.52778,24.553001,0.50659966,97.52778,24.553001,0.2320416,,,,,,,,,,,,,,,,,,,,,,,,,,,,,,,,,,,,,,,,,,,,,,,,,,,,,,,,,,,,,,,
97.52778,24.582981,0.00050572655,97.52778,24.582981,0.0005949724,,,,,,,,,,,,,,,,,,,,,,,,,,,,,,,,,,,,,,,,,,,,,,,,,,,,,,,,,,,,,97.52778,24.582981,-0.5727213,97.52778,24.582981,0.043306444,,,,,,,,,,,,,,,,,,,,,,,,,,,,,,,,,,,,,,,,,,,,,,,,,,,,,,,,,,,,,,,
97.52778,24.61296,0.0007437156,97.52778,24.61296,0.00068421825,,,,,,,,,,,,,,,,,,,,,,,,,,,,,,,,,,,,,,,,,,,,,,,,,,,,,,,,,,,,,97.52778,24.61296,0.2725327,97.52778,24.61296,0.3594464,,,,,,,,,,,,,,,,,,,,,,,,,,,,,,,,,,,,,,,,,,,,,,,,,,,,,,,,,,,,,,,
97.52778,24.64294,0.0006247212,97.52778,24.64294,0.00050572655,,,,,,,,,,,,,,,,,,,,,,,,,,,,,,,,,,,,,,,,,,,,,,,,,,,,,,,,,,,,,97.52778,24.64294,-0.12857634,97.52778,24.64294,-0.31520236,,,,,,,,,,,,,,,,,,,,,,,,,,,,,,,,,,,,,,,,,,,,,,,,,,,,,,,,,,,,,,,
97.52778,24.672918,0.00068421825,97.52778,24.672918,0.0005354752,,,,,,,,,,,,,,,,,,,,,,,,,,,,,,,,,,,,,,,,,,,,,,,,,,,,,,,,,,,,,97.52778,24.672918,0.03472767,97.52778,24.672918,-0.2152586,,,,,,,,,,,,,,,,,,,,,,,,,,,,,,,,,,,,,,,,,,,,,,,,,,,,,,,,,,,,,,,
97.52778,24.702898,0.0006395954,97.52778,24.702898,0.00058009813,,,,,,,,,,,,,,,,,,,,,,,,,,,,,,,,,,,,,,,,,,,,,,,,,,,,,,,,,,,,,97.52778,24.702898,-0.09999728,97.52778,24.702898,-0.018883767,,,,,,,,,,,,,,,,,,,,,,,,,,,,,,,,,,,,,,,,,,,,,,,,,,,,,,,,,,,,,,,
97.52778,24.732878,0.0005503495,97.52778,24.732878,0.0006247211,,,,,,,,,,,,,,,,,,,,,,,,,,,,,,,,,,,,,,,,,,,,,,,,,,,,,,,,,,,,,97.52778,24.732878,-0.40749758,97.52778,24.732878,0.13121445,,,,,,,,,,,,,,,,,,,,,,,,,,,,,,,,,,,,,,,,,,,,,,,,,,,,,,,,,,,,,,,
97.52778,24.762857,0.0005354752,97.52778,24.762857,0.00072884123,,,,,,,,,,,,,,,,,,,,,,,,,,,,,,,,,,,,,,,,,,,,,,,,,,,,,,,,,,,,,97.52778,24.762857,-0.42571035,97.52778,24.762857,0.5082793,,,,,,,,,,,,,,,,,,,,,,,,,,,,,,,,,,,,,,,,,,,,,,,,,,,,,,,,,,,,,,,
97.52778,24.792837,0.00072884123,97.52778,24.792837,0.000669344,,,,,,,,,,,,,,,,,,,,,,,,,,,,,,,,,,,,,,,,,,,,,,,,,,,,,,,,,,,,,97.52778,24.792837,0.2245453,97.52778,24.792837,0.29105833,,,,,,,,,,,,,,,,,,,,,,,,,,,,,,,,,,,,,,,,,,,,,,,,,,,,,,,,,,,,,,,
97.52778,24.822815,0.0006842183,97.52778,24.822815,0.0007883386,,,,,,,,,,,,,,,,,,,,,,,,,,,,,,,,,,,,,,,,,,,,,,,,,,,,,,,,,,,,,97.52778,24.822815,0.030303743,97.52778,24.822815,0.70037305,,,,,,,,,,,,,,,,,,,,,,,,,,,,,,,,,,,,,,,,,,,,,,,,,,,,,,,,,,,,,,,
97.52778,24.852795,0.0005949724,97.52778,24.852795,0.0005800982,,,,,,,,,,,,,,,,,,,,,,,,,,,,,,,,,,,,,,,,,,,,,,,,,,,,,,,,,,,,,97.52778,24.852795,-0.2637462,97.52778,24.852795,-0.02514238,,,,,,,,,,,,,,,,,,,,,,,,,,,,,,,,,,,,,,,,,,,,,,,,,,,,,,,,,,,,,,,
97.52778,24.882774,0.0006098468,97.52778,24.882774,0.0005800982,,,,,,,,,,,,,,,,,,,,,,,,,,,,,,,,,,,,,,,,,,,,,,,,,,,,,,,,,,,,,97.52778,24.882774,-0.19788587,97.52778,24.882774,-0.062101305,,,,,,,,,,,,,,,,,,,,,,,,,,,,,,,,,,,,,,,,,,,,,,,,,,,,,,,,,,,,,,,
97.52778,24.912754,0.000669344,97.52778,24.912754,0.0006247211,,,,,,,,,,,,,,,,,,,,,,,,,,,,,,,,,,,,,,,,,,,,,,,,,,,,,,,,,,,,,97.52778,24.912754,0.007330371,97.52778,24.912754,0.14365377,,,,,,,,,,,,,,,,,,,,,,,,,,,,,,,,,,,,,,,,,,,,,,,,,,,,,,,,,,,,,,,
97.52778,24.942732,0.00090733304,97.52778,24.942732,0.0004908523,,,,,,,,,,,,,,,,,,,,,,,,,,,,,,,,,,,,,,,,,,,,,,,,,,,,,,,,,,,,,97.52778,24.942732,0.76582515,97.52778,24.942732,-0.3363542,,,,,,,,,,,,,,,,,,,,,,,,,,,,,,,,,,,,,,,,,,,,,,,,,,,,,,,,,,,,,,,
97.52778,24.972712,0.00072884123,97.52778,24.972712,0.0006395954,,,,,,,,,,,,,,,,,,,,,,,,,,,,,,,,,,,,,,,,,,,,,,,,,,,,,,,,,,,,,97.52778,24.972712,0.20563763,97.52778,24.972712,0.2287034,,,,,,,,,,,,,,,,,,,,,,,,,,,,,,,,,,,,,,,,,,,,,,,,,,,,,,,,,,,,,,,
97.52778,25.002691,0.00058009813,97.52778,25.002691,0.00066934404,,,,,,,,,,,,,,,,,,,,,,,,,,,,,,,,,,,,,,,,,,,,,,,,,,,,,,,,,,,,,97.52778,25.002691,-0.2862139,97.52778,25.002691,0.2860763,,,,,,,,,,,,,,,,,,,,,,,,,,,,,,,,,,,,,,,,,,,,,,,,,,,,,,,,,,,,,,,
97.52778,25.032671,0.0007139669,97.52778,25.032671,0.0007585898,,,,,,,,,,,,,,,,,,,,,,,,,,,,,,,,,,,,,,,,,,,,,,,,,,,,,,,,,,,,,97.52778,25.032671,0.15333408,97.52778,25.032671,0.639674,,,,,,,,,,,,,,,,,,,,,,,,,,,,,,,,,,,,,,,,,,,,,,,,,,,,,,,,,,,,,,,
97.52778,25.062649,0.0007585899,97.52778,25.062649,0.00058009813,,,,,,,,,,,,,,,,,,,,,,,,,,,,,,,,,,,,,,,,,,,,,,,,,,,,,,,,,,,,,97.52778,25.062649,0.3079142,97.52778,25.062649,-0.062937446,,,,,,,,,,,,,,,,,,,,,,,,,,,,,,,,,,,,,,,,,,,,,,,,,,,,,,,,,,,,,,,
97.52778,25.092628,0.00041648067,97.52778,25.092628,0.0004462293,,,,,,,,,,,,,,,,,,,,,,,,,,,,,,,,,,,,,,,,,,,,,,,,,,,,,,,,,,,,,97.52778,25.092628,-0.8399961,97.52778,25.092628,-0.51363677,,,,,,,,,,,,,,,,,,,,,,,,,,,,,,,,,,,,,,,,,,,,,,,,,,,,,,,,,,,,,,,
97.52778,25.122608,0.0006247212,97.52778,25.122608,0.00062472105,,,,,,,,,,,,,,,,,,,,,,,,,,,,,,,,,,,,,,,,,,,,,,,,,,,,,,,,,,,,,97.52778,25.122608,-0.14769036,97.52778,25.122608,0.113291554,,,,,,,,,,,,,,,,,,,,,,,,,,,,,,,,,,,,,,,,,,,,,,,,,,,,,,,,,,,,,,,
97.52778,25.152588,0.00058009813,97.52778,25.152588,0.00058009813,,,,,,,,,,,,,,,,,,,,,,,,,,,,,,,,,,,,,,,,,,,,,,,,,,,,,,,,,,,,,97.52778,25.152588,-0.30493197,97.52778,25.152588,0.008250707,,,,,,,,,,,,,,,,,,,,,,,,,,,,,,,,,,,,,,,,,,,,,,,,,,,,,,,,,,,,,,,
97.52778,25.182566,0.0005652238,97.52778,25.182566,0.00062472105,,,,,,,,,,,,,,,,,,,,,,,,,,,,,,,,,,,,,,,,,,,,,,,,,,,,,,,,,,,,,97.52778,25.182566,-0.34720016,97.52778,25.182566,0.13999125,,,,,,,,,,,,,,,,,,,,,,,,,,,,,,,,,,,,,,,,,,,,,,,,,,,,,,,,,,,,,,,
97.52778,25.212545,0.0006544697,97.52778,25.212545,0.0005354752,,,,,,,,,,,,,,,,,,,,,,,,,,,,,,,,,,,,,,,,,,,,,,,,,,,,,,,,,,,,,97.52778,25.212545,-0.08567296,97.52778,25.212545,-0.17039144,,,,,,,,,,,,,,,,,,,,,,,,,,,,,,,,,,,,,,,,,,,,,,,,,,,,,,,,,,,,,,,
97.52778,25.242525,0.0008924587,97.52778,25.242525,0.00043135497,,,,,,,,,,,,,,,,,,,,,,,,,,,,,,,,,,,,,,,,,,,,,,,,,,,,,,,,,,,,,97.52778,25.242525,0.7364236,97.52778,25.242525,-0.5689232,,,,,,,,,,,,,,,,,,,,,,,,,,,,,,,,,,,,,,,,,,,,,,,,,,,,,,,,,,,,,,,
97.52778,25.272505,0.00066934404,97.52778,25.272505,0.0005354752,,,,,,,,,,,,,,,,,,,,,,,,,,,,,,,,,,,,,,,,,,,,,,,,,,,,,,,,,,,,,97.52778,25.272505,-0.013303144,97.52778,25.272505,-0.14202213,,,,,,,,,,,,,,,,,,,,,,,,,,,,,,,,,,,,,,,,,,,,,,,,,,,,,,,,,,,,,,,
97.52778,25.302483,0.0005503495,97.52778,25.302483,0.00083296146,,,,,,,,,,,,,,,,,,,,,,,,,,,,,,,,,,,,,,,,,,,,,,,,,,,,,,,,,,,,,97.52778,25.302483,-0.37507555,97.52778,25.302483,0.87552285,,,,,,,,,,,,,,,,,,,,,,,,,,,,,,,,,,,,,,,,,,,,,,,,,,,,,,,,,,,,,,,
97.52778,25.332462,0.0005949724,97.52778,25.332462,0.0006395953,,,,,,,,,,,,,,,,,,,,,,,,,,,,,,,,,,,,,,,,,,,,,,,,,,,,,,,,,,,,,97.52778,25.332462,-0.24327451,97.52778,25.332462,0.18795533,,,,,,,,,,,,,,,,,,,,,,,,,,,,,,,,,,,,,,,,,,,,,,,,,,,,,,,,,,,,,,,
97.52778,25.362442,0.00066934404,97.52778,25.362442,0.0005652238,,,,,,,,,,,,,,,,,,,,,,,,,,,,,,,,,,,,,,,,,,,,,,,,,,,,,,,,,,,,,97.52778,25.362442,0.00083759095,97.52778,25.362442,-0.09319035,,,,,,,,,,,,,,,,,,,,,,,,,,,,,,,,,,,,,,,,,,,,,,,,,,,,,,,,,,,,,,,
97.52778,25.392422,0.0005354752,97.52778,25.392422,0.0007437155,,,,,,,,,,,,,,,,,,,,,,,,,,,,,,,,,,,,,,,,,,,,,,,,,,,,,,,,,,,,,97.52778,25.392422,-0.43194127,97.52778,25.392422,0.5722954,,,,,,,,,,,,,,,,,,,,,,,,,,,,,,,,,,,,,,,,,,,,,,,,,,,,,,,,,,,,,,,
97.52778,25.4224,0.00066934404,97.52778,25.4224,0.0005652238,,,,,,,,,,,,,,,,,,,,,,,,,,,,,,,,,,,,,,,,,,,,,,,,,,,,,,,,,,,,,97.52778,25.4224,-0.0028320285,97.52778,25.4224,-0.09660559,,,,,,,,,,,,,,,,,,,,,,,,,,,,,,,,,,,,,,,,,,,,,,,,,,,,,,,,,,,,,,,
97.52778,25.45238,0.00074371556,97.52778,25.45238,0.00069909263,,,,,,,,,,,,,,,,,,,,,,,,,,,,,,,,,,,,,,,,,,,,,,,,,,,,,,,,,,,,,97.52778,25.45238,0.25582314,97.52778,25.45238,0.39221054,,,,,,,,,,,,,,,,,,,,,,,,,,,,,,,,,,,,,,,,,,,,,,,,,,,,,,,,,,,,,,,
97.52778,25.482359,0.00065446965,97.52778,25.482359,0.0006544697,,,,,,,,,,,,,,,,,,,,,,,,,,,,,,,,,,,,,,,,,,,,,,,,,,,,,,,,,,,,,97.52778,25.482359,-0.072862834,97.52778,25.482359,0.27366152,,,,,,,,,,,,,,,,,,,,,,,,,,,,,,,,,,,,,,,,,,,,,,,,,,,,,,,,,,,,,,,
97.52778,25.512339,0.000669344,97.52778,25.512339,0.00062472105,,,,,,,,,,,,,,,,,,,,,,,,,,,,,,,,,,,,,,,,,,,,,,,,,,,,,,,,,,,,,97.52778,25.512339,-0.019325243,97.52778,25.512339,0.15838124,,,,,,,,,,,,,,,,,,,,,,,,,,,,,,,,,,,,,,,,,,,,,,,,,,,,,,,,,,,,,,,
97.52778,25.542316,0.0007139669,97.52778,25.542316,0.00066934404,,,,,,,,,,,,,,,,,,,,,,,,,,,,,,,,,,,,,,,,,,,,,,,,,,,,,,,,,,,,,97.52778,25.542316,0.107576,97.52778,25.542316,0.3161831,,,,,,,,,,,,,,,,,,,,,,,,,,,,,,,,,,,,,,,,,,,,,,,,,,,,,,,,,,,,,,,
97.52778,25.572296,0.0005206009,97.52778,25.572296,0.00050572655,,,,,,,,,,,,,,,,,,,,,,,,,,,,,,,,,,,,,,,,,,,,,,,,,,,,,,,,,,,,,97.52778,25.572296,-0.51105267,97.52778,25.572296,-0.3186929,,,,,,,,,,,,,,,,,,,,,,,,,,,,,,,,,,,,,,,,,,,,,,,,,,,,,,,,,,,,,,,
97.52778,25.602276,0.0006842183,97.52778,25.602276,0.00058009813,,,,,,,,,,,,,,,,,,,,,,,,,,,,,,,,,,,,,,,,,,,,,,,,,,,,,,,,,,,,,97.52778,25.602276,0.05754067,97.52778,25.602276,-0.036542743,,,,,,,,,,,,,,,,,,,,,,,,,,,,,,,,,,,,,,,,,,,,,,,,,,,,,,,,,,,,,,,
97.52778,25.632256,0.0005949724,97.52778,25.632256,0.00040160643,,,,,,,,,,,,,,,,,,,,,,,,,,,,,,,,,,,,,,,,,,,,,,,,,,,,,,,,,,,,,97.52778,25.632256,-0.24525285,97.52778,25.632256,-0.69382954,,,,,,,,,,,,,,,,,,,,,,,,,,,,,,,,,,,,,,,,,,,,,,,,,,,,,,,,,,,,,,,
97.52778,25.662235,0.0006098467,97.52778,25.662235,0.00058009813,,,,,,,,,,,,,,,,,,,,,,,,,,,,,,,,,,,,,,,,,,,,,,,,,,,,,,,,,,,,,97.52778,25.662235,-0.19123887,97.52778,25.662235,-0.036141012,,,,,,,,,,,,,,,,,,,,,,,,,,,,,,,,,,,,,,,,,,,,,,,,,,,,,,,,,,,,,,,
97.52778,25.692213,0.00058009813,97.52778,25.692213,0.00050572655,,,,,,,,,,,,,,,,,,,,,,,,,,,,,,,,,,,,,,,,,,,,,,,,,,,,,,,,,,,,,97.52778,25.692213,-0.29405886,97.52778,25.692213,-0.31017667,,,,,,,,,,,,,,,,,,,,,,,,,,,,,,,,,,,,,,,,,,,,,,,,,,,,,,,,,,,,,,,
97.52778,25.722193,0.0008180872,97.52778,25.722193,0.00068421825,,,,,,,,,,,,,,,,,,,,,,,,,,,,,,,,,,,,,,,,,,,,,,,,,,,,,,,,,,,,,97.52778,25.722193,0.49085793,97.52778,25.722193,0.3844883,,,,,,,,,,,,,,,,,,,,,,,,,,,,,,,,,,,,,,,,,,,,,,,,,,,,,,,,,,,,,,,
97.52778,25.752172,0.00068421825,97.52778,25.752172,0.0005206009,,,,,,,,,,,,,,,,,,,,,,,,,,,,,,,,,,,,,,,,,,,,,,,,,,,,,,,,,,,,,97.52778,25.752172,0.036037847,97.52778,25.752172,-0.2500074,,,,,,,,,,,,,,,,,,,,,,,,,,,,,,,,,,,,,,,,,,,,,,,,,,,,,,,,,,,,,,,
97.52778,25.782152,0.0008329614,97.52778,25.782152,0.0006990927,,,,,,,,,,,,,,,,,,,,,,,,,,,,,,,,,,,,,,,,,,,,,,,,,,,,,,,,,,,,,97.52778,25.782152,0.55432004,97.52778,25.782152,0.38939863,,,,,,,,,,,,,,,,,,,,,,,,,,,,,,,,,,,,,,,,,,,,,,,,,,,,,,,,,,,,,,,
97.52778,25.81213,0.000713967,97.52778,25.81213,0.0006395954,,,,,,,,,,,,,,,,,,,,,,,,,,,,,,,,,,,,,,,,,,,,,,,,,,,,,,,,,,,,,97.52778,25.81213,0.18808039,97.52778,25.81213,0.122692004,,,,,,,,,,,,,,,,,,,,,,,,,,,,,,,,,,,,,,,,,,,,,,,,,,,,,,,,,,,,,,,
97.52778,25.84211,0.0005800982,97.52778,25.84211,0.0005800982,,,,,,,,,,,,,,,,,,,,,,,,,,,,,,,,,,,,,,,,,,,,,,,,,,,,,,,,,,,,,97.52778,25.84211,-0.3017801,97.52778,25.84211,0.010460283,,,,,,,,,,,,,,,,,,,,,,,,,,,,,,,,,,,,,,,,,,,,,,,,,,,,,,,,,,,,,,,
97.52778,25.87209,0.0007288413,97.52778,25.87209,0.00053547526,,,,,,,,,,,,,,,,,,,,,,,,,,,,,,,,,,,,,,,,,,,,,,,,,,,,,,,,,,,,,97.52778,25.87209,0.19120142,97.52778,25.87209,-0.21746877,,,,,,,,,,,,,,,,,,,,,,,,,,,,,,,,,,,,,,,,,,,,,,,,,,,,,,,,,,,,,,,
97.52778,25.90207,0.00068421825,97.52778,25.90207,0.0005354752,,,,,,,,,,,,,,,,,,,,,,,,,,,,,,,,,,,,,,,,,,,,,,,,,,,,,,,,,,,,,97.52778,25.90207,0.0550221,97.52778,25.90207,-0.21001817,,,,,,,,,,,,,,,,,,,,,,,,,,,,,,,,,,,,,,,,,,,,,,,,,,,,,,,,,,,,,,,
97.52778,25.932047,0.00065446977,97.52778,25.932047,0.0005354753,,,,,,,,,,,,,,,,,,,,,,,,,,,,,,,,,,,,,,,,,,,,,,,,,,,,,,,,,,,,,97.52778,25.932047,-0.07869397,97.52778,25.932047,-0.19867478,,,,,,,,,,,,,,,,,,,,,,,,,,,,,,,,,,,,,,,,,,,,,,,,,,,,,,,,,,,,,,,
97.52778,25.962027,0.000669344,97.52778,25.962027,0.00052060094,,,,,,,,,,,,,,,,,,,,,,,,,,,,,,,,,,,,,,,,,,,,,,,,,,,,,,,,,,,,,97.52778,25.962027,-0.03093383,97.52778,25.962027,-0.26926485,,,,,,,,,,,,,,,,,,,,,,,,,,,,,,,,,,,,,,,,,,,,,,,,,,,,,,,,,,,,,,,
97.52778,25.992006,0.000713967,97.52778,25.992006,0.0005652238,,,,,,,,,,,,,,,,,,,,,,,,,,,,,,,,,,,,,,,,,,,,,,,,,,,,,,,,,,,,,97.52778,25.992006,0.17396657,97.52778,25.992006,-0.044416502,,,,,,,,,,,,,,,,,,,,,,,,,,,,,,,,,,,,,,,,,,,,,,,,,,,,,,,,,,,,,,,
97.52778,26.021986,0.0006395954,97.52778,26.021986,0.0005949724,,,,,,,,,,,,,,,,,,,,,,,,,,,,,,,,,,,,,,,,,,,,,,,,,,,,,,,,,,,,,97.52778,26.021986,-0.11619949,97.52778,26.021986,0.006077144,,,,,,,,,,,,,,,,,,,,,,,,,,,,,,,,,,,,,,,,,,,,,,,,,,,,,,,,,,,,,,,
97.52778,26.051964,0.00080321287,97.52778,26.051964,0.0007734642,,,,,,,,,,,,,,,,,,,,,,,,,,,,,,,,,,,,,,,,,,,,,,,,,,,,,,,,,,,,,97.52778,26.051964,0.46757984,97.52778,26.051964,0.69345593,,,,,,,,,,,,,,,,,,,,,,,,,,,,,,,,,,,,,,,,,,,,,,,,,,,,,,,,,,,,,,,
97.52778,26.081944,0.00080321275,97.52778,26.081944,0.00050572655,,,,,,,,,,,,,,,,,,,,,,,,,,,,,,,,,,,,,,,,,,,,,,,,,,,,,,,,,,,,,97.52778,26.081944,0.44028652,97.52778,26.081944,-0.33045128,,,,,,,,,,,,,,,,,,,,,,,,,,,,,,,,,,,,,,,,,,,,,,,,,,,,,,,,,,,,,,,
97.52778,26.111923,0.0007734641,97.52778,26.111923,0.00044622936,,,,,,,,,,,,,,,,,,,,,,,,,,,,,,,,,,,,,,,,,,,,,,,,,,,,,,,,,,,,,97.52778,26.111923,0.36433345,97.52778,26.111923,-0.510886,,,,,,,,,,,,,,,,,,,,,,,,,,,,,,,,,,,,,,,,,,,,,,,,,,,,,,,,,,,,,,,
97.52778,26.141903,0.00086271,97.52778,26.141903,0.0005354752,,,,,,,,,,,,,,,,,,,,,,,,,,,,,,,,,,,,,,,,,,,,,,,,,,,,,,,,,,,,,97.52778,26.141903,0.69380176,97.52778,26.141903,-0.1699045,,,,,,,,,,,,,,,,,,,,,,,,,,,,,,,,,,,,,,,,,,,,,,,,,,,,,,,,,,,,,,,
97.52778,26.17188,0.00083296146,97.52778,26.17188,0.0006098467,,,,,,,,,,,,,,,,,,,,,,,,,,,,,,,,,,,,,,,,,,,,,,,,,,,,,,,,,,,,,97.52778,26.17188,0.5799405,97.52778,26.17188,0.087884165,,,,,,,,,,,,,,,,,,,,,,,,,,,,,,,,,,,,,,,,,,,,,,,,,,,,,,,,,,,,,,,
97.52778,26.20186,0.0006098468,97.52778,26.20186,0.0006098467,,,,,,,,,,,,,,,,,,,,,,,,,,,,,,,,,,,,,,,,,,,,,,,,,,,,,,,,,,,,,97.52778,26.20186,-0.19277038,97.52778,26.20186,0.068932585,,,,,,,,,,,,,,,,,,,,,,,,,,,,,,,,,,,,,,,,,,,,,,,,,,,,,,,,,,,,,,,
97.52778,26.23184,0.0006098467,97.52778,26.23184,0.0005800981,,,,,,,,,,,,,,,,,,,,,,,,,,,,,,,,,,,,,,,,,,,,,,,,,,,,,,,,,,,,,97.52778,26.23184,-0.19186041,97.52778,26.23184,-0.012073883,,,,,,,,,,,,,,,,,,,,,,,,,,,,,,,,,,,,,,,,,,,,,,,,,,,,,,,,,,,,,,,
97.52778,26.26182,0.00068421825,97.52778,26.26182,0.0006395954,,,,,,,,,,,,,,,,,,,,,,,,,,,,,,,,,,,,,,,,,,,,,,,,,,,,,,,,,,,,,97.52778,26.26182,0.028487116,97.52778,26.26182,0.18897249,,,,,,,,,,,,,,,,,,,,,,,,,,,,,,,,,,,,,,,,,,,,,,,,,,,,,,,,,,,,,,,
97.52778,26.291798,0.0006098467,97.52778,26.291798,0.0005949724,,,,,,,,,,,,,,,,,,,,,,,,,,,,,,,,,,,,,,,,,,,,,,,,,,,,,,,,,,,,,97.52778,26.291798,-0.24111684,97.52778,26.291798,-0.020705841,,,,,,,,,,,,,,,,,,,,,,,,,,,,,,,,,,,,,,,,,,,,,,,,,,,,,,,,,,,,,,,
97.52778,26.321777,0.00058009813,97.52778,26.321777,0.0005503495,,,,,,,,,,,,,,,,,,,,,,,,,,,,,,,,,,,,,,,,,,,,,,,,,,,,,,,,,,,,,97.52778,26.321777,-0.3144207,97.52778,26.321777,-0.16189983,,,,,,,,,,,,,,,,,,,,,,,,,,,,,,,,,,,,,,,,,,,,,,,,,,,,,,,,,,,,,,,
97.52778,26.351757,0.000713967,97.52778,26.351757,0.00056522386,,,,,,,,,,,,,,,,,,,,,,,,,,,,,,,,,,,,,,,,,,,,,,,,,,,,,,,,,,,,,97.52778,26.351757,0.14928378,97.52778,26.351757,-0.10660631,,,,,,,,,,,,,,,,,,,,,,,,,,,,,,,,,,,,,,,,,,,,,,,,,,,,,,,,,,,,,,,
97.52778,26.381737,0.0006098467,97.52778,26.381737,0.0005206009,,,,,,,,,,,,,,,,,,,,,,,,,,,,,,,,,,,,,,,,,,,,,,,,,,,,,,,,,,,,,97.52778,26.381737,-0.20902695,97.52778,26.381737,-0.28359598,,,,,,,,,,,,,,,,,,,,,,,,,,,,,,,,,,,,,,,,,,,,,,,,,,,,,,,,,,,,,,,
97.52778,26.411715,0.00068421836,97.52778,26.411715,0.0005354752,,,,,,,,,,,,,,,,,,,,,,,,,,,,,,,,,,,,,,,,,,,,,,,,,,,,,,,,,,,,,97.52778,26.411715,0.012865477,97.52778,26.411715,-0.18630105,,,,,,,,,,,,,,,,,,,,,,,,,,,,,,,,,,,,,,,,,,,,,,,,,,,,,,,,,,,,,,,
97.52778,26.441694,0.0005652238,97.52778,26.441694,0.00053547526,,,,,,,,,,,,,,,,,,,,,,,,,,,,,,,,,,,,,,,,,,,,,,,,,,,,,,,,,,,,,97.52778,26.441694,-0.3229521,97.52778,26.441694,-0.21397917,,,,,,,,,,,,,,,,,,,,,,,,,,,,,,,,,,,,,,,,,,,,,,,,,,,,,,,,,,,,,,,
97.52778,26.471674,0.00058009813,97.52778,26.471674,0.000713967,,,,,,,,,,,,,,,,,,,,,,,,,,,,,,,,,,,,,,,,,,,,,,,,,,,,,,,,,,,,,97.52778,26.471674,-0.27665663,97.52778,26.471674,0.429386,,,,,,,,,,,,,,,,,,,,,,,,,,,,,,,,,,,,,,,,,,,,,,,,,,,,,,,,,,,,,,,
97.52778,26.501654,0.00071396696,97.52778,26.501654,0.0007585899,,,,,,,,,,,,,,,,,,,,,,,,,,,,,,,,,,,,,,,,,,,,,,,,,,,,,,,,,,,,,97.52778,26.501654,0.12844566,97.52778,26.501654,0.5993905,,,,,,,,,,,,,,,,,,,,,,,,,,,,,,,,,,,,,,,,,,,,,,,,,,,,,,,,,,,,,,,
97.52778,26.531633,0.0005949724,97.52778,26.531633,0.00062472105,,,,,,,,,,,,,,,,,,,,,,,,,,,,,,,,,,,,,,,,,,,,,,,,,,,,,,,,,,,,,97.52778,26.531633,-0.22256814,97.52778,26.531633,0.15396628,,,,,,,,,,,,,,,,,,,,,,,,,,,,,,,,,,,,,,,,,,,,,,,,,,,,,,,,,,,,,,,
97.52778,26.561611,0.00068421825,97.52778,26.561611,0.0006247212,,,,,,,,,,,,,,,,,,,,,,,,,,,,,,,,,,,,,,,,,,,,,,,,,,,,,,,,,,,,,97.52778,26.561611,0.016611984,97.52778,26.561611,0.14966355,,,,,,,,,,,,,,,,,,,,,,,,,,,,,,,,,,,,,,,,,,,,,,,,,,,,,,,,,,,,,,,
97.52778,26.59159,0.00065446965,97.52778,26.59159,0.0005652238,,,,,,,,,,,,,,,,,,,,,,,,,,,,,,,,,,,,,,,,,,,,,,,,,,,,,,,,,,,,,97.52778,26.59159,-0.034202643,97.52778,26.59159,-0.10542745,,,,,,,,,,,,,,,,,,,,,,,,,,,,,,,,,,,,,,,,,,,,,,,,,,,,,,,,,,,,,,,
97.52778,26.62157,0.000669344,97.52778,26.62157,0.0005354752,,,,,,,,,,,,,,,,,,,,,,,,,,,,,,,,,,,,,,,,,,,,,,,,,,,,,,,,,,,,,97.52778,26.62157,-0.03807036,97.52778,26.62157,-0.21777958,,,,,,,,,,,,,,,,,,,,,,,,,,,,,,,,,,,,,,,,,,,,,,,,,,,,,,,,,,,,,,,
97.52778,26.65155,0.0008180871,97.52778,26.65155,0.0004908522,,,,,,,,,,,,,,,,,,,,,,,,,,,,,,,,,,,,,,,,,,,,,,,,,,,,,,,,,,,,,97.52778,26.65155,0.5076709,97.52778,26.65155,-0.36745465,,,,,,,,,,,,,,,,,,,,,,,,,,,,,,,,,,,,,,,,,,,,,,,,,,,,,,,,,,,,,,,
97.52778,26.681528,0.0008627101,97.52778,26.681528,0.00055034953,,,,,,,,,,,,,,,,,,,,,,,,,,,,,,,,,,,,,,,,,,,,,,,,,,,,,,,,,,,,,97.52778,26.681528,0.6677386,97.52778,26.681528,-0.1325404,,,,,,,,,,,,,,,,,,,,,,,,,,,,,,,,,,,,,,,,,,,,,,,,,,,,,,,,,,,,,,,
97.52778,26.711508,0.0009817047,97.52778,26.711508,0.00047597795,,,,,,,,,,,,,,,,,,,,,,,,,,,,,,,,,,,,,,,,,,,,,,,,,,,,,,,,,,,,,97.52778,26.711508,1.0375285,97.52778,26.711508,-0.41469765,,,,,,,,,,,,,,,,,,,,,,,,,,,,,,,,,,,,,,,,,,,,,,,,,,,,,,,,,,,,,,,
97.52778,26.741488,0.0006990927,97.52778,26.741488,0.00050572655,,,,,,,,,,,,,,,,,,,,,,,,,,,,,,,,,,,,,,,,,,,,,,,,,,,,,,,,,,,,,97.52778,26.741488,0.0836701,97.52778,26.741488,-0.34774542,,,,,,,,,,,,,,,,,,,,,,,,,,,,,,,,,,,,,,,,,,,,,,,,,,,,,,,,,,,,,,,
97.52778,26.771467,0.00055034953,97.52778,26.771467,0.0006098468,,,,,,,,,,,,,,,,,,,,,,,,,,,,,,,,,,,,,,,,,,,,,,,,,,,,,,,,,,,,,97.52778,26.771467,-0.36483198,97.52778,26.771467,0.06317879,,,,,,,,,,,,,,,,,,,,,,,,,,,,,,,,,,,,,,,,,,,,,,,,,,,,,,,,,,,,,,,
97.52778,26.801445,0.0006395954,97.52778,26.801445,0.0004462293,,,,,,,,,,,,,,,,,,,,,,,,,,,,,,,,,,,,,,,,,,,,,,,,,,,,,,,,,,,,,97.52778,26.801445,-0.13116756,97.52778,26.801445,-0.54238355,,,,,,,,,,,,,,,,,,,,,,,,,,,,,,,,,,,,,,,,,,,,,,,,,,,,,,,,,,,,,,,
97.52778,26.831425,0.0005800982,97.52778,26.831425,0.0005949724,,,,,,,,,,,,,,,,,,,,,,,,,,,,,,,,,,,,,,,,,,,,,,,,,,,,,,,,,,,,,97.52778,26.831425,-0.31967044,97.52778,26.831425,0.002980358,,,,,,,,,,,,,,,,,,,,,,,,,,,,,,,,,,,,,,,,,,,,,,,,,,,,,,,,,,,,,,,
97.52778,26.861404,0.0005652238,97.52778,26.861404,0.00065446965,,,,,,,,,,,,,,,,,,,,,,,,,,,,,,,,,,,,,,,,,,,,,,,,,,,,,,,,,,,,,97.52778,26.861404,-0.32675207,97.52778,26.861404,0.2270859,,,,,,,,,,,,,,,,,,,,,,,,,,,,,,,,,,,,,,,,,,,,,,,,,,,,,,,,,,,,,,,
97.52778,26.891384,0.00065446977,97.52778,26.891384,0.00050572655,,,,,,,,,,,,,,,,,,,,,,,,,,,,,,,,,,,,,,,,,,,,,,,,,,,,,,,,,,,,,97.52778,26.891384,-0.047815494,97.52778,26.891384,-0.31060633,,,,,,,,,,,,,,,,,,,,,,,,,,,,,,,,,,,,,,,,,,,,,,,,,,,,,,,,,,,,,,,
97.52778,26.921362,0.0006247211,97.52778,26.921362,0.00066934404,,,,,,,,,,,,,,,,,,,,,,,,,,,,,,,,,,,,,,,,,,,,,,,,,,,,,,,,,,,,,97.52778,26.921362,-0.15385516,97.52778,26.921362,0.26521528,,,,,,,,,,,,,,,,,,,,,,,,,,,,,,,,,,,,,,,,,,,,,,,,,,,,,,,,,,,,,,,
97.52778,26.951342,0.0006098468,97.52778,26.951342,0.0005949724,,,,,,,,,,,,,,,,,,,,,,,,,,,,,,,,,,,,,,,,,,,,,,,,,,,,,,,,,,,,,97.52778,26.951342,-0.19069207,97.52778,26.951342,0.01921339,,,,,,,,,,,,,,,,,,,,,,,,,,,,,,,,,,,,,,,,,,,,,,,,,,,,,,,,,,,,,,,
97.52778,26.981321,0.00059497246,97.52778,26.981321,0.00065446965,,,,,,,,,,,,,,,,,,,,,,,,,,,,,,,,,,,,,,,,,,,,,,,,,,,,,,,,,,,,,97.52778,26.981321,-0.2114324,97.52778,26.981321,0.28126743,,,,,,,,,,,,,,,,,,,,,,,,,,,,,,,,,,,,,,,,,,,,,,,,,,,,,,,,,,,,,,,
97.52778,27.011301,0.000669344,97.52778,27.011301,0.0005354752,,,,,,,,,,,,,,,,,,,,,,,,,,,,,,,,,,,,,,,,,,,,,,,,,,,,,,,,,,,,,97.52778,27.011301,-0.022668414,97.52778,27.011301,-0.20227557,,,,,,,,,,,,,,,,,,,,,,,,,,,,,,,,,,,,,,,,,,,,,,,,,,,,,,,,,,,,,,,
97.52778,27.041279,0.000669344,97.52778,27.041279,0.00053547526,,,,,,,,,,,,,,,,,,,,,,,,,,,,,,,,,,,,,,,,,,,,,,,,,,,,,,,,,,,,,97.52778,27.041279,-0.00838681,97.52778,27.041279,-0.19038765,,,,,,,,,,,,,,,,,,,,,,,,,,,,,,,,,,,,,,,,,,,,,,,,,,,,,,,,,,,,,,,
97.52778,27.071259,0.0007288413,97.52778,27.071259,0.0005354752,,,,,,,,,,,,,,,,,,,,,,,,,,,,,,,,,,,,,,,,,,,,,,,,,,,,,,,,,,,,,97.52778,27.071259,0.1625917,97.52778,27.071259,-0.18202527,,,,,,,,,,,,,,,,,,,,,,,,,,,,,,,,,,,,,,,,,,,,,,,,,,,,,,,,,,,,,,,
97.52778,27.101238,0.00059497246,97.52778,27.101238,0.0006247211,,,,,,,,,,,,,,,,,,,,,,,,,,,,,,,,,,,,,,,,,,,,,,,,,,,,,,,,,,,,,97.52778,27.101238,-0.28170127,97.52778,27.101238,0.11989176,,,,,,,,,,,,,,,,,,,,,,,,,,,,,,,,,,,,,,,,,,,,,,,,,,,,,,,,,,,,,,,
97.52778,27.131218,0.00069909263,97.52778,27.131218,0.000669344,,,,,,,,,,,,,,,,,,,,,,,,,,,,,,,,,,,,,,,,,,,,,,,,,,,,,,,,,,,,,97.52778,27.131218,0.09315251,97.52778,27.131218,0.25786555,,,,,,,,,,,,,,,,,,,,,,,,,,,,,,,,,,,,,,,,,,,,,,,,,,,,,,,,,,,,,,,
97.52778,27.161196,0.0006842183,97.52778,27.161196,0.000431355,,,,,,,,,,,,,,,,,,,,,,,,,,,,,,,,,,,,,,,,,,,,,,,,,,,,,,,,,,,,,97.52778,27.161196,0.051890478,97.52778,27.161196,-0.6010716,,,,,,,,,,,,,,,,,,,,,,,,,,,,,,,,,,,,,,,,,,,,,,,,,,,,,,,,,,,,,,,
97.52778,27.191175,0.00038673205,97.52778,27.191175,0.0004908523,,,,,,,,,,,,,,,,,,,,,,,,,,,,,,,,,,,,,,,,,,,,,,,,,,,,,,,,,,,,,97.52778,27.191175,-0.93159485,97.52778,27.191175,-0.39180395,,,,,,,,,,,,,,,,,,,,,,,,,,,,,,,,,,,,,,,,,,,,,,,,,,,,,,,,,,,,,,,
97.52778,27.221155,0.00069909263,97.52778,27.221155,0.0005800982,,,,,,,,,,,,,,,,,,,,,,,,,,,,,,,,,,,,,,,,,,,,,,,,,,,,,,,,,,,,,97.52778,27.221155,0.06936452,97.52778,27.221155,-0.05178215,,,,,,,,,,,,,,,,,,,,,,,,,,,,,,,,,,,,,,,,,,,,,,,,,,,,,,,,,,,,,,,
97.52778,27.251135,0.0007288413,97.52778,27.251135,0.0005800982,,,,,,,,,,,,,,,,,,,,,,,,,,,,,,,,,,,,,,,,,,,,,,,,,,,,,,,,,,,,,97.52778,27.251135,0.21113425,97.52778,27.251135,-0.03578951,,,,,,,,,,,,,,,,,,,,,,,,,,,,,,,,,,,,,,,,,,,,,,,,,,,,,,,,,,,,,,,
97.52778,27.281113,0.00055034953,97.52778,27.281113,0.0007585899,,,,,,,,,,,,,,,,,,,,,,,,,,,,,,,,,,,,,,,,,,,,,,,,,,,,,,,,,,,,,97.52778,27.281113,-0.4391021,97.52778,27.281113,0.63695186,,,,,,,,,,,,,,,,,,,,,,,,,,,,,,,,,,,,,,,,,,,,,,,,,,,,,,,,,,,,,,,
97.52778,27.311092,0.00040160638,97.52778,27.311092,0.0006247211,,,,,,,,,,,,,,,,,,,,,,,,,,,,,,,,,,,,,,,,,,,,,,,,,,,,,,,,,,,,,97.52778,27.311092,-0.8751388,97.52778,27.311092,0.12192024,,,,,,,,,,,,,,,,,,,,,,,,,,,,,,,,,,,,,,,,,,,,,,,,,,,,,,,,,,,,,,,
97.52778,27.341072,0.00068421825,97.52778,27.341072,0.0004908522,,,,,,,,,,,,,,,,,,,,,,,,,,,,,,,,,,,,,,,,,,,,,,,,,,,,,,,,,,,,,97.52778,27.341072,0.018039597,97.52778,27.341072,-0.34949073,,,,,,,,,,,,,,,,,,,,,,,,,,,,,,,,,,,,,,,,,,,,,,,,,,,,,,,,,,,,,,,
97.52778,27.371052,0.0005652238,97.52778,27.371052,0.00059497246,,,,,,,,,,,,,,,,,,,,,,,,,,,,,,,,,,,,,,,,,,,,,,,,,,,,,,,,,,,,,97.52778,27.371052,-0.35105482,97.52778,27.371052,0.017825536,,,,,,,,,,,,,,,,,,,,,,,,,,,,,,,,,,,,,,,,,,,,,,,,,,,,,,,,,,,,,,,
97.52778,27.401031,0.0005206009,97.52778,27.401031,0.0005652238,,,,,,,,,,,,,,,,,,,,,,,,,,,,,,,,,,,,,,,,,,,,,,,,,,,,,,,,,,,,,97.52778,27.401031,-0.5012007,97.52778,27.401031,-0.09221259,,,,,,,,,,,,,,,,,,,,,,,,,,,,,,,,,,,,,,,,,,,,,,,,,,,,,,,,,,,,,,,
97.52778,27.43101,0.0007288413,97.52778,27.43101,0.0004908523,,,,,,,,,,,,,,,,,,,,,,,,,,,,,,,,,,,,,,,,,,,,,,,,,,,,,,,,,,,,,97.52778,27.43101,0.1768654,97.52778,27.43101,-0.3510941,,,,,,,,,,,,,,,,,,,,,,,,,,,,,,,,,,,,,,,,,,,,,,,,,,,,,,,,,,,,,,,
97.52778,27.460989,0.0007883386,97.52778,27.460989,0.00069909263,,,,,,,,,,,,,,,,,,,,,,,,,,,,,,,,,,,,,,,,,,,,,,,,,,,,,,,,,,,,,97.52778,27.460989,0.3664839,97.52778,27.460989,0.39658505,,,,,,,,,,,,,,,,,,,,,,,,,,,,,,,,,,,,,,,,,,,,,,,,,,,,,,,,,,,,,,,
97.52778,27.490969,0.00077346415,97.52778,27.490969,0.00050572655,,,,,,,,,,,,,,,,,,,,,,,,,,,,,,,,,,,,,,,,,,,,,,,,,,,,,,,,,,,,,97.52778,27.490969,0.33461928,97.52778,27.490969,-0.2971857,,,,,,,,,,,,,,,,,,,,,,,,,,,,,,,,,,,,,,,,,,,,,,,,,,,,,,,,,,,,,,,
97.52778,27.520948,0.0007734642,97.52778,27.520948,0.00058009813,,,,,,,,,,,,,,,,,,,,,,,,,,,,,,,,,,,,,,,,,,,,,,,,,,,,,,,,,,,,,97.52778,27.520948,0.33883852,97.52778,27.520948,-0.028937437,,,,,,,,,,,,,,,,,,,,,,,,,,,,,,,,,,,,,,,,,,,,,,,,,,,,,,,,,,,,,,,
97.52778,27.550926,0.0008180872,97.52778,27.550926,0.00077346415,,,,,,,,,,,,,,,,,,,,,,,,,,,,,,,,,,,,,,,,,,,,,,,,,,,,,,,,,,,,,97.52778,27.550926,0.49004284,97.52778,27.550926,0.69110066,,,,,,,,,,,,,,,,,,,,,,,,,,,,,,,,,,,,,,,,,,,,,,,,,,,,,,,,,,,,,,,
97.52778,27.580906,0.00071396696,97.52778,27.580906,0.0005057266,,,,,,,,,,,,,,,,,,,,,,,,,,,,,,,,,,,,,,,,,,,,,,,,,,,,,,,,,,,,,97.52778,27.580906,0.14237249,97.52778,27.580906,-0.2992295,,,,,,,,,,,,,,,,,,,,,,,,,,,,,,,,,,,,,,,,,,,,,,,,,,,,,,,,,,,,,,,
97.52778,27.610886,0.0007585898,97.52778,27.610886,0.0008180871,,,,,,,,,,,,,,,,,,,,,,,,,,,,,,,,,,,,,,,,,,,,,,,,,,,,,,,,,,,,,97.52778,27.610886,0.27132404,97.52778,27.610886,0.85435885,,,,,,,,,,,,,,,,,,,,,,,,,,,,,,,,,,,,,,,,,,,,,,,,,,,,,,,,,,,,,,,
97.52778,27.640865,0.00081808714,97.52778,27.640865,0.000669344,,,,,,,,,,,,,,,,,,,,,,,,,,,,,,,,,,,,,,,,,,,,,,,,,,,,,,,,,,,,,97.52778,27.640865,0.48025438,97.52778,27.640865,0.2506383,,,,,,,,,,,,,,,,,,,,,,,,,,,,,,,,,,,,,,,,,,,,,,,,,,,,,,,,,,,,,,,
97.52778,27.670843,0.0007288413,97.52778,27.670843,0.00040160638,,,,,,,,,,,,,,,,,,,,,,,,,,,,,,,,,,,,,,,,,,,,,,,,,,,,,,,,,,,,,97.52778,27.670843,0.1863051,97.52778,27.670843,-0.66260886,,,,,,,,,,,,,,,,,,,,,,,,,,,,,,,,,,,,,,,,,,,,,,,,,,,,,,,,,,,,,,,
97.52778,27.700823,0.00072884123,97.52778,27.700823,0.0005503495,,,,,,,,,,,,,,,,,,,,,,,,,,,,,,,,,,,,,,,,,,,,,,,,,,,,,,,,,,,,,97.52778,27.700823,0.18930806,97.52778,27.700823,-0.169062,,,,,,,,,,,,,,,,,,,,,,,,,,,,,,,,,,,,,,,,,,,,,,,,,,,,,,,,,,,,,,,
97.52778,27.730803,0.0007437156,97.52778,27.730803,0.00037185775,,,,,,,,,,,,,,,,,,,,,,,,,,,,,,,,,,,,,,,,,,,,,,,,,,,,,,,,,,,,,97.52778,27.730803,0.24319482,97.52778,27.730803,-0.8156589,,,,,,,,,,,,,,,,,,,,,,,,,,,,,,,,,,,,,,,,,,,,,,,,,,,,,,,,,,,,,,,
97.52778,27.760782,0.00066934404,97.52778,27.760782,0.000713967,,,,,,,,,,,,,,,,,,,,,,,,,,,,,,,,,,,,,,,,,,,,,,,,,,,,,,,,,,,,,97.52778,27.760782,-0.026772473,97.52778,27.760782,0.4768493,,,,,,,,,,,,,,,,,,,,,,,,,,,,,,,,,,,,,,,,,,,,,,,,,,,,,,,,,,,,,,,
97.52778,27.79076,0.00068421836,97.52778,27.79076,0.00069909263,,,,,,,,,,,,,,,,,,,,,,,,,,,,,,,,,,,,,,,,,,,,,,,,,,,,,,,,,,,,,97.52778,27.79076,0.050786655,97.52778,27.79076,0.35079294,,,,,,,,,,,,,,,,,,,,,,,,,,,,,,,,,,,,,,,,,,,,,,,,,,,,,,,,,,,,,,,
97.52778,27.82074,0.0008180871,97.52778,27.82074,0.0005354752,,,,,,,,,,,,,,,,,,,,,,,,,,,,,,,,,,,,,,,,,,,,,,,,,,,,,,,,,,,,,97.52778,27.82074,0.47665745,97.52778,27.82074,-0.20384488,,,,,,,,,,,,,,,,,,,,,,,,,,,,,,,,,,,,,,,,,,,,,,,,,,,,,,,,,,,,,,,
97.52778,27.85072,0.00059497246,97.52778,27.85072,0.0005652238,,,,,,,,,,,,,,,,,,,,,,,,,,,,,,,,,,,,,,,,,,,,,,,,,,,,,,,,,,,,,97.52778,27.85072,-0.25983432,97.52778,27.85072,-0.06156083,,,,,,,,,,,,,,,,,,,,,,,,,,,,,,,,,,,,,,,,,,,,,,,,,,,,,,,,,,,,,,,
97.52778,27.8807,0.0005800981,97.52778,27.8807,0.00068421836,,,,,,,,,,,,,,,,,,,,,,,,,,,,,,,,,,,,,,,,,,,,,,,,,,,,,,,,,,,,,97.52778,27.8807,-0.2814603,97.52778,27.8807,0.37608325,,,,,,,,,,,,,,,,,,,,,,,,,,,,,,,,,,,,,,,,,,,,,,,,,,,,,,,,,,,,,,,
97.52778,27.910677,0.0005206008,97.52778,27.910677,0.0005800982,,,,,,,,,,,,,,,,,,,,,,,,,,,,,,,,,,,,,,,,,,,,,,,,,,,,,,,,,,,,,97.52778,27.910677,-0.5009098,97.52778,27.910677,0.024464965,,,,,,,,,,,,,,,,,,,,,,,,,,,,,,,,,,,,,,,,,,,,,,,,,,,,,,,,,,,,,,,
97.52778,27.940657,0.0009222073,97.52778,27.940657,0.00046110366,,,,,,,,,,,,,,,,,,,,,,,,,,,,,,,,,,,,,,,,,,,,,,,,,,,,,,,,,,,,,97.52778,27.940657,0.8624887,97.52778,27.940657,-0.45099026,,,,,,,,,,,,,,,,,,,,,,,,,,,,,,,,,,,,,,,,,,,,,,,,,,,,,,,,,,,,,,,
97.52778,27.970636,0.0005206009,97.52778,27.970636,0.0005949724,,,,,,,,,,,,,,,,,,,,,,,,,,,,,,,,,,,,,,,,,,,,,,,,,,,,,,,,,,,,,97.52778,27.970636,-0.510138,97.52778,27.970636,0.014515188,,,,,,,,,,,,,,,,,,,,,,,,,,,,,,,,,,,,,,,,,,,,,,,,,,,,,,,,,,,,,,,
97.52778,28.000616,0.00072884123,97.52778,28.000616,0.00058009813,,,,,,,,,,,,,,,,,,,,,,,,,,,,,,,,,,,,,,,,,,,,,,,,,,,,,,,,,,,,,97.52778,28.000616,0.21418296,97.52778,28.000616,-0.06413678,,,,,,,,,,,,,,,,,,,,,,,,,,,,,,,,,,,,,,,,,,,,,,,,,,,,,,,,,,,,,,,
97.52778,28.030594,0.00075858994,97.52778,28.030594,0.0006098467,,,,,,,,,,,,,,,,,,,,,,,,,,,,,,,,,,,,,,,,,,,,,,,,,,,,,,,,,,,,,97.52778,28.030594,0.29478705,97.52778,28.030594,0.118997544,,,,,,,,,,,,,,,,,,,,,,,,,,,,,,,,,,,,,,,,,,,,,,,,,,,,,,,,,,,,,,,
97.52778,28.060574,0.0008180871,97.52778,28.060574,0.0007734643,,,,,,,,,,,,,,,,,,,,,,,,,,,,,,,,,,,,,,,,,,,,,,,,,,,,,,,,,,,,,97.52778,28.060574,0.49007618,97.52778,28.060574,0.6940662,,,,,,,,,,,,,,,,,,,,,,,,,,,,,,,,,,,,,,,,,,,,,,,,,,,,,,,,,,,,,,,
97.52778,28.090553,0.0007883385,97.52778,28.090553,0.00069909263,,,,,,,,,,,,,,,,,,,,,,,,,,,,,,,,,,,,,,,,,,,,,,,,,,,,,,,,,,,,,97.52778,28.090553,0.38656175,97.52778,28.090553,0.39241144,,,,,,,,,,,,,,,,,,,,,,,,,,,,,,,,,,,,,,,,,,,,,,,,,,,,,,,,,,,,,,,
97.52778,28.120533,0.00069909263,97.52778,28.120533,0.0005354752,,,,,,,,,,,,,,,,,,,,,,,,,,,,,,,,,,,,,,,,,,,,,,,,,,,,,,,,,,,,,97.52778,28.120533,0.1188706,97.52778,28.120533,-0.1574774,,,,,,,,,,,,,,,,,,,,,,,,,,,,,,,,,,,,,,,,,,,,,,,,,,,,,,,,,,,,,,,
97.52778,28.150513,0.0005949725,97.52778,28.150513,0.0006693441,,,,,,,,,,,,,,,,,,,,,,,,,,,,,,,,,,,,,,,,,,,,,,,,,,,,,,,,,,,,,97.52778,28.150513,-0.21000674,97.52778,28.150513,0.27512833,,,,,,,,,,,,,,,,,,,,,,,,,,,,,,,,,,,,,,,,,,,,,,,,,,,,,,,,,,,,,,,
97.52778,28.18049,0.00066934404,97.52778,28.18049,0.0005949724,,,,,,,,,,,,,,,,,,,,,,,,,,,,,,,,,,,,,,,,,,,,,,,,,,,,,,,,,,,,,97.52778,28.18049,0.009058555,97.52778,28.18049,0.042225957,,,,,,,,,,,,,,,,,,,,,,,,,,,,,,,,,,,,,,,,,,,,,,,,,,,,,,,,,,,,,,,
97.52778,28.21047,0.0008924587,97.52778,28.21047,0.0007288412,,,,,,,,,,,,,,,,,,,,,,,,,,,,,,,,,,,,,,,,,,,,,,,,,,,,,,,,,,,,,97.52778,28.21047,0.74394494,97.52778,28.21047,0.5077334,,,,,,,,,,,,,,,,,,,,,,,,,,,,,,,,,,,,,,,,,,,,,,,,,,,,,,,,,,,,,,,
97.52778,28.24045,0.00069909263,97.52778,28.24045,0.00062472105,,,,,,,,,,,,,,,,,,,,,,,,,,,,,,,,,,,,,,,,,,,,,,,,,,,,,,,,,,,,,97.52778,28.24045,0.13032909,97.52778,28.24045,0.12437034,,,,,,,,,,,,,,,,,,,,,,,,,,,,,,,,,,,,,,,,,,,,,,,,,,,,,,,,,,,,,,,
97.52778,28.27043,0.0007585899,97.52778,28.27043,0.0005503495,,,,,,,,,,,,,,,,,,,,,,,,,,,,,,,,,,,,,,,,,,,,,,,,,,,,,,,,,,,,,97.52778,28.27043,0.276961,97.52778,28.27043,-0.15099874,,,,,,,,,,,,,,,,,,,,,,,,,,,,,,,,,,,,,,,,,,,,,,,,,,,,,,,,,,,,,,,
97.52778,28.300407,0.0007437155,97.52778,28.300407,0.00046110366,,,,,,,,,,,,,,,,,,,,,,,,,,,,,,,,,,,,,,,,,,,,,,,,,,,,,,,,,,,,,97.52778,28.300407,0.29617453,97.52778,28.300407,-0.49514675,,,,,,,,,,,,,,,,,,,,,,,,,,,,,,,,,,,,,,,,,,,,,,,,,,,,,,,,,,,,,,,
97.52778,28.330387,0.0008180871,97.52778,28.330387,0.0005503495,,,,,,,,,,,,,,,,,,,,,,,,,,,,,,,,,,,,,,,,,,,,,,,,,,,,,,,,,,,,,97.52778,28.330387,0.49027336,97.52778,28.330387,-0.118984155,,,,,,,,,,,,,,,,,,,,,,,,,,,,,,,,,,,,,,,,,,,,,,,,,,,,,,,,,,,,,,,
97.52778,28.360367,0.00075858994,97.52778,28.360367,0.0006395954,,,,,,,,,,,,,,,,,,,,,,,,,,,,,,,,,,,,,,,,,,,,,,,,,,,,,,,,,,,,,97.52778,28.360367,0.27800772,97.52778,28.360367,0.13537528,,,,,,,,,,,,,,,,,,,,,,,,,,,,,,,,,,,,,,,,,,,,,,,,,,,,,,,,,,,,,,,
97.52778,28.390347,0.0006395954,97.52778,28.390347,0.00062472105,,,,,,,,,,,,,,,,,,,,,,,,,,,,,,,,,,,,,,,,,,,,,,,,,,,,,,,,,,,,,97.52778,28.390347,-0.09561786,97.52778,28.390347,0.14524671,,,,,,,,,,,,,,,,,,,,,,,,,,,,,,,,,,,,,,,,,,,,,,,,,,,,,,,,,,,,,,,
97.52778,28.420324,0.0005800981,97.52778,28.420324,0.0005503495,,,,,,,,,,,,,,,,,,,,,,,,,,,,,,,,,,,,,,,,,,,,,,,,,,,,,,,,,,,,,97.52778,28.420324,-0.30390096,97.52778,28.420324,-0.13421227,,,,,,,,,,,,,,,,,,,,,,,,,,,,,,,,,,,,,,,,,,,,,,,,,,,,,,,,,,,,,,,
97.52778,28.450304,0.00074371556,97.52778,28.450304,0.00062472105,,,,,,,,,,,,,,,,,,,,,,,,,,,,,,,,,,,,,,,,,,,,,,,,,,,,,,,,,,,,,97.52778,28.450304,0.21387307,97.52778,28.450304,0.115220755,,,,,,,,,,,,,,,,,,,,,,,,,,,,,,,,,,,,,,,,,,,,,,,,,,,,,,,,,,,,,,,
97.52778,28.480284,0.00053547515,97.52778,28.480284,0.00062472105,,,,,,,,,,,,,,,,,,,,,,,,,,,,,,,,,,,,,,,,,,,,,,,,,,,,,,,,,,,,,97.52778,28.480284,-0.47058815,97.52778,28.480284,0.12039379,,,,,,,,,,,,,,,,,,,,,,,,,,,,,,,,,,,,,,,,,,,,,,,,,,,,,,,,,,,,,,,
97.52778,28.510263,0.00068421825,97.52778,28.510263,0.0006247211,,,,,,,,,,,,,,,,,,,,,,,,,,,,,,,,,,,,,,,,,,,,,,,,,,,,,,,,,,,,,97.52778,28.510263,0.04667233,97.52778,28.510263,0.07247739,,,,,,,,,,,,,,,,,,,,,,,,,,,,,,,,,,,,,,,,,,,,,,,,,,,,,,,,,,,,,,,
97.52778,28.540241,0.00068421836,97.52778,28.540241,0.0006098468,,,,,,,,,,,,,,,,,,,,,,,,,,,,,,,,,,,,,,,,,,,,,,,,,,,,,,,,,,,,,97.52778,28.540241,0.056056842,97.52778,28.540241,0.09915931,,,,,,,,,,,,,,,,,,,,,,,,,,,,,,,,,,,,,,,,,,,,,,,,,,,,,,,,,,,,,,,
97.52778,28.57022,0.00050572655,97.52778,28.57022,0.00066934404,,,,,,,,,,,,,,,,,,,,,,,,,,,,,,,,,,,,,,,,,,,,,,,,,,,,,,,,,,,,,97.52778,28.57022,-0.5651367,97.52778,28.57022,0.3112401,,,,,,,,,,,,,,,,,,,,,,,,,,,,,,,,,,,,,,,,,,,,,,,,,,,,,,,,,,,,,,,
97.52778,28.6002,0.0005503495,97.52778,28.6002,0.00068421825,,,,,,,,,,,,,,,,,,,,,,,,,,,,,,,,,,,,,,,,,,,,,,,,,,,,,,,,,,,,,97.52778,28.6002,-0.40052092,97.52778,28.6002,0.34416342,,,,,,,,,,,,,,,,,,,,,,,,,,,,,,,,,,,,,,,,,,,,,,,,,,,,,,,,,,,,,,,
97.52778,28.63018,0.0008180871,97.52778,28.63018,0.0006395954,,,,,,,,,,,,,,,,,,,,,,,,,,,,,,,,,,,,,,,,,,,,,,,,,,,,,,,,,,,,,97.52778,28.63018,0.45937163,97.52778,28.63018,0.17238595,,,,,,,,,,,,,,,,,,,,,,,,,,,,,,,,,,,,,,,,,,,,,,,,,,,,,,,,,,,,,,,
97.52778,28.660158,0.00050572655,97.52778,28.660158,0.0005503495,,,,,,,,,,,,,,,,,,,,,,,,,,,,,,,,,,,,,,,,,,,,,,,,,,,,,,,,,,,,,97.52778,28.660158,-0.56994665,97.52778,28.660158,-0.1698385,,,,,,,,,,,,,,,,,,,,,,,,,,,,,,,,,,,,,,,,,,,,,,,,,,,,,,,,,,,,,,,
97.52778,28.690138,0.0006395954,97.52778,28.690138,0.0006395953,,,,,,,,,,,,,,,,,,,,,,,,,,,,,,,,,,,,,,,,,,,,,,,,,,,,,,,,,,,,,97.52778,28.690138,-0.108912826,97.52778,28.690138,0.16347146,,,,,,,,,,,,,,,,,,,,,,,,,,,,,,,,,,,,,,,,,,,,,,,,,,,,,,,,,,,,,,,
97.52778,28.720118,0.0006842183,97.52778,28.720118,0.00040160638,,,,,,,,,,,,,,,,,,,,,,,,,,,,,,,,,,,,,,,,,,,,,,,,,,,,,,,,,,,,,97.52778,28.720118,0.04271154,97.52778,28.720118,-0.67944723,,,,,,,,,,,,,,,,,,,,,,,,,,,,,,,,,,,,,,,,,,,,,,,,,,,,,,,,,,,,,,,
97.52778,28.750097,0.0007883385,97.52778,28.750097,0.0006098468,,,,,,,,,,,,,,,,,,,,,,,,,,,,,,,,,,,,,,,,,,,,,,,,,,,,,,,,,,,,,97.52778,28.750097,0.3523003,97.52778,28.750097,0.083370395,,,,,,,,,,,,,,,,,,,,,,,,,,,,,,,,,,,,,,,,,,,,,,,,,,,,,,,,,,,,,,,
97.52778,28.780075,0.0005949724,97.52778,28.780075,0.00068421836,,,,,,,,,,,,,,,,,,,,,,,,,,,,,,,,,,,,,,,,,,,,,,,,,,,,,,,,,,,,,97.52778,28.780075,-0.2708137,97.52778,28.780075,0.36175713,,,,,,,,,,,,,,,,,,,,,,,,,,,,,,,,,,,,,,,,,,,,,,,,,,,,,,,,,,,,,,,
97.52778,28.810055,0.00066934404,97.52778,28.810055,0.0006395953,,,,,,,,,,,,,,,,,,,,,,,,,,,,,,,,,,,,,,,,,,,,,,,,,,,,,,,,,,,,,97.52778,28.810055,-0.022705423,97.52778,28.810055,0.19154868,,,,,,,,,,,,,,,,,,,,,,,,,,,,,,,,,,,,,,,,,,,,,,,,,,,,,,,,,,,,,,,
97.52778,28.840034,0.0006544697,97.52778,28.840034,0.0005503495,,,,,,,,,,,,,,,,,,,,,,,,,,,,,,,,,,,,,,,,,,,,,,,,,,,,,,,,,,,,,97.52778,28.840034,-0.069414586,97.52778,28.840034,-0.14964856,,,,,,,,,,,,,,,,,,,,,,,,,,,,,,,,,,,,,,,,,,,,,,,,,,,,,,,,,,,,,,,
97.52778,28.870014,0.0006842183,97.52778,28.870014,0.0004908522,,,,,,,,,,,,,,,,,,,,,,,,,,,,,,,,,,,,,,,,,,,,,,,,,,,,,,,,,,,,,97.52778,28.870014,0.026862541,97.52778,28.870014,-0.38126177,,,,,,,,,,,,,,,,,,,,,,,,,,,,,,,,,,,,,,,,,,,,,,,,,,,,,,,,,,,,,,,
97.52778,28.899992,0.0006990927,97.52778,28.899992,0.00041648073,,,,,,,,,,,,,,,,,,,,,,,,,,,,,,,,,,,,,,,,,,,,,,,,,,,,,,,,,,,,,97.52778,28.899992,0.045438964,97.52778,28.899992,-0.64761823,,,,,,,,,,,,,,,,,,,,,,,,,,,,,,,,,,,,,,,,,,,,,,,,,,,,,,,,,,,,,,,
97.52778,28.929972,0.0006098468,97.52778,28.929972,0.0006247211,,,,,,,,,,,,,,,,,,,,,,,,,,,,,,,,,,,,,,,,,,,,,,,,,,,,,,,,,,,,,97.52778,28.929972,-0.1795632,97.52778,28.929972,0.16258974,,,,,,,,,,,,,,,,,,,,,,,,,,,,,,,,,,,,,,,,,,,,,,,,,,,,,,,,,,,,,,,
97.52778,28.959951,0.00068421825,97.52778,28.959951,0.0005354752,,,,,,,,,,,,,,,,,,,,,,,,,,,,,,,,,,,,,,,,,,,,,,,,,,,,,,,,,,,,,97.52778,28.959951,0.02192541,97.52778,28.959951,-0.17753257,,,,,,,,,,,,,,,,,,,,,,,,,,,,,,,,,,,,,,,,,,,,,,,,,,,,,,,,,,,,,,,
97.52778,28.989931,0.0007883385,97.52778,28.989931,0.00055034953,,,,,,,,,,,,,,,,,,,,,,,,,,,,,,,,,,,,,,,,,,,,,,,,,,,,,,,,,,,,,97.52778,28.989931,0.3687309,97.52778,28.989931,-0.17761005,,,,,,,,,,,,,,,,,,,,,,,,,,,,,,,,,,,,,,,,,,,,,,,,,,,,,,,,,,,,,,,
97.52778,29.01991,0.0005503495,97.52778,29.01991,0.0006098468,,,,,,,,,,,,,,,,,,,,,,,,,,,,,,,,,,,,,,,,,,,,,,,,,,,,,,,,,,,,,97.52778,29.01991,-0.4129187,97.52778,29.01991,0.08869047,,,,,,,,,,,,,,,,,,,,,,,,,,,,,,,,,,,,,,,,,,,,,,,,,,,,,,,,,,,,,,,
97.52778,29.049889,0.000669344,97.52778,29.049889,0.0006098467,,,,,,,,,,,,,,,,,,,,,,,,,,,,,,,,,,,,,,,,,,,,,,,,,,,,,,,,,,,,,97.52778,29.049889,0.029071225,97.52778,29.049889,0.07742869,,,,,,,,,,,,,,,,,,,,,,,,,,,,,,,,,,,,,,,,,,,,,,,,,,,,,,,,,,,,,,,
97.52778,29.079868,0.0006395953,97.52778,29.079868,0.0005652238,,,,,,,,,,,,,,,,,,,,,,,,,,,,,,,,,,,,,,,,,,,,,,,,,,,,,,,,,,,,,97.52778,29.079868,-0.1035378,97.52778,29.079868,-0.09564474,,,,,,,,,,,,,,,,,,,,,,,,,,,,,,,,,,,,,,,,,,,,,,,,,,,,,,,,,,,,,,,
97.52778,29.109848,0.0004462293,97.52778,29.109848,0.0005354752,,,,,,,,,,,,,,,,,,,,,,,,,,,,,,,,,,,,,,,,,,,,,,,,,,,,,,,,,,,,,97.52778,29.109848,-0.7423836,97.52778,29.109848,-0.27424365,,,,,,,,,,,,,,,,,,,,,,,,,,,,,,,,,,,,,,,,,,,,,,,,,,,,,,,,,,,,,,,
97.52778,29.139828,0.00068421836,97.52778,29.139828,0.00041648067,,,,,,,,,,,,,,,,,,,,,,,,,,,,,,,,,,,,,,,,,,,,,,,,,,,,,,,,,,,,,97.52778,29.139828,0.0421533,97.52778,29.139828,-0.63895684,,,,,,,,,,,,,,,,,,,,,,,,,,,,,,,,,,,,,,,,,,,,,,,,,,,,,,,,,,,,,,,
97.52778,29.169806,0.00065446965,97.52778,29.169806,0.0005503495,,,,,,,,,,,,,,,,,,,,,,,,,,,,,,,,,,,,,,,,,,,,,,,,,,,,,,,,,,,,,97.52778,29.169806,-0.06184682,97.52778,29.169806,-0.14944156,,,,,,,,,,,,,,,,,,,,,,,,,,,,,,,,,,,,,,,,,,,,,,,,,,,,,,,,,,,,,,,
97.52778,29.199785,0.000669344,97.52778,29.199785,0.0006842183,,,,,,,,,,,,,,,,,,,,,,,,,,,,,,,,,,,,,,,,,,,,,,,,,,,,,,,,,,,,,97.52778,29.199785,-0.00080417923,97.52778,29.199785,0.31256616,,,,,,,,,,,,,,,,,,,,,,,,,,,,,,,,,,,,,,,,,,,,,,,,,,,,,,,,,,,,,,,
97.52778,29.229765,0.00068421825,97.52778,29.229765,0.00049085234,,,,,,,,,,,,,,,,,,,,,,,,,,,,,,,,,,,,,,,,,,,,,,,,,,,,,,,,,,,,,97.52778,29.229765,0.037553597,97.52778,29.229765,-0.3713329,,,,,,,,,,,,,,,,,,,,,,,,,,,,,,,,,,,,,,,,,,,,,,,,,,,,,,,,,,,,,,,
97.52778,29.259745,0.00065446965,97.52778,29.259745,0.0007734641,,,,,,,,,,,,,,,,,,,,,,,,,,,,,,,,,,,,,,,,,,,,,,,,,,,,,,,,,,,,,97.52778,29.259745,-0.047901675,97.52778,29.259745,0.65864015,,,,,,,,,,,,,,,,,,,,,,,,,,,,,,,,,,,,,,,,,,,,,,,,,,,,,,,,,,,,,,,
97.52778,29.289722,0.0006247211,97.52778,29.289722,0.00072884123,,,,,,,,,,,,,,,,,,,,,,,,,,,,,,,,,,,,,,,,,,,,,,,,,,,,,,,,,,,,,97.52778,29.289722,-0.12939973,97.52778,29.289722,0.48633492,,,,,,,,,,,,,,,,,,,,,,,,,,,,,,,,,,,,,,,,,,,,,,,,,,,,,,,,,,,,,,,
97.52778,29.319702,0.00069909263,97.52778,29.319702,0.00044622936,,,,,,,,,,,,,,,,,,,,,,,,,,,,,,,,,,,,,,,,,,,,,,,,,,,,,,,,,,,,,97.52778,29.319702,0.08270714,97.52778,29.319702,-0.5833996,,,,,,,,,,,,,,,,,,,,,,,,,,,,,,,,,,,,,,,,,,,,,,,,,,,,,,,,,,,,,,,
97.52778,29.349682,0.0005949724,97.52778,29.349682,0.00065446965,,,,,,,,,,,,,,,,,,,,,,,,,,,,,,,,,,,,,,,,,,,,,,,,,,,,,,,,,,,,,97.52778,29.349682,-0.2305992,97.52778,29.349682,0.22679856,,,,,,,,,,,,,,,,,,,,,,,,,,,,,,,,,,,,,,,,,,,,,,,,,,,,,,,,,,,,,,,
97.52778,29.379662,0.000669344,97.52778,29.379662,0.00068421825,,,,,,,,,,,,,,,,,,,,,,,,,,,,,,,,,,,,,,,,,,,,,,,,,,,,,,,,,,,,,97.52778,29.379662,0.028002407,97.52778,29.379662,0.39004597,,,,,,,,,,,,,,,,,,,,,,,,,,,,,,,,,,,,,,,,,,,,,,,,,,,,,,,,,,,,,,,
97.52778,29.40964,0.0006395953,97.52778,29.40964,0.0005800982,,,,,,,,,,,,,,,,,,,,,,,,,,,,,,,,,,,,,,,,,,,,,,,,,,,,,,,,,,,,,97.52778,29.40964,-0.0943664,97.52778,29.40964,-0.03023317,,,,,,,,,,,,,,,,,,,,,,,,,,,,,,,,,,,,,,,,,,,,,,,,,,,,,,,,,,,,,,,
97.52778,29.43962,0.00065446965,97.52778,29.43962,0.0005800981,,,,,,,,,,,,,,,,,,,,,,,,,,,,,,,,,,,,,,,,,,,,,,,,,,,,,,,,,,,,,97.52778,29.43962,-0.044161525,97.52778,29.43962,-0.04789047,,,,,,,,,,,,,,,,,,,,,,,,,,,,,,,,,,,,,,,,,,,,,,,,,,,,,,,,,,,,,,,
97.52778,29.469599,0.00050572655,97.52778,29.469599,0.00041648073,,,,,,,,,,,,,,,,,,,,,,,,,,,,,,,,,,,,,,,,,,,,,,,,,,,,,,,,,,,,,97.52778,29.469599,-0.5508697,97.52778,29.469599,-0.61031747,,,,,,,,,,,,,,,,,,,,,,,,,,,,,,,,,,,,,,,,,,,,,,,,,,,,,,,,,,,,,,,
97.52778,29.499578,0.0008032128,97.52778,29.499578,0.0007883385,,,,,,,,,,,,,,,,,,,,,,,,,,,,,,,,,,,,,,,,,,,,,,,,,,,,,,,,,,,,,97.52778,29.499578,0.45239577,97.52778,29.499578,0.7016146,,,,,,,,,,,,,,,,,,,,,,,,,,,,,,,,,,,,,,,,,,,,,,,,,,,,,,,,,,,,,,,
97.52778,29.529556,0.00072884123,97.52778,29.529556,0.0006395953,,,,,,,,,,,,,,,,,,,,,,,,,,,,,,,,,,,,,,,,,,,,,,,,,,,,,,,,,,,,,97.52778,29.529556,0.19444746,97.52778,29.529556,0.17212492,,,,,,,,,,,,,,,,,,,,,,,,,,,,,,,,,,,,,,,,,,,,,,,,,,,,,,,,,,,,,,,
97.52778,29.559536,0.0004908523,97.52778,29.559536,0.0007437156,,,,,,,,,,,,,,,,,,,,,,,,,,,,,,,,,,,,,,,,,,,,,,,,,,,,,,,,,,,,,97.52778,29.559536,-0.61949414,97.52778,29.559536,0.5448852,,,,,,,,,,,,,,,,,,,,,,,,,,,,,,,,,,,,,,,,,,,,,,,,,,,,,,,,,,,,,,,
97.52778,29.589516,0.00062472105,97.52778,29.589516,0.0005503495,,,,,,,,,,,,,,,,,,,,,,,,,,,,,,,,,,,,,,,,,,,,,,,,,,,,,,,,,,,,,97.52778,29.589516,-0.15802476,97.52778,29.589516,-0.13672516,,,,,,,,,,,,,,,,,,,,,,,,,,,,,,,,,,,,,,,,,,,,,,,,,,,,,,,,,,,,,,,
97.52778,29.619495,0.0005652238,97.52778,29.619495,0.00047597795,,,,,,,,,,,,,,,,,,,,,,,,,,,,,,,,,,,,,,,,,,,,,,,,,,,,,,,,,,,,,97.52778,29.619495,-0.3600366,97.52778,29.619495,-0.39607775,,,,,,,,,,,,,,,,,,,,,,,,,,,,,,,,,,,,,,,,,,,,,,,,,,,,,,,,,,,,,,,
97.52778,29.649473,0.0006247211,97.52778,29.649473,0.00040160638,,,,,,,,,,,,,,,,,,,,,,,,,,,,,,,,,,,,,,,,,,,,,,,,,,,,,,,,,,,,,97.52778,29.649473,-0.1509481,97.52778,29.649473,-0.68410784,,,,,,,,,,,,,,,,,,,,,,,,,,,,,,,,,,,,,,,,,,,,,,,,,,,,,,,,,,,,,,,
97.52778,29.679453,0.0008180872,97.52778,29.679453,0.00068421825,,,,,,,,,,,,,,,,,,,,,,,,,,,,,,,,,,,,,,,,,,,,,,,,,,,,,,,,,,,,,97.52778,29.679453,0.4938453,97.52778,29.679453,0.3520759,,,,,,,,,,,,,,,,,,,,,,,,,,,,,,,,,,,,,,,,,,,,,,,,,,,,,,,,,,,,,,,
97.52778,29.709433,0.0006842183,97.52778,29.709433,0.0006247211,,,,,,,,,,,,,,,,,,,,,,,,,,,,,,,,,,,,,,,,,,,,,,,,,,,,,,,,,,,,,97.52778,29.709433,0.07741288,97.52778,29.709433,0.11219278,,,,,,,,,,,,,,,,,,,,,,,,,,,,,,,,,,,,,,,,,,,,,,,,,,,,,,,,,,,,,,,
97.52778,29.739412,0.0006544697,97.52778,29.739412,0.0005949725,,,,,,,,,,,,,,,,,,,,,,,,,,,,,,,,,,,,,,,,,,,,,,,,,,,,,,,,,,,,,97.52778,29.739412,-0.037049193,97.52778,29.739412,-0.019867977,,,,,,,,,,,,,,,,,,,,,,,,,,,,,,,,,,,,,,,,,,,,,,,,,,,,,,,,,,,,,,,
97.52778,29.76939,0.0007139669,97.52778,29.76939,0.0005800982,,,,,,,,,,,,,,,,,,,,,,,,,,,,,,,,,,,,,,,,,,,,,,,,,,,,,,,,,,,,,97.52778,29.76939,0.1261521,97.52778,29.76939,-0.035305306,,,,,,,,,,,,,,,,,,,,,,,,,,,,,,,,,,,,,,,,,,,,,,,,,,,,,,,,,,,,,,,
97.52778,29.79937,0.0007288412,97.52778,29.79937,0.0006395953,,,,,,,,,,,,,,,,,,,,,,,,,,,,,,,,,,,,,,,,,,,,,,,,,,,,,,,,,,,,,97.52778,29.79937,0.18940772,97.52778,29.79937,0.1926889,,,,,,,,,,,,,,,,,,,,,,,,,,,,,,,,,,,,,,,,,,,,,,,,,,,,,,,,,,,,,,,
97.52778,29.82935,0.0005652238,97.52778,29.82935,0.00044622936,,,,,,,,,,,,,,,,,,,,,,,,,,,,,,,,,,,,,,,,,,,,,,,,,,,,,,,,,,,,,97.52778,29.82935,-0.33060807,97.52778,29.82935,-0.524796,,,,,,,,,,,,,,,,,,,,,,,,,,,,,,,,,,,,,,,,,,,,,,,,,,,,,,,,,,,,,,,
97.52778,29.85933,0.00083296135,97.52778,29.85933,0.00062472105,,,,,,,,,,,,,,,,,,,,,,,,,,,,,,,,,,,,,,,,,,,,,,,,,,,,,,,,,,,,,97.52778,29.85933,0.5322238,97.52778,29.85933,0.17364785,,,,,,,,,,,,,,,,,,,,,,,,,,,,,,,,,,,,,,,,,,,,,,,,,,,,,,,,,,,,,,,
97.52778,29.889309,0.0007585899,97.52778,29.889309,0.00068421836,,,,,,,,,,,,,,,,,,,,,,,,,,,,,,,,,,,,,,,,,,,,,,,,,,,,,,,,,,,,,97.52778,29.889309,0.2911547,97.52778,29.889309,0.30395567,,,,,,,,,,,,,,,,,,,,,,,,,,,,,,,,,,,,,,,,,,,,,,,,,,,,,,,,,,,,,,,
97.52778,29.919287,0.00065446977,97.52778,29.919287,0.0005949724,,,,,,,,,,,,,,,,,,,,,,,,,,,,,,,,,,,,,,,,,,,,,,,,,,,,,,,,,,,,,97.52778,29.919287,-0.06591562,97.52778,29.919287,0.002406703,,,,,,,,,,,,,,,,,,,,,,,,,,,,,,,,,,,,,,,,,,,,,,,,,,,,,,,,,,,,,,,
97.52778,29.949266,0.0005503495,97.52778,29.949266,0.00071396696,,,,,,,,,,,,,,,,,,,,,,,,,,,,,,,,,,,,,,,,,,,,,,,,,,,,,,,,,,,,,97.52778,29.949266,-0.4141916,97.52778,29.949266,0.44593206,,,,,,,,,,,,,,,,,,,,,,,,,,,,,,,,,,,,,,,,,,,,,,,,,,,,,,,,,,,,,,,
97.52778,29.979246,0.0007585899,97.52778,29.979246,0.0005206009,,,,,,,,,,,,,,,,,,,,,,,,,,,,,,,,,,,,,,,,,,,,,,,,,,,,,,,,,,,,,97.52778,29.979246,0.30529496,97.52778,29.979246,-0.24072722,,,,,,,,,,,,,,,,,,,,,,,,,,,,,,,,,,,,,,,,,,,,,,,,,,,,,,,,,,,,,,,
